{"problem":"100.40.3","tabu_size":6,"reset_after":375,"iterations":18397,"solution":{"truck_routes":[[[0,47,80,78,48,88,1,41,0],[0,12,36,37,42,29,63,25,0],[0,72,74,86,33,23,83,0]],[[0,5,87,68,58,51,49,9,0],[0,46,26,60,31,20,90,21,98,54,0],[0,40,32,67,85,84,56,0]],[[0,50,13,95,7,73,91,65,0],[0,61,39,14,43,79,92,99,89,77,0],[0,70,10,97,15,2,59,100,24,0]],[[0,69,53,81,3,44,8,71,66,52,34,75,28,0],[0,11,55,45,76,57,93,0],[0,62,35,17,30,19,22,27,0]]],"drone_routes":[[[0,64,0],[0,6,16,0],[0,82,0],[0,18,0],[0,94,0],[0,96,0],[0,38,4,0]],[],[],[]],"truck_working_time":[15262.917001359594,15200.558017085725,15218.370444016313,15258.6230379004],"drone_working_time":[3941.531776143704,-0.0,-0.0,-0.0],"working_time":15262.917001359594,"energy_violation":0.0,"capacity_violation":0.0,"waiting_time_violation":0.0,"fixed_time_violation":0.0,"feasible":true},"config":{"customers_count":100,"trucks_count":4,"drones_count":4,"x":[0.0,14504.927702166267,27089.347435570755,-21631.8804485529,-4101.195770908717,-26083.013712813645,-9211.19152401356,-19401.995622068374,-28772.030819136115,-10222.845495467624,26949.83741331126,30932.77575297175,21277.237832607258,-19895.771640491592,-6000.6978765225085,30955.67013058498,-8682.055643157306,21216.398182252055,2055.5837577306897,7636.629946218904,-12700.33982987253,-7460.999492823139,6752.92611800755,4193.046861161742,10536.69288690534,11246.147046807873,-24361.217609318555,4394.591933570573,-12059.816169223497,15209.459057631806,15594.960677537834,-13127.44857867574,-27511.80021339918,7033.497025926799,-21519.435033365357,12873.24855225254,31131.825228503218,25760.687112434156,-6597.264140366305,-6599.22619608587,-18928.75600749457,7179.746753975378,26593.982902051775,4792.607865440673,-27807.368982526175,15539.602227704057,-18324.282370775913,26190.134883343195,16644.626816003816,-22374.79079073118,-13746.814110881696,-32052.33626275316,-21665.985660310766,-18640.335665630395,-4201.813507759597,23166.738640346517,-9846.20128160246,12394.616876500808,-29895.19647298824,22696.949136618467,-20715.12211696676,-2267.4228164637575,10768.917328306994,14492.432300476836,6471.701673686288,-4552.877647223384,-23110.474725502518,-24817.91415591713,-29134.050350730864,-16674.605172126598,27397.857544759252,-26487.740961521708,96.98491240047898,-13270.691214129514,-2127.7174391825924,-19008.04833535299,12789.513206398373,-1500.1678202229,25849.016022127347,5663.310922470413,30681.642967796146,-19414.406162396306,10618.62538094093,1821.821021748579,-14941.86469689464,-20417.43953851939,-349.6678446389106,-25885.409268884916,15289.650124894713,2130.033887032854,-11135.493195442812,-13664.465431740791,4192.798519219562,4217.723039044627,5796.964319692998,-21642.938459544388,-8262.219279287852,26590.733269655637,-7146.939949053413,2747.4460155046645,18697.631278263783],"y":[0.0,27154.933411031652,14538.257666378058,11505.225432715404,-2078.9970785883293,-24720.833121980995,1346.2909838393282,28081.622651234175,16716.86540206366,-15059.228076634978,23162.879939047256,-31377.61301790895,-13020.6521919823,21748.15574488252,-29629.16135375839,13424.014298605833,229.27628073107118,-17546.96599378477,8000.10592741869,-19050.39299830429,-25335.36552326698,-21142.119151077564,-19655.363032234036,19729.178032050095,2875.8400982744815,-2650.235037902834,-30473.64571022324,-16129.896230764622,2767.0867379165666,-3775.0575473439694,-19762.21365633395,-29438.626699821492,-8657.433135459214,22375.835773162766,5948.564457225022,-8196.81630314371,-16433.245632150298,-6714.424794228335,-6226.19739423035,-28726.46641815367,-899.2298372279487,13373.716811290793,-2314.4567845407946,-30228.63537843348,15980.81310780666,-30592.0703509451,-27108.32572418787,27687.091714962145,32172.665350098312,-17865.145334288885,16052.321118764334,-21444.699705290564,9694.665862176622,8229.739569504045,-10830.692411557904,-26013.99261640942,-9009.634879883477,-23402.758463491795,-24445.30620403992,14074.107029730174,-30877.56065981071,-23778.598893847236,-9274.82249051425,-3933.4166660312676,-5410.115102306235,12762.793501107572,10386.777884777177,-8393.71228797161,-28407.117144066524,9825.64442177185,25828.57707553886,12255.898137436574,12788.93600344273,22708.12422436546,30165.153776664883,3598.4483746901824,-31492.12783560689,-11286.991507894378,31988.0660141276,-28645.976154684548,29446.92865042145,11809.516989986238,-133.97892845331017,14205.035158099532,-11164.097973603179,-9265.282905840077,27374.917685197048,-26351.143646265064,28697.571343677857,-25433.0972728016,-21638.655320027367,20536.646569084012,-27542.608516484004,-9514.251680389123,-3528.027022900292,21782.733538132106,-2725.1342766023963,19642.02964406843,-20072.397875676772,-27492.63195757723,5844.9788211178275],"demands":[0.0,0.945829395768458,0.17162161083281247,27.933041596432354,0.8454678409612519,0.7639479657530225,0.5693571727669009,0.6216281362942291,0.96434349517547,0.8696586541690476,0.48628213674185916,0.3598558256526441,6.5966838236126275,0.7249559500449914,0.0008655737180155412,0.45739235621279273,0.861376533389874,0.9987505827185181,1.0903858002286495,0.7649746449796438,0.36261104148722456,25.841964956936486,1.088016650439991,19.086894594703796,4.751870814877258,0.4335344363319472,0.5848698773801271,0.6395824264736638,0.8089315312053975,0.4375788711535254,0.2624438438641981,1.112226235969325,0.2221693073539669,0.20885078266441057,0.8302282412027879,0.9719882616083368,0.5399358848124729,0.8472137242032576,0.9655551820946968,0.17513762981749256,1.3086291911917447,1.049246828574471,0.626566236814815,0.6121635493139495,0.5787153066371007,10.515933636768217,0.09946572530304768,1.1296212115996593,0.2319631283547622,0.2737870887644491,1.0169503580911903,0.9017912044535782,1.1318463041775897,0.3891800642182173,0.8429647782808635,0.3793425820514152,0.21341414709676856,0.3241586024093915,0.6684333340760631,0.3819898198307751,0.15973453401918436,0.08740077345937991,0.803418259295336,1.036113189417177,0.5223614082567565,0.5665715257580565,0.6084136957933395,1.1243329507049895,5.54378395751867,0.1780497863261774,0.8638060731691665,0.6819871836682883,0.2807522954834918,0.7169544923916421,0.17265071902929144,0.6036232176575863,0.5424964300416156,0.2948592077784145,0.7054943871991889,26.298371391938062,0.4091502084382533,1.493580613967818,0.040654236158619766,0.8638615657608405,10.800430657920115,1.1294635933499186,0.28440287750415943,0.4415400416450639,0.35436077141895844,0.07599573217374593,1.0186495028877778,26.233878933825686,0.40836666578843334,0.060482667889711586,0.4566872668564709,0.24390061921215564,0.7704527082563183,0.10741299137181794,23.0915947864586,1.0110579351263413,0.8153401691633338],"dronable":[true,true,true,false,true,true,true,true,true,true,true,true,false,true,true,true,true,true,true,true,true,false,true,false,false,true,true,true,true,true,true,true,true,true,true,true,true,true,true,true,true,true,true,true,true,false,true,true,true,true,true,true,true,true,true,true,true,true,true,true,true,true,true,true,true,true,true,true,false,true,true,true,true,true,true,true,true,true,true,false,true,true,true,true,false,true,true,true,true,true,true,false,true,true,true,true,true,true,false,true,true],"distances":[[0.0,30786.089979122607,30744.002349386203,24501.193113766654,4598.046933655458,35936.655306075125,9309.057347832073,34132.3155505903,33275.86732645795,18201.288973265433,35536.076649999355,44061.22120964518,24945.104395249724,29475.820726050293,30230.70587221462,33741.03841204009,8685.08248687285,27532.37307997455,8259.970910055668,20524.024710697668,28340.419509805986,22419.984737511928,20783.053362876708,20169.83162548033,10922.103884499771,11554.201363770379,39014.25388599377,16717.83450922512,12373.194213727442,15670.95097023588,25174.349785695427,32232.943523004822,28841.815121051906,23455.236237592486,22326.47538813489,15261.334338633522,35202.87067931615,26621.35422592321,9071.352056319056,29474.72916347861,18950.103384715945,15179.099604384377,26694.505741858735,30606.200139745608,32072.358150235912,34312.592524500964,32720.64559223419,38111.654553960725,36223.25216726751,28632.056872398334,21134.140898060265,38564.58745210028,23736.079727116787,20376.229462519143,11617.191350226138,34834.25887078306,13346.205466223082,26482.364532189633,38617.29881242137,26706.403516657687,37182.52326861553,23886.46000526435,14212.385888880854,15016.736018606602,8435.18037586606,13550.556919274572,25337.308398205736,26198.917325410937,40690.996476808476,19354.217781904994,37653.12725113244,29185.740703293726,12789.3037407588,26301.523740840334,30240.100592935225,19345.664429644847,33990.083313679075,11386.249636649994,41126.73092571766,29200.428771840463,42526.28389768293,22724.081019378216,10619.47057691825,14321.384558698535,18651.98124019314,22421.358224566753,27377.15079903109,36938.28886783697,32516.51890912023,25522.13708229968,24335.788722880996,24667.214432089997,27859.91463222863,10407.217335670237,6786.145444809476,30706.746254803533,8700.035876049544,33058.68152779893,21306.80424453299,27629.5724100629,19589.925799686534],[30786.089979122607,0.0,17819.880102633422,39379.9728685592,34652.71306214341,65867.10971109539,35050.53972601632,33919.58434685534,44517.955957280516,48923.39110712193,13069.516771546436,60794.187082618686,40742.38411099645,34823.0004450379,60373.123976070936,21428.137252644156,35533.46603632721,45202.91634843253,22844.99027300798,46713.01427501366,59121.553292364,53057.58422433795,47447.838535250594,12707.349425728,24601.245083097296,29982.790357621783,69509.93010288666,44449.919757779884,36061.78978231544,30938.01391679873,46929.80780727969,62979.19708083605,55208.0702650516,8869.162901995664,41802.68884540961,35389.385198134776,46651.72101489715,35690.6926962485,39491.80160991722,59733.710404012105,43644.55615489336,15607.056317342864,31852.63276598624,58199.68319180209,43762.89998713956,57756.27234214094,63421.27660327686,11697.318467386916,5454.901109102424,58197.26047117875,30355.047606345932,67301.58368820387,40164.610247746954,38167.67540288507,42342.05871032869,53869.858581959175,43598.77845137872,50601.71557823089,68073.16472077629,15434.287609095438,67883.88820143235,53624.02870889066,36620.82588582353,31088.352588213504,33541.24483528747,23881.65898596775,41183.60765581531,53009.35863438737,70650.56169195347,35671.662803020416,12960.97454108782,43616.28292570031,20346.269853415775,28129.328433610124,16902.84919910572,40963.73457289654,58672.14364380479,41640.66130782684,12330.754663449696,56497.04147687944,16338.278947387582,37229.06142989576,27564.253706640713,18126.253331236163,48326.61532582248,50457.941795727704,14856.224350084523,67039.38844214227,1730.7573694691462,54024.429364312724,55120.28197553309,28936.420481028876,55661.127379870006,38084.84889099374,31894.712528266005,36544.88691348392,37565.428610528696,14230.615560361653,51954.058486805836,55898.07488928902,21718.492763108818],[30744.002349386203,17819.880102633422,0.0,48815.543949311315,35340.95557245688,66095.20557213538,38623.27165983626,48423.83415649897,55903.84523609647,47625.73782767979,8625.7505408244,46076.44866878487,28165.122591923726,47535.08225399615,55187.96971856001,4023.678598572013,38527.13623558891,32618.294103995217,25873.475839933104,38815.018629321836,56330.498301999585,49667.049063820996,39784.08888596034,23477.355776075616,20248.514911969833,23376.297397227256,68361.04218795145,38152.16364446969,40880.52685548468,21829.09210181293,36175.174635424104,59593.26337942569,59323.90240332352,21532.876404093502,49361.89383056246,26813.822104651696,31234.20630137902,21294.174086487696,39572.091092486924,54833.89775901591,48538.457586955235,19943.629426555,16859.993190546593,50012.19159708761,54915.66661427819,46584.79495841775,61618.46866236827,13179.545517630257,20495.475675779242,59132.74470624829,40864.2200217478,69227.97102244088,48995.33535813473,46162.76981632351,40283.00362731421,40741.52504212634,43803.401721886345,40687.29299389071,69043.14952625963,4416.853929001908,65938.33379330167,48270.088629373975,28869.00111615675,22358.108675899843,28688.41042792259,31691.997115870847,50371.191462783805,56747.150165575265,70748.67967846661,44016.95436354062,11294.533671132445,53625.68009945618,27048.988167076823,41178.62843005605,33133.619813374506,47377.73025588793,48200.432035855825,38526.6644997269,17493.834153448577,48207.39664587703,15335.353197800952,46583.743134052995,22058.087217516804,25269.723550391776,49266.96539029354,53136.64792188924,30293.22366448189,66919.8624296453,18431.468211614192,47124.05488164309,52629.91045491466,41192.886918155586,47906.6931751588,33190.87839169207,27924.11540635387,49267.820321378786,39341.55526376736,5128.070249782924,48682.859929685175,48570.81271015885,12082.797571185902],[24501.193113766654,39379.9728685592,48815.543949311315,0.0,22177.826911210203,36498.49182835506,16046.104277884251,16725.708687093134,8839.849460519557,28910.833070168686,49960.82684462669,67837.90175975986,49423.790879780165,10389.018008134357,44004.223034833565,52622.54485128261,17171.050980314954,51768.76286241643,23945.39252696388,42311.83662323033,37907.80341577639,35590.2089827298,42150.67635641205,27102.7723103772,33305.90640845883,35795.83429843387,42067.504130535046,37961.522809455084,12960.689889707055,39884.47498163487,48615.74279402313,41817.75207827925,21002.529775667866,30657.36510087338,5557.798590083526,39733.793877803306,59703.99318485609,50774.118548871855,23247.43089036557,42948.454256905454,12695.565851425148,28872.151324230723,50166.89658028631,49396.039526066575,7626.764954465566,56159.606806389515,38754.95501211297,50485.62118841977,43499.81702389442,29379.765056375374,9102.21678095838,34558.40658907609,1810.8807591717984,4436.005841782483,28331.96886039977,58434.64721627125,23659.28416228467,48748.02416416226,36887.98065339217,44403.201292819474,42392.69987631548,40248.35994786258,38491.84443838318,39285.081665218735,32801.525475459035,17125.23909714726,1853.9595338941992,20152.38281683438,40611.29945233893,5234.077811667461,51079.091710569905,4913.541577215266,21766.752231415616,13979.071025994246,26992.689760329893,8330.76337459978,55078.1692617867,30410.047787162075,51710.56263417565,48550.45273622908,55304.69642431051,2238.2550260397056,34286.53094757859,23608.580753855163,23635.873888174712,20805.981913045245,26547.687385282192,38094.58212488206,40728.07603862738,43921.1595610661,34766.23328345026,12043.515674111473,46815.03369552093,33316.968928375514,31278.430342886542,10277.514054308713,19525.649214239435,48904.27442043739,34741.32690443405,45991.13436168648,40724.78247735089],[4598.046933655458,34652.71306214341,35340.95557245688,22177.826911210203,0.0,31557.139595453333,6151.800948288148,33819.779102948116,31015.06969794565,14351.341125931167,40016.484318102834,45670.428689644235,27636.655166436645,28586.742356782182,27615.569156511836,38331.80413960088,5129.561684054596,29668.815715134406,11810.76845806288,20635.03893937237,24795.240506626622,19356.934266572698,20657.700794520362,23332.187263433414,15453.743747318425,15357.970060222115,34881.579032590394,16419.688660392134,9317.948647694016,19384.994480801666,26469.505612631685,28810.112335094793,24317.323481771036,26870.434188657717,19179.072011321507,18043.26667054613,38044.844858172815,30219.517525026928,4840.416073342037,26764.300443093696,14874.420772365185,19132.329466434596,30696.081753834576,29521.21067188896,29801.66760951181,34623.06013998615,28788.25254989874,42468.632599493394,40044.544371691314,24148.017552160214,20537.34775315632,34004.36285273829,21145.708380226526,17822.92456803906,8752.27371201852,36282.5613546237,9002.156888804078,26959.499893335116,34140.62471768988,31289.987900588923,33247.252713178415,21776.947494753287,16519.690279856506,18685.87372491072,11085.238277180237,14848.662031608812,22732.09695146563,21657.748008954255,36329.24049022712,17315.05452554892,42083.52474486187,26582.825779547427,15449.276849790222,26428.7916706495,32304.487011901598,15951.414992188986,33917.96442426275,9568.307468428264,45360.555267884505,28304.59270497952,46943.90124173521,20673.297645198192,14847.768530886886,17327.77636661986,14144.227127539927,17828.699186285394,29691.86852816637,32614.24622351695,36375.84457308488,24171.102972999863,20786.090800790345,24554.49987689209,26780.32577742123,11157.393116682562,10003.662377284296,29615.78843419902,4210.891819548595,37600.4988014442,18249.356970681605,26320.27226457144,24136.609307796396],[35936.655306075125,65867.10971109539,66095.20557213538,36498.49182835506,31557.139595453333,0.0,31050.81871897625,53223.44726162718,41524.85607401556,18571.255960078965,71451.61492280362,57403.07454300331,48784.0922867306,46879.087989957705,20673.43936986327,68618.07953686138,30418.765605284498,47840.34631137297,43156.00213045519,34193.10251627273,13396.776117013545,18962.7689775272,33224.35750775974,53781.44043694362,45853.89061219416,43365.62628172896,6004.9508322258,31665.259237930986,30858.318288116472,46301.121173477426,41971.91270704597,13787.82956770219,16126.817726732184,57574.295519163,31007.06690796346,42315.87765241124,57811.952929151485,54881.691447363024,26865.330578690493,19891.28135893724,24872.719722022248,50572.778927892825,57244.31563865135,31363.033870143154,40738.15664596244,42034.67121711091,8117.760341591219,74020.75823625813,71151.39797328184,7794.316665504974,42598.49677345804,6809.248260209942,34697.79109893239,33780.67046716011,25917.618165429674,49266.7267872104,22593.71213698232,38500.19969523663,3822.1266958962115,62326.01508974265,8168.20385151071,23834.222770691944,39958.02880381982,45590.38826431005,37851.19977400197,43226.947889273244,35233.227763475385,16376.060320394618,4785.134737642846,35804.71005258236,73589.71709271759,36978.946155576625,45742.48690067916,49129.03014279682,59885.95642883036,29189.670083438243,39457.87350052763,28014.003867552223,76894.96052161114,31988.058329258198,78462.55580529633,37134.03837403612,44176.05359583406,47894.7076713222,17547.372147366554,16461.25035372719,58104.83922819766,1642.2423456517542,67566.43581457247,28222.037047168447,15261.985114003935,46930.371929023735,30407.025877029708,33902.43010235669,38281.431918181144,46715.05089760983,28308.85871840427,68866.4447606563,19498.277868202924,28963.395466194852,54217.847850664366],[9309.057347832073,35050.53972601632,38623.27165983626,16046.104277884251,6151.800948288148,31050.81871897625,0.0,28611.718709831755,24877.318824097238,16436.681520353937,42232.49421294631,51791.814042870756,33703.90750122225,23030.335168931728,31141.38591937373,41943.392514765816,1236.0042990902386,35816.10496069307,13084.856841124523,26455.128156186656,26908.826616251536,22556.412891731594,26380.34350608688,22750.915210467516,19807.03054979426,20844.062023599923,35242.46957293957,22148.01262087767,3183.2880711775592,24951.88140418813,32571.67719339534,31033.01832094268,20856.336558874664,26573.13794286862,13140.539540267373,24058.125242276405,44087.083402887576,35888.820462885335,8010.942304309858,30185.975230782606,9973.63641048029,20330.31799229145,35991.826709749854,34541.02447992863,23664.045593798663,40406.19650612165,29878.313820931806,44125.8619695631,40234.17326851303,23288.615911217745,15389.580714880793,32266.811890362784,14993.907432247155,11674.35752728503,13167.110264652165,42390.039872760426,10375.376517850138,32853.10343310321,33061.07297458794,34352.97282211127,34215.74248557894,26066.760735270207,22627.69986511385,24284.503191975138,17076.36267626584,12330.30485841644,16580.72606737178,18396.669672635282,35807.61928773039,11296.104550163212,44040.944653761006,20432.784653895887,14750.466894850078,21744.136155067157,29676.631510031206,10052.393560493534,39527.11422803504,14800.66596732616,46563.253002612204,33478.15573084988,48796.35315327833,14614.536852484138,19884.990256403387,16943.277946549053,13760.466811880995,15433.2593763839,27495.745305024007,32329.203864188938,36720.345570642,29081.9364765155,23065.3569994982,19700.289236084227,31847.063654580063,17270.991092101307,15779.851642515825,23920.62950977647,4180.556419021601,40205.86862704183,21517.93129056519,31220.06547434737,28269.074665899367],[34132.3155505903,33919.58434685534,48423.83415649897,16725.708687093134,33819.779102948116,53223.44726162718,28611.718709831755,0.0,14729.401444962456,44106.57319006956,46612.08486657085,77903.72209167069,57829.03277547799,6352.685873724711,59246.344796414895,52447.497391915625,29844.100111980813,61088.640654210074,29388.688755527335,54337.04235427594,53835.739207257735,50651.39825887634,54432.524591214256,25029.769493584456,39136.3838869209,43402.25485014762,58764.89883936772,50208.92332192084,26357.794437783,47040.4173909992,59277.47989634783,57861.464084547384,37623.492004429085,27044.246623638435,22234.11375971413,48557.35288788464,67344.19461278553,57012.567295327186,36619.49842079312,58232.893528403474,28984.716087807432,30379.458881668725,55132.1293390457,63130.539593798865,14733.631356016753,68289.95175579788,55200.469812618096,45593.837507739525,36278.032189699305,46042.83874209226,13292.29751711678,51116.41345485581,18525.81525482564,19866.489065255693,41775.75612546286,68836.27479671608,38302.409724676225,60511.701886085786,53564.778717593625,44368.137708063034,58973.80433630679,54617.54447002805,48018.6211993596,46623.974376737395,42321.917601926616,21334.545487580304,18079.279536796214,36875.225185651856,57320.94392892419,18458.586072097612,46854.05500917489,17339.588905224915,24780.567120046588,8152.752853261961,17399.476678634972,24486.343482037817,67715.02778351086,43247.69611733398,45419.316976047,62018.465463577624,50102.24460911491,16272.11039393257,41199.0031179152,25357.64329319628,39498.346234145996,37360.70771594779,19065.43011965982,54817.521827549775,34697.113387492405,57684.08396887999,50402.78865210657,9478.708602185136,60421.59716168968,44399.78464350184,40424.714404284954,6685.643488849133,32758.98181229049,46760.64414691296,49688.993574582055,59825.54253979858,44114.055569307675],[33275.86732645795,44517.955957280516,55903.84523609647,8839.849460519557,31015.06969794565,41524.85607401556,24877.318824097238,14729.401444962456,0.0,36793.91787970931,56093.47290661572,76666.43843496335,58217.25899791724,10203.031878819818,51638.0460516733,59818.40125854968,25989.376629794904,60604.06897189292,32036.28749150974,51038.09706685187,45018.766942817434,43444.93949341027,50842.517312409356,33102.422477046115,41674.32951899812,44458.28538261546,47396.19828858402,46679.05970115723,21769.116731816368,48521.03005857046,57438.25505196655,48734.81717053744,25405.574338144208,36249.96234376738,12982.92920994305,48528.55685088311,68464.6027590682,59353.53978716901,31907.74839647214,50564.11446643098,20179.61522173526,36106.88235179644,58545.595048176845,57710.18119498366,1213.4024224850778,64820.18378067227,45053.333116348775,56046.2801982701,47974.51972434098,35168.738199574764,15039.905459625521,38302.290469973974,9990.353556168817,13216.752686695474,36912.918067027545,67257.43081593432,31938.0625655472,57482.84180179626,41177.49230363978,51536.78365498186,48271.55653171253,48398.10816464542,47318.64769732928,47940.045040865705,41613.98738725227,24539.805723813322,8492.539395131816,25419.995092714773,45125.43472327682,13922.522540263228,56904.12681372954,5011.806968516896,29135.008128851758,16618.8661413935,29845.8689887831,16353.232684937437,63651.15058485751,39089.26340141109,56715.679720597545,56952.43765602901,60801.26509432304,10566.324226236085,42843.60804745539,30696.79236722457,31122.686479866603,27292.329071738488,30354.979748372,43164.63815858184,45661.46123891568,52264.29906347916,42216.03284552805,15582.979820892682,55186.78288189588,42147.30552498815,40060.84240510618,8745.683383453961,28260.285223354418,55439.98767490766,42674.28321200293,54295.092565733336,48698.734454503785],[18201.288973265433,48923.39110712193,47625.73782767979,28910.833070168686,14351.341125931167,18571.255960078965,16436.681520353937,44106.57319006956,36793.91787970931,0.0,53317.33203939505,44272.73254991826,31565.979175579974,38057.18071522898,15169.360112278702,50069.60400654045,15365.94933136847,31537.51548507684,26124.561424764663,18300.00711705238,10570.571365781554,6680.520725651302,17586.96330817089,37657.01995671885,27434.01363796166,24797.19236154738,20916.448957994624,14656.596033462687,17920.713186805344,27823.274778784067,26242.659715618294,14669.826987237455,18436.131202276454,41220.933549036934,23852.46910350047,24094.029459807807,41377.49043780828,36938.46722274755,9548.155381997083,14139.449095022424,16622.226926120078,33335.905147456215,38960.339430505206,21344.19727985735,35674.91587935067,30082.767522416376,14519.436406585126,56152.94289521387,54338.870296335524,12471.685776825765,31310.49102361978,22744.25015425591,27270.876809633017,24763.48430224828,7357.536277031332,35140.73412557727,6061.30668338273,24107.345425488285,21796.78544181471,43959.80087578301,18981.767947533663,11803.227416671334,21774.146468561077,27104.033575743386,19282.46058921071,28393.89758508851,28523.502704946193,16045.096756709072,23147.349991612227,25707.62692640702,55561.94657679902,31790.925507325603,29698.807085101744,37890.1341163191,45943.18025845328,20622.528445858992,28277.355737617458,9503.413836972299,59284.290285093666,20903.819963623337,60448.119598996534,28397.43384443236,25634.54642523412,31646.02809489341,6118.919900029857,11726.020140900497,43567.60681356311,19308.63177928509,50651.20855703738,16131.050528027617,6642.423403801054,35761.8657172622,19069.49342704708,15468.57404012629,19738.361235309494,38571.34504955883,12488.952118875848,50590.67966428808,5881.587061711018,17967.136498235595,35684.44819307136],[35536.076649999355,13069.516771546436,8625.7505408244,49960.82684462669,40016.484318102834,71451.61492280362,42232.49421294631,46612.08486657085,56093.47290661572,53317.33203939505,0.0,54685.73095246444,36625.48816712552,46866.966321357846,62231.321693724916,10530.53653530299,42374.30801257226,41111.60275750836,29148.474759343844,46421.55097312334,62643.56605700839,56098.47271500841,47342.55123055839,23014.38300325511,26095.12020945277,30214.612291741498,74227.36187727674,45306.30593838234,44019.784789713085,29385.18265989218,44401.54148063832,66129.47416366222,63076.16266976558,19931.885333435323,51435.42581740594,34374.13129616178,39816.35571390806,29900.960127779977,44599.61758977455,61790.32233647058,51805.69911850555,22060.920185254887,25479.82180001014,57806.545729128375,55226.20515882606,54952.5990984086,67653.08596848452,4587.552738374441,13688.447633243373,64157.75717165095,41313.16366508743,73966.8348668943,50446.91312207454,47973.56107966488,46108.44083531867,49322.171795873255,48877.59377682074,48787.42793703321,74147.80688172359,10034.58278610362,72057.73787138851,55291.50685551511,36249.506392585194,29822.746886490237,35153.52171552257,33175.033596092304,51664.91686954108,60627.705016070795,76189.67821091016,45617.69220525559,2703.0840278619175,54539.316411072505,28787.052648972876,40223.09940607285,29908.795279930167,49948.91635384784,56459.58427488099,44678.814224405345,8893.577288981081,56011.371879166465,7308.600475016262,47734.075172780416,28450.872034763313,26676.959926014715,54159.54318775058,57404.22172040971,27622.531551323093,72409.95666049929,12907.082418015416,54567.31300199411,58801.95548745131,40699.12403606633,55578.137596911394,39806.330586964534,34056.54936375762,48612.37158499409,43704.44161126524,3539.116074056223,55062.50515745748,56140.329843007574,19183.550381138957],[44061.22120964518,60794.187082618686,46076.44866878487,67837.90175975986,45670.428689644235,57403.07454300331,51791.814042870756,77903.72209167069,76666.43843496335,44272.73254991826,54685.73095246444,0.0,20741.442170114453,73524.74778445104,36974.83681589979,44801.633166218504,50678.69688222279,16902.5083997228,48831.31133675635,26356.60757497501,44049.48955722819,39734.71168037532,26871.476942961915,57679.4347461179,39866.01618750015,34825.64565690772,55301.38206991186,30606.667045813552,54901.944242475416,31766.70830299501,19239.700455492668,44102.868796676164,62705.46255135813,58826.93924221583,64377.61987895745,29385.300050276634,14945.692933224482,25199.6697252618,45178.50818996318,37625.51991132426,58438.892792458086,50664.463957580614,29385.23734204576,26165.407063608345,75453.46333106325,15413.204354079746,49441.72922747124,59254.80560764262,65136.69534675665,54993.48537519868,65160.297748025376,63763.524859510435,66735.01176005696,63452.62606626138,40701.5393925585,9438.207258057771,46510.76664568663,20180.7244590819,61221.720678887934,46191.85745717088,51650.3185541429,34058.74631732115,29918.46479463498,31991.699020783635,35674.291767449606,56635.740349207204,68300.34604415618,60302.563113691096,60140.23149198018,62961.66406781216,57315.301898763806,72117.95224147095,53865.85234839341,69851.36695120548,69860.63523072048,60970.57307554079,18143.623934522137,38151.394489332735,63569.28418813626,25416.68138786947,60825.06010550463,66332.24649548669,37267.001173333956,54085.35384095304,50130.51791923652,55908.85219236394,66561.63415554869,57040.08716264388,62078.459673983896,29409.78079550642,43180.85859912083,68439.78572258326,27013.58254633278,34521.0169387123,37515.44290692473,74767.82844856841,48551.12947810667,51204.074742961464,39722.44500731566,28451.816993803444,39181.884889981484],[24945.104395249724,40742.38411099645,28165.122591923726,49423.790879780165,27636.655166436645,48784.0922867306,33703.90750122225,57829.03277547799,58217.25899791724,31565.979175579974,36625.48816712552,20741.442170114453,0.0,53889.57890374058,31936.317150357478,28160.121405011258,32758.508361935677,4526.722666062375,28484.105344710788,14913.884728722585,36140.39219822561,29863.765839900985,15967.9372091893,36938.06926264239,19184.831843538173,14428.039863494105,48861.80100929977,17166.5701596144,36886.47272428775,11058.886001537749,8816.854577719598,38121.28452713494,48983.75153037862,38154.888447413316,46812.24614010356,9690.0169507986,10428.743295873628,7737.559139480815,28690.633946289887,31996.403661193373,41993.461640744084,29923.2680333056,11953.677184690248,23829.76522124364,57012.13568821209,18484.458294788637,42032.641458382925,41003.13367810444,45430.133560121605,43920.02637452093,45518.36982656122,53990.81449375451,48580.923398637715,45221.585819206426,25572.993196826345,13130.007946970149,31380.833675571397,13663.421448626192,52432.24916075707,27131.928745839476,45631.430770500614,25885.989691724746,11155.986732400572,11340.69819777134,16647.047057855376,36496.31402634931,50181.4388886943,46326.79148959585,52707.12741200456,44297.80645155695,39328.41975392866,54040.699438101605,33387.69169291808,49700.14955337384,49120.319303075856,43578.650567446704,20328.228692716177,22843.287583908135,45240.31244776257,22089.48760144727,43496.416617382005,47669.14298182095,16723.407762647224,33462.68511295303,36266.653851828574,41863.45565714374,45820.57523509043,49010.37935001721,42145.71605191754,22818.50590678047,33538.85970947304,48446.000115109746,22422.428105438583,17416.13876665787,18158.986773367174,55257.73422090801,31282.21884092302,33092.05370602756,29285.849821218366,23511.515968158055,19041.17652608833],[29475.820726050293,34823.0004450379,47535.08225399615,10389.018008134357,28586.742356782182,46879.087989957705,23030.335168931728,6352.685873724711,10203.031878819818,38057.18071522898,46866.966321357846,73524.74778445104,53889.57890374058,0.0,53223.13206830693,51528.24915534015,24265.399231447846,56871.05678630208,25901.175216629257,49219.45465648811,47630.16075922435,44656.45797659567,49238.24183854334,24173.279624629133,35809.20545162206,39561.35200313403,52412.37215502651,44997.42863797833,20534.925828814183,43402.898971485214,54614.1268198574,51632.32412075373,31344.915478968924,26936.582803430083,15882.801002039314,44390.42729406358,63730.958358859876,53801.772431798025,30974.420660969314,52196.60528479233,22668.021372392555,28341.046624667484,52347.937869290436,57542.18364040208,9790.588010733667,63207.317526858846,48881.74874186121,46466.99625089127,37998.30417095858,39690.794377743776,8381.659190699245,44870.979768161604,12182.786053627378,13576.586293236973,36161.881437120304,64308.651111443396,32357.92868085357,55509.22666035163,47263.35180462021,43278.52685662249,52632.09441310975,48820.52918800353,43620.503529270034,42919.596127906945,37852.54713203783,17780.35800372203,11807.42236073863,30541.114836432433,50998.99206938317,12349.987435889201,47469.32904252688,11556.686982674475,21908.398685404034,6694.268454235064,19660.864832648705,18171.40419147899,62472.839228366,37811.627760848074,46876.874475804,56505.178801338836,51160.003642588796,9950.289092475063,37549.38406210701,22990.269664136988,33282.99323732458,31017.82575129931,20339.877667557852,48470.79905302486,35865.14020567743,52069.2495188384,44262.37513754739,6347.986416987694,54861.996443885764,39481.62539313321,36041.67166531157,1747.5089462961491,27097.628402068363,46534.19071944491,43720.606292990655,54197.51359034408,41741.607361456],[30230.70587221462,60373.123976070936,55187.96971856001,44004.223034833565,27615.569156511836,20673.43936986327,31141.38591937373,59246.344796414895,51638.0460516733,15169.360112278702,62231.321693724916,36974.83681589979,31936.317150357478,53223.13206830693,0.0,56739.30797983075,29978.59198570522,29778.34385235569,38482.01436890576,17259.404684498073,7957.504944204125,8611.757437402406,16190.478002588277,50399.98113791035,36469.99331860328,32020.55784907206,18379.93032322775,17037.963760282535,32958.00062052152,33441.07415745354,23742.980546832554,7129.29723219564,30042.31862239975,53613.52406740405,38815.01999000761,28558.20842008262,39407.568611588475,39164.66172468984,23410.566276750436,1083.0947770558932,31504.66079776645,44977.457143948064,42526.5364303372,10809.940700381085,50554.92730792945,21561.811665929334,12578.765720781794,65737.37581932564,65820.03125465284,20161.919344880676,46333.5748416157,27307.018787889814,42329.24081834704,39913.1159214267,18884.343238329893,29390.62432077771,20975.051095177572,19420.49684778218,24450.345956443347,52283.17713653284,14767.287549009307,6940.203438760159,26372.696196593548,32866.99985560437,27241.93370284179,42416.67148461041,43520.338428877854,28373.08452620438,23165.60788639925,40873.14516574379,64738.12057760699,46627.00014956522,42854.13304220866,52839.798114820056,59919.613645152815,35682.842014404174,18882.337690371227,18886.23746123561,69361.99956699352,11705.37288592987,69538.32425361375,43555.615399794886,33855.09846150342,44526.717662028335,20515.92137201916,24950.550807353906,57283.498212842496,20153.092746479066,62090.954777484534,9149.631292155103,9498.121374371764,50747.823772965225,10404.858072686256,22561.598285039658,28643.569027855305,53738.83722999533,26998.910200663817,59074.96632669715,9625.258389510103,9005.263983713001,43225.24822583363],[33741.03841204009,21428.137252644156,4023.678598572013,52622.54485128261,38331.80413960088,68618.07953686138,41943.392514765816,52447.497391915625,59818.40125854968,50069.60400654045,10530.53653530299,44801.633166218504,28160.121405011258,51528.24915534015,56739.30797983075,0.0,41776.19436802188,32466.213797657892,29404.6556582027,39979.55432975322,58379.24913737557,51678.41025627055,40988.022913217406,27495.328584445302,22982.57188911726,25433.182890118016,70618.42977211998,39735.682988542525,44315.93580917353,23318.474124953722,36568.79982687645,61485.99310814484,62498.28325008651,25542.229224591374,53004.89611628955,28185.71067129747,29857.77957570285,20797.70606712834,42383.412933972926,56453.815307390076,51900.01246339167,23775.976578211063,16331.680486544923,50892.628650091734,58818.63638303563,46637.65493099614,63807.400090112984,15038.141626466924,23586.391775819553,61831.62275577764,44779.683943720156,72012.74946805225,52753.641560898985,49867.26662751443,42712.286913445976,40199.7990441298,46562.445449097846,41239.83377721259,71672.26382456443,8284.267801999396,68062.47362009299,49877.934332884346,30376.67164584345,23923.181426032086,30889.95211535153,35514.70369061163,54151.388021295665,59889.113347671155,73216.2418135266,47766.006648898365,12904.697132545665,57455.28673031535,30865.21954945381,45190.32789111896,37077.9757283927,50920.672704400946,48450.68711189731,40792.342725786024,19253.621277047958,49087.54965418667,16025.257414830034,50395.944155460515,24442.06557339224,29144.31604068642,52068.79073255361,56160.48971212325,34273.1949348904,69375.58285763275,21879.344771444983,48381.73647688135,54781.902403291635,45183.47082081429,48933.786709800705,35228.991765208506,30336.977157341516,53258.6313468799,42412.708584446314,7597.130289544073,50732.81505525185,49697.84551245877,14411.845658139619],[8685.08248687285,35533.46603632721,38527.13623558891,17171.050980314954,5129.561684054596,30418.765605284498,1236.0042990902386,29844.100111980813,25989.376629794904,15365.94933136847,42374.30801257226,50678.69688222279,32758.508361935677,24265.399231447846,29978.59198570522,41776.19436802188,0.0,34783.794079318315,13254.534820254597,25258.763763769093,25878.514609071564,21406.249574014593,25172.158083370785,23366.95172263206,19400.118430105398,20135.16446137146,34474.70868250729,20943.2862060093,4224.896222163452,24224.763447858237,31448.898094195134,29999.09974673635,20821.452514854922,27156.00657398972,14053.774114234295,23143.6854279668,43159.990113066844,35135.7014039316,6783.767093454011,29030.55655252935,10308.656285606787,20600.31776810992,35367.63313186839,33305.41906818489,24776.77385665372,39200.05252806425,28988.222084945995,44384.69669308161,40765.43817529931,22691.388000818864,16613.865482866924,31873.676463208634,16067.857312624998,12773.987390043514,11932.957599279625,41268.08524417588,9311.966199532671,31665.425793017028,32539.70443418329,34297.54042839839,33353.110697633165,24850.06206630937,21648.74691501154,23545.379674549087,16169.078390213406,13196.179933434492,17645.229271731852,18295.405483338727,35189.872348424455,12488.840197208454,44238.94592811454,21486.788102012924,15323.726877833404,22942.410101735768,30645.00139898249,10861.742294769816,38305.03554329682,13572.175082887254,46914.98306173751,32242.35948424379,49022.158034199725,15788.772040665488,19304.099107209986,17482.942006135516,12999.776393791488,15095.227368901282,28395.678081087546,31661.871382899786,37216.75027754383,27847.059026222156,22005.130954357308,20909.65555263052,30611.100190817364,16166.033130577289,14958.587740829571,25150.268450390966,2984.09187420739,40261.95016182929,20359.630491422045,29985.624964948493,27949.6577964229],[27532.37307997455,45202.91634843253,32618.294103995217,51768.76286241643,29668.815715134406,47840.34631137297,35816.10496069307,61088.640654210074,60604.06897189292,31537.51548507684,41111.60275750836,16902.5083997228,4526.722666062375,56871.05678630208,29778.34385235569,32466.213797657892,34783.794079318315,0.0,31934.146194286895,13662.737577158301,34799.486844117906,28901.873012640557,14616.338878971123,40979.328979816775,23046.62912161579,17925.35915611615,47375.290075475095,16881.387744538224,38986.756468725245,15024.938599010675,6042.175256133942,36344.344879026066,49532.42486821332,42367.260781564364,48768.75425728442,12531.29861530544,9977.77863822646,11747.106482920088,30029.31257090807,29978.16187319115,43460.10266965393,33957.56481921278,16153.877374436328,20750.07534328788,59392.26985485147,14226.762105228863,40680.27800409897,45506.681197050915,49929.378469963835,43592.35017948744,48490.600205877505,53411.14488061733,50803.59583923783,47465.75378857291,26290.56515842829,8688.749491768926,32214.45495426303,10588.396047314234,51575.0153258146,31655.714970395784,43999.513051324546,24296.56554537836,13325.847602769934,15183.558294367464,19097.361720711444,39783.62850990095,52394.32897607644,46935.48727616555,51508.354181428935,46743.85452830536,43813.78979738088,56248.516441525535,36963.449065910696,53007.844924175406,53116.796845599056,45443.752557003645,16293.554835912275,23563.3115565024,49751.186358470215,19107.238153698156,47