{"problem":"6.5.1","tabu_size":1,"reset_after":90,"iterations":270,"solution":{"truck_routes":[[[0,2,0]]],"drone_routes":[[[0,4,1,5,0],[0,6,3,0]]],"truck_working_time":[699.6656534991815],"drone_working_time":[660.1499908325663],"working_time":699.6656534991815,"energy_violation":0.0,"capacity_violation":0.0,"waiting_time_violation":0.0,"fixed_time_violation":0.0,"feasible":true},"config":{"customers_count":6,"trucks_count":1,"drones_count":1,"x":[0.0,1857.8075371321709,3763.891476363072,3598.4433439604213,-1657.1612805731172,1286.6086590433426,1568.6879074673716],"y":[0.0,-723.5527341657008,-3974.1268694620985,3517.0689275211994,52.171804006016046,-2762.054795651618,2456.076308717532],"demands":[0.0,0.3772944871169665,29.057640103557844,0.3940784947557429,0.873772277292186,0.15848808715919574,0.593224803960854],"dronable":[true,true,false,true,true,true,true],"distances":[[0.0,1993.734537029382,5473.624340454797,5031.755989774164,1657.9823301121082,3047.0163333509404,2914.291094808118],[1993.734537029382,0.0,3768.2075569761164,4583.95954275131,3599.5491868513527,2117.016488601889,3192.746624867694],[5473.624340454797,3768.2075569761164,0.0,7493.02259126821,6752.695313832585,2757.9066099305855,6794.588407075431],[5031.755989774164,4583.95954275131,7493.02259126821,0.0,6294.989439702192,6691.186317933264,2290.3302096267594],[1657.9823301121082,3599.5491868513527,6752.695313832585,6294.989439702192,0.0,4072.548687445009,4023.0411198189113],[3047.0163333509404,2117.016488601889,2757.9066099305855,6691.186317933264,4072.548687445009,0.0,5225.7497954624905],[2914.291094808118,3192.746624867694,6794.588407075431,2290.3302096267594,4023.0411198189113,5225.7497954624905,0.0]],"truck":{"V_max (m/s)":15.6464,"M_t (kg)":400.0},"drone":{"config":"Endurance","_data":{"speed_type":"high","range_type":"high","capacity [kg]":2.27,"FixedTime (s)":700.0,"V_max (m/s)":31.2928}},"problem":"problems/data/6.5.1.txt","config":"endurance","tabu_size_factor":0.5,"speed_type":"high","range_type":"high","waiting_time_limit":3600.0,"strategy":"random","fix_iteration":null,"reset_after_factor":30.0,"max_elite_size":10,"penalty_exponent":0.4,"verbose":false,"outputs":"outputs/","disable_logging":true,"extra":"https://github.com/Serious-senpai/min-timespan-delivery-v2/actions/runs/14262331507"},"last_improved":1,"elapsed":0.00059}