{"problem":"100.10.1","tabu_size":6,"reset_after":375,"iterations":6321,"solution":{"truck_routes":[[[0,68,27,94,37,56,79,23,20,4,7,59,72,53,97,50,0]],[[0,74,75,98,15,18,30,31,71,61,64,45,57,6,87,52,17,0]],[[0,65,48,73,60,93,9,96,26,36,33,42,44,77,88,22,47,25,0]],[[0,82,49,80,76,24,51,100,0]]],"drone_routes":[[[0,28,78,41,43,0],[0,86,0],[0,55,19,89,11,0],[0,85,12,0]],[[0,83,38,3,84,0],[0,69,40,54,0],[0,13,14,70,46,39,0]],[[0,5,58,16,35,0],[0,32,1,0],[0,91,63,95,66,0]],[[0,8,99,62,92,0],[0,2,81,21,10,29,0],[0,67,34,90,0]]],"truck_working_time":[1647.1931371277365,1640.4081082048945,1632.7873028254533,1648.6541351630167],"drone_working_time":[1644.1032218725663,1631.7311052795335,1644.920079972488,1633.2968985957057],"working_time":1648.6541351630167,"energy_violation":0.0,"capacity_violation":0.0,"waiting_time_violation":0.0,"fixed_time_violation":0.0,"feasible":true},"config":{"customers_count":100,"trucks_count":4,"drones_count":4,"x":[0.0,3686.7818082186177,-2060.464344504895,-3098.8994152934274,-4133.353489526626,4311.955957213353,4497.332679476946,-3577.040509159816,-960.6377744675139,6819.616127704948,-7716.0128151618865,2272.4606131947344,-6621.53173271249,-4111.549070067054,-6451.040857794947,284.1026563643482,4234.001822050792,1139.604941503664,84.85534049663083,6769.297576259596,-6539.589683220929,-8033.745710628607,4359.208605100521,-7076.147652104336,-470.97470271363,2511.369873220165,7265.02544287483,-4873.206529449023,6881.658150579622,-4055.023736107228,536.8010348284013,748.8321719083874,3187.211556153066,7169.801600565242,-3747.695665701226,3758.776905963424,7240.409663870846,-7360.376837031422,-1186.9711658636108,-3226.4163278090814,-4917.653840898448,6886.202743304204,7917.011520903671,4159.154587720099,5977.350335009882,5691.916973775624,-3802.8793843851076,3294.573321526662,1771.070572479575,-7935.619188841344,-1681.2875392677413,-459.10906007355766,2665.2770262451886,-1929.0376201673191,-2284.6468830730882,5466.747415034335,-7532.71852115519,7140.2928903332395,5250.910305147892,-3248.8590933890355,3695.674482298819,1904.8669571242428,-106.6873036301996,-2349.36153767703,4347.481586092378,790.8384715122352,-3058.92141259293,-1696.8703048159084,-3291.5621878746388,-5158.691927167996,-5645.0911931276,1596.0223590305354,-1708.3211821374775,2034.0030572397363,-1638.1476354533263,-1568.6162210986558,-6581.449933359226,5739.052721743075,7631.535371651637,-7911.477739029736,-7764.564196288784,-5422.247451316496,-3742.037055655576,-736.2868416691547,-4000.895879044524,-924.7744958719419,153.98389849413383,3646.966834815854,5424.470388474747,4406.474814627209,-6962.873011181827,-1170.2589551404299,-325.52058723305646,4776.927622813027,-5424.6955043027265,-156.90550803667733,6692.605002535153,-1730.0246028088332,310.68232033293253,-813.814237554662,-663.1329379675024],"y":[0.0,4843.61036550108,-577.8671211067017,5692.901896048037,-5288.396076357428,4647.084310302787,-5389.25368441679,-4752.8661394326955,2284.2429699637532,281.6661329379359,-5060.516080866844,1309.2619210584248,2718.2148333870746,-6634.677783846567,-7680.822621266402,-4315.837608115571,7790.019325786137,-1869.0026708397647,-5027.492100418148,4089.2264802975583,-4606.378713096041,-3389.631660534519,-707.3423337402054,-3381.2422446993264,6783.031521170527,-255.1450468985521,-2779.4025587393776,812.7755058063201,-6324.3243917056425,-2837.004962722693,-4999.088861999149,-5238.265819966727,2625.6495084815706,-3208.3187119860595,3082.656289171015,6722.2535104077,-3396.038637243401,1413.9588830463701,5211.962209002656,-5231.241994987941,-2244.7403917103325,-5406.315040670068,-4769.935709315643,-2670.2683190647786,-3891.2512723119926,-7706.0494853238715,-6936.923762495592,-613.7180756400109,2438.1915531042,7301.96269513018,-330.0037291506152,5181.7169138794025,-4176.7024743642005,-1119.309054659693,-4443.946809587834,3620.832410360787,-733.2005719751079,-7278.627654383012,6991.487370497229,-4660.386690909677,1732.7136745454393,-6998.018708395359,6581.468730811208,-7068.355441534642,-7853.1092471370075,372.95764121223226,-5804.748677976819,2377.9339632430856,752.7516211856764,-923.6993569815927,-7286.5341549483865,-6273.152288318188,-5065.09293692289,1711.719893073455,-1172.9533731721108,-2181.9414933303633,7705.570191871026,-1237.4467277724789,-6505.1020313514255,-864.1976560301728,8005.050473885743,-2044.4580881443198,4013.5942315732564,2986.3486138846265,3665.0373040851114,567.1687827643681,438.2197740317817,-4634.816113946924,-1160.2327411675353,3190.2610271844164,4549.243345908122,-3318.596258160385,7072.582579763457,820.749199255716,983.730176540531,-7921.57979166054,-702.6269050584543,-688.7071134877059,-3461.0098021292843,3892.076040923063,4035.8043351151173],"demands":[0.0,1.1093928409308884,0.04574761574732999,0.8163928541732146,1.0109618205006403,0.4635377243251,0.36604558062877973,0.5091013118111315,0.4895468547028767,0.2932772566009626,0.43376281824912805,0.25526447731407975,0.9708576590302563,0.0776728033449942,1.023736300161904,28.308329929723755,0.13925104898034668,0.7122973052652932,0.399194305942774,0.23378622503104582,0.31404408646105336,0.32204346160725367,0.7434452280371293,2.7055172687862106,3.2211628220446507,0.16015196203053284,0.4389647720620682,0.2943026275612461,0.3961877628504298,0.7488106033794001,1.1103709189020683,0.8091824300371105,0.8097128453042426,0.16811387735480854,0.5147971639757194,0.8632330633181285,1.0712702402532022,0.7302730375369967,0.19615358588662182,0.2583735109449049,0.7934285953668043,0.7924867217979074,0.12076615845010953,0.6608575336429856,1.1135082059380896,0.6249622399379424,0.13904402728508722,0.8493065173936591,0.9925385100287258,0.22147719704349117,24.774364696798575,2.8238182872706115,0.05674872982860147,0.9592719510449826,0.265827844722193,0.9560577175179172,0.6107215324977999,9.923091938064326,0.4868658999824018,6.878920158120492,0.3173596682468995,0.758602912953575,0.7030643444887796,0.37442186155137236,1.0592156785925075,0.07697136532166406,0.20583882894891034,0.16438976697615035,0.528774818417784,0.6979224585655909,0.6019206965661686,0.42490075862333293,1.1366177232673749,12.765821466491122,0.6261807550825877,1.0468112497604467,0.4993342968661263,0.8659192739636097,0.04844084441065314,0.9372466719057861,0.41481586398628906,0.6947591973462307,21.24204714101604,0.41259417355339134,0.7837198544482344,1.0806129622381915,1.1233296555290557,0.9204407179848665,0.6785129214458494,0.5063683675460275,1.0044747062300678,0.38948690967160754,0.2699250942219064,0.35447879741336286,5.676848856760877,0.6501462535591095,0.7936237266706961,5.020794412406886,0.583114775069364,0.27729995706787425,0.8536007949266048],"dronable":[true,true,true,true,true,true,true,true,true,true,true,true,true,true,true,false,true,true,true,true,true,true,true,false,false,true,true,true,true,true,true,true,true,true,true,true,true,true,true,true,true,true,true,true,true,true,true,true,true,true,false,false,true,true,true,true,true,false,true,false,true,true,true,true,true,true,true,true,true,true,true,true,true,false,true,true,true,true,true,true,true,true,false,true,true,true,true,true,true,true,true,true,true,true,false,true,true,false,true,true,true],"distances":[[0.0,6087.111094287769,2139.9634867520836,6481.690333866104,6712.059604161346,6339.428741141433,7019.263245162645,5948.52547641314,2478.021565596782,6825.430384942596,9227.441507181413,2622.6406571345196,7157.74925292609,7805.368988781789,10030.501696739673,4325.178444755547,8866.294182196467,2189.0341263456226,5028.20815485772,7908.549986130251,7999.0598243389795,8719.556923212414,4416.22382130746,7842.490976196342,6799.362748654403,2524.2974537630726,7778.539276055989,4940.520812779085,9346.352117963557,4948.9205549196495,5027.827045668615,5291.519481426551,4129.449460287068,7854.894267216318,4852.627391411931,7701.759285188847,7997.287698108926,7494.960100364406,5345.413979914321,6146.190294034058,5405.754223517669,8754.886095253652,9242.908529955599,4942.560043171371,7132.359601962905,9580.246213256492,7910.929332187038,3351.248013394786,3013.547580897272,10783.909824890958,1713.3681014161227,5202.016080773445,4954.648845881051,2230.2553440949246,4996.826455539702,6557.114810928942,7568.317606819831,10196.185712848337,8743.73802698426,5681.046516048313,4081.7038791503974,7252.6397930267585,6582.333388351092,7448.5668609866525,8976.1863276606,874.3699961471692,6561.410475110755,2921.2905991891666,3376.539151238105,5240.736866273336,9217.409319866194,6472.9998457405445,5345.421192105046,2658.4118246058106,2014.7821944759085,2687.271018972698,10133.671358750757,5870.945455973971,10027.795598588084,7958.537403559219,11152.098020002695,5794.875002749151,5487.420157197512,3075.775732537366,5425.833233273109,1084.844825934852,464.4863952237111,5897.617103911446,5547.163149675382,5440.108979930059,8317.284147492714,3518.890044710474,7080.069773687691,4846.923432619192,5513.1702653408665,7923.133580477922,6729.3867690652605,1862.069444057452,3474.926237289425,3976.2481715272775,4089.9219949470166],[6087.111094287769,0.0,7900.838973032563,6838.62309028526,12798.908961817933,655.3359496800813,10264.91594602699,12035.592048926841,5305.5508896696165,5534.07499536892,15103.491182128717,3806.8258916619766,10525.142955137178,13876.781446959465,16113.251380387754,9771.065069471897,2996.7942046104126,7179.643707453794,10507.737062353286,3173.483654672893,13924.114602606958,14323.304073408966,5591.532318280828,13545.80566180573,4587.841935295691,5232.48506662096,8421.054182944958,9461.555369342637,11615.937395845589,10905.384216353883,10334.4621028751,10501.227332297796,2273.5260719902813,8772.969209039846,7640.184197332225,1880.0221700830866,8973.298536485654,11567.291101395627,4887.652926813275,12218.631615431741,11148.14017211195,10737.656408729825,10503.100092577786,7528.712302192661,9030.199998209628,12708.836666019477,13959.79975217727,5471.403952508044,3075.059219229709,11879.549701611304,7455.363929400181,4159.654688774628,9077.96870167732,8191.08270398776,11041.588603807304,2159.505380642503,12529.086474008112,12604.578271604802,2657.042262271614,11765.588585545449,3110.9094010355,11974.948837481525,4172.596266166838,13354.023958350102,12713.89842331734,5326.652193508169,12605.23947658611,5921.42467610904,8089.030238152939,10559.55808916536,15304.386946240109,11311.661547965447,11282.266501550874,3541.2449125936273,8034.544965435287,8773.687216198321,10659.615243830438,6418.027054644689,12014.755667207353,12926.66611837693,11879.731851933817,11420.153285887705,7475.04357812271,4797.182245405886,7777.494627728069,6289.229217985067,5646.957351916154,9478.510102247512,6250.2554868937,1803.1977312501217,10653.722340787897,9498.024107374888,4589.867933230865,4167.952718057478,9895.336977067596,13331.316961712288,6308.384970563777,7742.630585458209,8964.639640315441,4600.08503596186,4424.286256766778],[2139.9634867520836,7900.838973032563,0.0,6356.16955899946,5146.450470548067,8240.62242566294,8133.519685188324,4441.916260604476,3066.152745309261,8921.582068654145,7216.603785742247,4726.044298442346,5627.387668404441,6394.677783572345,8350.397532830588,4412.416320261986,10470.999374940631,3450.720858464189,4939.793417478856,9987.314867453175,6024.240155133302,6601.977741863758,6420.978477660706,5745.954326803306,7530.558156155523,4583.210408822937,9581.832708708498,3137.738917557007,10629.361499164283,3013.63085895576,5127.668976525628,5441.641567529785,6148.220974753181,9597.764582895396,4030.6551785556057,9335.70190000807,9718.453992999279,5661.840977920445,5855.349178736264,4797.222294645122,3307.8691507607264,10166.452738886968,10822.359432815865,6562.1492237915445,8693.962235694473,10531.40066285399,6593.452171631558,5355.157672333995,4876.19418669458,9828.996000496989,453.00255043634246,5978.055453326189,5940.054494958351,557.1645639124109,3872.574075248303,8619.048359795353,5474.458352643235,11382.184562672479,10523.845622544546,4251.96991017101,6202.57348256945,7546.005482070955,7421.141055525506,6496.914669736261,9694.891388861666,3005.6605725307827,5321.391484035349,2978.0800318226393,1812.7736034291167,3117.4691801755907,7606.297589157351,6768.0254246708155,4501.022142683745,4691.148260229242,729.7116212185489,1677.7869853241125,9436.876835725907,7827.356624315947,11360.764594832608,5858.015271244918,10305.49511481869,3667.7615410274693,4889.703890425301,3802.2466864442226,4665.566686003758,1612.730186187937,2436.4346080684477,7002.400002655513,7507.556038578324,7484.657095008434,7093.720637019902,2881.6769142200114,7844.7058878227435,6978.97245490536,3708.9941246345757,7586.412329391886,8753.958418783115,348.53396793308565,3732.9409619368,4640.531042988042,4820.63267275694],[6481.690333866104,6838.62309028526,6356.16955899946,0.0,11029.913888623701,7484.284319483502,13435.658314621105,10456.705444675907,4023.8188973910833,11298.602703903794,11702.723372509538,6933.095123101029,4610.60750492684,12369.101830264939,13787.434849004854,10565.016302829163,7626.882854138755,8668.755381328194,11183.163317437693,9997.654059987204,10858.799684389718,10336.59149647656,9827.84317359624,9907.501977000822,2845.0607892551807,8176.453016139399,13386.219826387456,5192.667842263436,15621.307787019108,8583.325971682281,11293.227356835712,11588.592063007223,6994.514161424806,13589.626516795366,2689.6688834806437,6934.49992956318,13766.268639402502,6039.00183180122,1971.489947614005,10924.88811453171,8143.342848552293,14929.664488057362,15192.803049814054,11073.480209835154,13199.784145373986,16025.303457554033,12649.430183296374,8980.531671552433,5857.452270251579,5097.345860638875,6187.488634421775,2688.8293373709294,11429.559067507773,6911.931326093887,10169.498948678784,8812.705462876895,7807.275119594413,16525.7870599046,8450.186187417812,10354.374557156189,7864.434194496754,13641.742692853571,3121.3593738986788,12783.250598575836,15457.781467891597,6590.285858945108,11497.720076740172,3599.263538857848,4943.905711293586,6929.802113593707,13226.823230519716,12854.133312293354,10847.49559339649,6495.883152685689,7019.527358746035,8022.1521465048045,4022.3117457366943,11231.167794323039,16246.03122395539,8133.662438161596,5207.154587163451,8078.656176708686,1798.2492197730367,3592.6826804265697,2219.421641769866,5567.760691145245,6180.043208308078,12335.658505257745,10936.785961496684,7911.627749689898,4029.670809015404,9215.571225260048,3097.6037372380224,9261.021727381347,5252.201988829089,13928.727141246181,11695.142043179265,6526.771928207887,9768.282704239497,2909.3965061517483,2946.0024878663253],[6712.059604161346,12798.908961817933,5146.450470548067,11029.913888623701,0.0,13039.824468331824,8631.27545643939,772.1893844564365,8210.419425002063,12287.92645043981,3589.899321137863,9195.843918286631,8384.321632064408,1346.4582684316067,3330.972757291124,4523.249802411855,15526.029252233451,6284.611513615706,4226.26982318298,14380.80682984699,2501.023851072689,4338.0140370022045,9649.334916140338,3506.7468144862733,12614.768433088948,8335.824163991336,11671.250608142333,6145.866675716688,11063.617351762321,2452.642236910652,4679.106960268538,4882.443023254591,10780.667424001955,11492.95596582706,8379.93136388939,14371.549174514183,11530.112963321399,7438.76614010588,10905.901747133248,908.7362677484954,3143.0823991500038,11020.187133196303,12061.513090686254,8695.992362272887,10206.77938582824,10118.349059156175,1681.325865539794,8776.486262779406,9724.3189941377,13151.971656103893,5531.571394572982,11096.09562664692,6888.921508820986,4715.96173080293,2032.43958849769,13097.186324027902,5683.791753873814,11447.97468691723,15455.094449286746,1084.7700793298377,10516.161900515252,6275.580905886634,12534.262288347974,2520.0957572969724,8860.153341123385,7503.23879298797,1192.0672368382448,8044.194588985232,6099.514578969976,4483.513841155732,2505.57511673546,5813.389064136805,2435.291765674589,9329.411040383158,4812.78722752242,4028.391407556274,13222.569174640937,10671.204010097334,11827.636420553104,5817.882304336314,13780.472139265627,3490.613315179797,9310.217625826688,8944.91260430613,8954.41311960741,6677.021714649741,7153.697713535958,7807.723811498533,10411.23094570951,12033.964174114344,10236.470589316474,3558.095072293382,12934.194398912736,10803.460811215227,6403.681123495906,4769.255185878921,11757.153403961376,5189.713700473054,4805.08011114815,9762.192844927165,9949.02728862315],[6339.428741141433,655.3359496800813,8240.62242566294,7484.284319483502,13039.824468331824,0.0,10038.049854100595,12271.729042964183,5777.825184182672,5034.405167836355,15456.698811320312,3911.5980826785576,11102.32815785667,14079.545194842181,16365.188350682385,9826.371228934131,3143.901614036334,7247.289183735512,10557.736895316386,2519.8676931924333,14261.22788233319,14731.094774906147,5354.635141554451,13933.518259589237,5238.195890312164,5222.44798121308,7992.078991301364,9953.347874691653,11268.326329544141,11225.771306910454,10358.593126387625,10507.901708115922,2313.276599486202,8359.105117404022,8210.080347722054,2147.634575947648,8559.653489562535,12111.831112097545,5527.864555626437,12426.117145005237,11518.808304190134,10377.744698432338,10083.486087023119,7318.947858881866,8699.236343205188,12429.972123053416,14143.542542514357,5358.274831635481,3366.7945810753135,12532.018041659549,7790.402618644498,4800.926308535267,8976.121920014133,8497.13441534204,11232.186601694919,1544.9065580775023,13009.372733263628,12256.512377993178,2525.442728741683,11991.452817228885,2978.8183997832975,11891.278390923437,4823.510272913683,13476.82007547275,12500.244039368456,5537.727614422841,12789.474032016024,6423.008356277744,8542.793177656149,10987.57489246919,15542.008802863826,11252.904633009171,11426.728478270514,3715.5664004878595,8323.254856156502,9012.032099977487,11314.620090153872,6055.106168631759,11635.75814838643,13408.451075306122,12534.682914765386,11812.343360605862,8078.868307578126,5314.3953945699795,8370.658395490587,6638.452873231836,5916.35633864032,9305.691055402278,5912.919726840778,1459.8862601732403,11275.253483663984,9669.888689329675,5233.472131907011,3854.4829785383845,10403.00654582108,13339.491748323033,5855.5016834387,8060.781550562091,9041.647021049312,5181.076874203268,5012.501643193476],[7019.263245162645,10264.91594602699,8133.519685188324,13435.658314621105,8631.27545643939,10038.049854100595,0.0,8099.4130340900065,9416.58071599878,6127.995756263241,12217.768887296996,7058.340245986862,13760.820890623987,8698.501374666343,11185.623420443295,4347.818913032061,13181.903512692548,4864.822993793839,4427.282203640515,9746.969309744232,11064.653110736952,12689.618349555098,4683.948351072691,11746.384845029343,13147.190018026258,5504.826951837331,3804.135398584634,11237.089086698497,2561.125764147218,8925.064358119382,3979.7034433377944,3751.5401357912906,8121.273948667891,3449.4300236639483,11821.749067433637,12134.004745378814,3390.7783128051806,13670.734296883316,12029.010292831348,7725.365131924061,9926.22461094136,2388.930989318705,3475.3069120273412,2739.935371271139,2105.816584453878,2606.6404468752025,8443.269685119718,4924.669575091509,8288.631010151179,17766.408341372786,7985.697083995952,11675.261629085704,2196.977094450109,7715.6116004722135,6847.543491971793,9062.08675553374,12899.64970360469,3248.8417435380666,12403.653828882252,7780.407063659376,7166.943206641609,3051.065948803875,12825.568024352448,7049.581860930898,2468.408309849874,6851.363271268231,7567.668861254185,9934.654224711732,9919.229427163418,10638.60830444508,10318.35428716417,3032.96526810112,6214.114582173861,7516.103949254954,7444.5488116808565,6861.675273246758,17152.662665996744,4333.517009151515,3326.9120891589305,13208.130377251659,18159.33641070163,10468.320187693713,12502.030337647406,9876.309389211818,12417.732238107596,8054.7014115056045,7268.020744479712,1136.7929088020594,4329.457526051792,8579.995794765087,15169.378289632861,6034.005064109217,13362.532570865946,6216.293843405406,11792.436837725298,5298.54778401954,5175.296237065475,7802.250751335213,4609.356321581126,10693.51967524124,10745.330337424208],[5948.52547641314,12035.592048926841,4441.916260604476,10456.705444675907,772.1893844564365,12271.729042964183,8099.4130340900065,0.0,7507.760510808522,11551.492735850443,4150.390371557419,8424.135564093267,8067.588097611259,1956.2501033187873,4102.780418626724,3885.7972775042144,14776.2091922645,5528.41865389637,3672.1792756043783,13609.897636414773,2966.1686018844107,4660.539614385416,8907.879257490114,3758.337785033285,11946.739288604447,7569.55982937574,11020.206559433984,5714.579011210819,10576.098462754224,1974.5865424609012,4121.203450225601,4353.020480387699,10009.875082617427,10857.26678713348,7837.380615461135,13619.56637071014,10902.211203086204,7234.871431315621,10247.450194050478,593.1110989739495,2843.9301805113323,10483.627942022846,11494.064704882367,8011.612088611757,9593.162386950258,9728.045265875044,2195.702825616931,8021.946355597276,8961.785696999683,12818.584412390584,4812.025688121462,10412.369421239195,6268.850993744385,3989.818368100445,1328.801127746887,12325.13397171055,5639.601032767106,11010.935765242366,14692.261736915778,340.9625933389695,9744.492232562343,5923.8517475389735,11853.712427841185,2620.8178809618935,8509.380574695688,6734.421743551688,1172.5631211671782,7374.5067700574755,5513.0141300345185,4142.962642350788,3270.52094387222,5391.831730751885,1894.6233124971845,8560.063228487708,4071.250543720605,3262.4257319991793,12815.580822162012,9957.29715970916,11344.712596484605,5823.151094853241,13427.575765664209,3277.2340214984497,8768.012961713353,8244.10858718674,8428.567598291484,5944.51735455775,6392.801896780381,7224.971827926501,9691.966424547913,11261.87311730127,9899.14655962908,2801.7365224254863,12264.32302302188,10042.607803438335,6026.803984991891,4662.410281788026,11039.477197383085,4464.174766570376,4096.740362189199,9075.816477308425,9259.135275156117],[2478.021565596782,5305.5508896696165,3066.152745309261,4023.8188973910833,8210.419425002063,5777.825184182672,9416.58071599878,7507.760510808522,0.0,8033.8449555902025,9979.006837115328,3376.9088276156886,5677.504027716545,9459.143164445986,11377.480312218984,6716.430776631841,7569.53458397864,4654.08087798691,7386.103546044426,7937.875408382119,8865.967041402599,9067.618717127278,6103.306327847279,8336.497092966536,4525.358367279723,4301.549558680639,9659.29818390001,4180.120902621294,11645.129342193264,5983.511081934933,7435.673847209118,7714.300097360989,4161.87607865399,9811.843774801268,2899.1646240556374,6478.334082382493,9976.110375444534,6458.6418433636645,2936.4547922110755,7849.602965194965,6014.122250196885,10987.155620371816,11339.051717441125,7124.567070708632,9288.294146054517,12002.600885664287,9649.261799586637,5148.300660733483,2736.0428832588404,8592.314994876793,2711.7562367102605,2940.558842640589,7408.851069943948,3538.6388125195494,6857.225228132218,6564.887790846738,7231.681054206648,12532.899593226757,7793.682017617064,7311.8970131594415,4688.862164344032,9714.499432925448,4381.253319123907,9455.138853410092,11442.99091669256,2592.4275588976684,8356.708688621206,742.170021602104,2789.027495812733,5283.422436452843,10655.69700237097,8931.154720677752,7387.270724046756,3048.8778894045963,3522.9570202778527,4507.376337930722,7809.245685246286,7568.893649150846,12291.380106604594,7630.65230425056,8889.378676290471,6216.3987773483805,3275.18514704495,737.079151972865,3339.1259837849548,1717.4486714595148,2156.4283233519986,8312.845411899358,7254.930680374919,5443.047516238395,6415.376414512484,5606.759175815686,4830.276395849143,5921.272726785369,4649.639226989443,10237.421735856668,8215.443789233705,3070.8937282685565,5884.231827408413,1614.5229434919916,1776.6475012314088],[6825.430384942596,5534.07499536892,8921.582068654145,11298.602703903794,12287.92645043981,5034.405167836355,6127.995756263241,11551.492735850443,8033.8449555902025,0.0,15486.233227295788,4661.821143813179,13660.205905302622,12935.46233252696,15476.16115151389,7990.618060142497,7941.081098072051,6073.541255224527,8575.789410178604,3807.8928235186568,14225.37740502919,15300.352459627175,2651.7433745461685,14370.42618739002,9768.340010866337,4341.561013285383,3093.304219310988,11704.87842130801,6606.281860796065,11312.997019822906,8207.322267818554,8205.124411162504,4323.033776904356,3507.5096697231716,10932.22870207058,7130.9117585463155,3701.6995524614854,14225.128728834796,9402.83252468067,11459.272408150196,12006.091630654186,5688.3709099087455,5169.425289301852,3973.91150060732,4257.070746015626,8066.926687406829,12843.1090855302,3636.98221969259,5489.846456050401,16340.18154941319,8522.88115459421,8774.413827430657,6093.897275840369,8860.117035142577,10257.632409673695,3602.816284797356,14388.170985278579,7567.091629991901,6890.757505363697,11215.974295239968,3444.495662924825,8783.425914690775,9362.755577024098,11751.296463517798,8502.118540464338,6029.468813029179,11603.014659371802,8770.68298205357,10122.14643574595,12038.8026739258,14582.406666650711,8381.621346480213,10065.463094748371,4994.71182522928,8581.939511610943,8742.528494304295,15320.01707078844,1864.2213274929836,6835.161664108798,14775.59238519446,16502.999163811517,12460.901964917195,11201.598336798786,8025.395753814034,11337.137229916523,7749.651469169667,6667.470439202087,5851.282015046247,2006.3658681404072,3779.3088330697788,14428.070630967757,8763.560527789514,9857.46036577984,2112.6255892628424,12264.42258172141,10768.709199965077,992.4538329640632,8604.532576394771,7508.251624957814,8444.188465740484,8371.683655088029],[9227.441507181413,15103.491182128717,7216.603785742247,11702.723372509538,3589.899321137863,15456.698811320312,12217.768887296996,4150.390371557419,9979.006837115328,15486.233227295788,0.0,11846.673508744865,7855.351263706112,3933.210388071185,2909.66671950336,8034.699346306158,17548.193926077955,9413.167569875342,7800.938056750085,17133.06761999749,1261.0361351569452,1700.8259578719264,12835.929807420911,1797.0498167083285,13883.810609935335,11300.041921546945,15153.711960757093,6525.113151522688,14652.276583200231,4283.321459973338,8253.042453895976,8466.711027599726,13340.069083708675,15000.603518284137,9058.631091221872,16447.019741737626,15048.75604598755,6484.2349592900955,12171.778632316305,4492.841412402971,3969.8117940886764,14606.30946325971,15635.724698406173,12113.335015976016,13743.193753818903,13666.43436376789,4339.760250836239,11874.63766069211,12092.781623093928,12364.429159744397,7667.832566328993,12552.529180578858,10418.84375841873,7001.5851584414095,5466.2504108886515,15784.517063026775,4331.195713854358,15020.979933669221,17702.87779994303,4485.038004594446,13280.609078082407,9814.03301525241,13908.186261903074,5729.953301064216,12382.50676403578,10094.015826325667,4716.18304251253,9568.731139423508,7305.466770099602,4863.449673964619,3040.3737978654563,9390.659489994241,6007.693376423505,11871.225277906855,7214.817319168419,6787.980299080945,12816.403226168824,13987.660557826564,15415.38400153887,4200.868345840701,13065.656762416449,3789.190594288205,9906.157746547122,10652.16438479461,9483.531816927309,8819.963425872918,9600.674157313342,11370.951015092971,13707.09702872904,14663.902250803922,9639.226929833609,6773.564664541374,14206.739896248726,13808.07162792705,6463.980804367066,8082.437060556323,15053.221099986691,7412.47384654316,8184.513127480282,11304.390779863277,11510.263232104802],[2622.6406571345196,3806.8258916619766,4726.044298442346,6933.095123101029,9195.843918286631,3911.5980826785576,7058.340245986862,8424.135564093267,3376.9088276156886,4661.821143813179,11846.673508744865,0.0,9004.901340837427,10191.258885493307,12526.815157593206,5966.18069434745,6771.104817751203,3374.1262260022804,6703.735403328211,5286.751897243906,10613.530729169197,11326.848179451847,2901.9320981364763,10459.316699814042,6122.79274250604,1582.5444056702615,6453.129535885582,7162.894503899138,8917.193613074342,7564.957849334077,6542.767287171226,6722.467043176231,1603.0114060620053,6662.7684578287535,6275.922976517789,5613.342504116032,6842.54127602232,9633.40639630287,5215.240912122735,8544.93060756618,8020.5160870186755,8147.735290990102,8295.637334096971,4404.120239680719,6385.260004512839,9642.01854156918,10242.525782923109,2177.7434321416154,1235.2627603224175,11837.117715571521,4280.107045980942,4738.921876476036,5500.010007464219,4852.890312900644,7339.389581629028,3942.9463982433526,10015.6473027029,9871.557042246535,6415.516240003284,8131.523587414782,1484.8734305459998,8315.4095841685,5784.160220372188,9567.952375942812,9394.400324754317,1752.6750626348664,8890.038307458388,4110.674868001889,5591.784459784223,7759.390707224736,11686.54511761676,7612.527435369483,7515.252727454901,467.7974190079311,4631.873232430507,5190.604254572416,10922.659541597235,4301.509710448154,9475.440161145678,10413.28607573741,12065.465236382766,8393.80545987224,6594.512525903663,3444.5872063869506,6701.095383144086,3282.2270744955663,2290.5584499473994,6100.928703034335,4004.193990083805,2844.6747176368444,9787.178693929694,5767.962322446316,6321.817091061115,2551.6660599752236,7704.036812854509,9545.169379128865,4856.4774344448,4473.451482617456,5157.912987186581,4024.4280627364124,4006.462658415202],[7157.74925292609,10525.142955137178,5627.387668404441,4610.60750492684,8384.321632064408,11102.32815785667,13760.820890623987,8067.588097611259,5677.504027716545,13660.205905302622,7855.351263706112,9004.901340837427,0.0,9683.832571677613,10400.434948679598,9857.26534417178,11981.895074140437,9015.420506385051,10245.56506397303,13460.83142001229,7325.0518851853185,6268.982143277485,11502.656226790874,6116.375747252845,7372.38675630567,9604.72595763874,14935.202281223612,2585.98918162038,16251.26618641092,6119.430551916461,10526.086848286572,10845.637301409799,9809.180049639213,15010.81859773179,2896.8519663159677,11125.786855824934,15150.49552936892,1498.9915517357617,5979.400014059806,8644.112012162419,5247.296869487595,15762.832117009208,16353.642972972322,12052.342022354818,14227.328335241342,16133.391014714296,10058.156012233783,10460.923303273234,8397.272562601238,4768.3928427080855,5804.96762229247,6636.5876545740275,11566.53369018485,6061.8553750152005,8372.880603420355,12121.93100310807,3569.668004703507,17009.54663360411,12618.071885940984,8112.871328105443,10364.166952396425,12926.897108606827,7574.161908165636,10678.40793008633,15233.91433622977,7774.5394295692095,9237.591640090113,4936.403675754075,3866.7483507547586,3924.7215527593953,10052.285235056965,12180.840610073055,9204.320602936921,8713.857616747606,6322.6028716465,7038.713461547973,4987.516418262498,12978.108739032965,16977.028475822157,3807.5766497270265,5408.988288250978,4911.347691325864,3157.45108916105,5891.349858206996,2786.432319032487,6089.3383981673,7148.8453291010455,12629.692274310692,12654.980153766182,11038.104729401955,1862.5732957529808,8133.846756026857,7655.081633443512,11555.312696430014,2107.3333819000213,12449.763929005176,13746.577581505944,5961.036751605828,9286.46373887352,5925.160979932964,6102.340394658632],[7805.368988781789,13876.781446959465,6394.677783572345,12369.101830264939,1346.4582684316067,14079.545194842181,8698.501374666343,1956.2501033187873,9459.143164445986,12935.46233252696,3933.210388071185,10191.258885493307,9683.832571677613,0.0,2562.7408854011023,4969.786098079426,16664.936435449585,7091.281811912967,4493.64615852379,15277.268944657826,3163.760158345144,5090.574705242511,10338.61891789701,4401.555129724466,13902.830816714024,9195.73234012083,12012.060385705867,7486.29965917701,10997.587200113105,3798.0934651061752,4927.708373975837,5057.002292881968,11790.910407593576,11790.199720237842,9724.14370453754,15503.2140076956,11804.903668346447,8679.598726614735,12202.296301841292,1659.2444017884623,4463.334539157134,11066.138440184764,12172.244365571205,9171.754543127789,10455.25132313674,9861.834707370774,432.0064889194361,9544.76844596623,10813.055621065532,14451.763218152852,6756.854744926763,12368.003140323326,7208.81505947292,5931.496307664355,2852.5206050824513,14032.792056465336,6821.424608928609,11270.253721083152,16532.635070248278,2154.5438764412897,11444.036849581878,6027.377409760922,13809.614276480303,1814.7675361017066,8546.33107670076,8552.213623289052,1340.4504116337991,9330.479304040775,7432.798376204126,5806.184870919515,1666.3337516077256,5719.009730903432,2870.3834017452928,10364.852393099525,5995.677459212302,5127.705914660331,14551.395887665345,11232.295345719127,11743.799303503542,6909.261812576537,15088.610372484625,4773.682760869509,10654.681414437851,10195.90820164099,10300.309462402132,7875.412760975907,8259.579370048084,8012.116808001169,10995.690775890385,13003.3131755228,11541.669725553045,4432.559556865793,14220.5132941334,11601.224479348808,7730.749860694974,4158.764537747231,12325.541483158364,6405.171816658579,5443.188305434274,11031.210319492036,11213.864742862092],[10030.501696739673,16113.251380387754,8350.397532830588,13787.434849004854,3330.972757291124,16365.188350682385,11185.623420443295,4102.780418626724,11377.480312218984,15476.16115151389,2909.66671950336,12526.815157593206,10400.434948679598,2562.7408854011023,0.0,7528.962896379005,18802.050090902467,9560.081316944263,7053.942299714903,17700.604627078883,3075.7188166297265,4573.75934135698,12864.327451155315,4344.784220056554,15651.3343799447,11638.964453502058,14565.520704516935,8638.910250252638,13401.527908962982,5404.02327499064,7484.759867350157,7602.910980106552,14110.963020157285,14336.33985695078,11097.772455905162,17654.715540726116,14346.260529384042,9140.128146493551,13926.030676439213,4049.5244911008185,5648.209074572403,13529.798653684778,14659.951970289441,11733.793155128456,12993.296681374008,12142.98403581143,2750.6625931460017,12038.312273363223,13038.311402668834,15056.15583933168,8762.709917844346,14189.720573772182,9766.581273239675,7968.812556829194,5276.00263199597,16424.405126819398,7031.321263262762,13597.283325885157,18767.321106495358,4401.931537596156,13840.899457241248,8383.759096900363,15609.733394001021,4147.154360682944,10799.89674268195,10830.890671433124,3876.354959392621,11125.678481478151,9005.969129895602,6879.598866738644,897.2280962212583,8169.257137699134,5416.219318253676,12657.639002742524,8094.214187921721,7353.622508137743,15386.945451490903,13788.236811962317,14131.570053031053,6971.316360684876,15740.77375220119,5729.4869773348855,12004.08626793334,12101.526995584458,11607.40056440689,9928.19128058516,10466.384354104377,10547.412716048402,13547.909792463402,15364.442920864638,12240.771450961787,6849.501904984086,15974.509808154975,14083.465469159994,8725.128077605452,6298.738271763073,14881.217757813893,8436.68618320976,7970.427878488441,12872.85156495065,13068.25257344712],[4325.178444755547,9771.065069471897,4412.416320261986,10565.016302829163,4523.249802411855,9826.371228934131,4347.818913032061,3885.7972775042144,6716.430776631841,7990.618060142497,8034.699346306158,5966.18069434745,9857.26534417178,4969.786098079426,7528.962896379005,0.0,12733.949722029945,2592.08128154811,739.0207096522588,10616.160109915787,6829.874909469285,8369.25677187777,5443.13573582492,7419.349910648,11124.524159136521,4631.408352974708,7148.000812267224,7273.273713422765,6896.503292184101,4584.208093326818,728.4838683264328,1032.8830178857224,7524.113547383276,6974.1987393143045,8425.740896680698,11572.070544273794,7016.853805624107,9553.461914671569,9640.696424300606,3627.906935100076,5598.902958313998,6691.551881953984,7646.404568153354,4209.979305860192,5709.057950919212,6382.632079633183,4855.256412393813,4771.64779280071,6915.777866166835,14231.55336211226,4444.055617540308,9526.589397770735,2385.235830105994,3887.902349167915,2571.9420996324748,9478.952351222733,8598.719756687227,7468.967089406126,12350.092161274573,3549.722918154986,6944.3354572262715,3133.8430677549577,10904.311176651476,3809.394713676704,5387.331340727346,4716.098183506422,3659.5991719835993,6980.7472180603,6202.900600018933,6413.315429115842,6631.770327613703,2356.313659846755,2128.646588792163,6276.432174661329,3684.1237083802266,2825.9652983720766,13843.773252110086,6263.622803773779,7666.658086840717,8892.769893357185,14716.838017529422,6141.790982699918,9251.44506294697,7373.134906433395,9058.453334463364,5030.420994566285,4755.837726825783,3377.9583730257427,6031.68488049798,8563.613077088032,11450.25399925259,1763.4222429920796,11404.725111760687,6824.221582627964,7789.466935766565,3632.6113052821934,7356.9147001690335,4148.82926151509,855.2409347219132,8281.01853494046,8405.187589762603],[8866.294182196467,2996.7942046104126,10470.999374940631,7626.882854138755,15526.029252233451,3143.901614036334,13181.903512692548,14776.2091922645,7569.53458397864,7941.081098072051,17548.193926077955,6771.104817751203,11981.895074140437,16664.936435449585,18802.050090902467,12733.949722029945,0.0,10142.583398012699,13472.342620579046,4485.932706419998,16423.792444525865,16597.65723532999,8498.284056873477,15897.061558789312,4811.530789388015,8227.522750782708,10995.44374561937,11472.714381569627,14360.528632661768,13477.447456115475,13312.797673664034,13486.386518608993,5269.3913757344535,11383.424789255308,9266.43197484756,1168.7440084813381,11583.021232114428,13231.922130199071,6002.776576976322,15007.034529001583,13581.207750457274,13460.215839205943,13088.813197751084,10460.555421272222,11810.645487170823,15564.50015863938,16777.19619757281,8456.082321011647,5891.357301043975,12179.403713789712,10046.164573648623,5369.220727803289,12069.10635163883,10833.244544316058,13862.276448776023,4347.617880262052,14529.314679667817,15346.356231579506,1292.964093319058,14526.039290198562,6081.179826092708,14970.335270775166,4505.793673307674,16251.522201085092,15643.540174968435,8177.296490360747,15427.392727954497,8029.066705209087,10303.26406599858,12812.165669746433,18024.953360827174,14308.449653790807,14162.101326178861,6464.187385811575,10715.270358396787,11537.347127163945,10815.781447950056,9152.06651848738,14693.32259347605,14913.354597037604,12000.492693681632,13782.601207120322,8824.884286543604,6912.23709873174,9210.266924843254,8875.953079258043,8408.061780560318,12438.695501566255,9029.076778367322,4602.990695050737,11656.441780527723,12353.435746373842,4615.621310864356,6990.385863575963,11815.921717125882,16313.626635692232,8841.366953212986,10366.21499046133,11915.456027771701,6377.649161220761,6170.580122967243],[2189.0341263456226,7179.643707453794,3450.720858464189,8668.755381328194,6284.611513615706,7247.289183735512,4864.822993793839,5528.41865389637,4654.08087798691,6073.541255224527,9413.167569875342,3374.1262260022804,9015.420506385051,7091.281811912967,9560.081316944263,2592.08128154811,10142.583398012699,0.0,3329.9477770053504,8197.190602839963,8152.500087771709,9298.530782401896,3422.7624062205314,8353.769161769047,8800.662614262765,2118.0829677423767,6192.705731302418,6583.75546128161,7267.810309321426,5284.051053438837,3187.602878965575,3391.8486884768454,4939.088079942897,6177.138431752132,6957.343866838863,8981.633735085994,6289.010820721172,9111.944183308135,7453.389833688699,5510.607497993271,6068.901283747538,6748.034165400563,7372.153853265368,3124.05292928773,5243.402511589875,7402.341545325177,7078.98124753175,2493.9182291816933,4353.236833194361,12902.181937944317,3213.4019559639555,7229.697996540483,2766.4333885612123,3158.8934279965515,4284.371351294172,6990.168181454106,8746.384432939623,8079.12732427233,9767.861360899931,5201.003877430623,4416.543006696041,5185.791305678831,8541.879844062534,6261.481959327122,6789.698379411389,2268.925757138512,5754.799751402207,5107.060073750714,5148.673391878394,6368.841480293766,8682.266352778437,4427.736522440923,4280.849938349738,3690.7346245902722,2863.6330078372184,2726.2414735655507,12299.883490667784,4642.605173000699,7977.379142952771,9106.686049691083,13295.907398116127,6564.197698776385,7644.303428351606,5205.132666921189,7553.168019455355,3193.2105807188623,2508.9289050394054,3733.1739399747194,4343.089535325547,6022.3