{"problem":"50.40.3","tabu_size":4,"reset_after":250,"iterations":4201,"solution":{"truck_routes":[[[0,21,29,16,11,39,14,42,0],[0,50,20,5,0],[0,25,34,35,15,0]],[[0,33,27,37,48,4,0],[0,24,31,36,26,40,2,9,38,0],[0,49,6,0]],[[0,22,41,0],[0,44,13,17,23,18,19,43,7,0],[0,12,3,30,28,8,1,10,46,0]]],"drone_routes":[[[0,32,0]],[[0,47,0]],[[0,45,0]]],"truck_working_time":[13180.061299954115,13166.916647923887,12745.347285876516],"drone_working_time":[635.7525968080386,625.3521035400441,403.8561311282704],"working_time":13180.061299954115,"energy_violation":0.0,"capacity_violation":0.0,"waiting_time_violation":0.0,"fixed_time_violation":0.0,"feasible":true},"config":{"customers_count":50,"trucks_count":3,"drones_count":3,"x":[0.0,14781.727439901757,-22485.40023764578,25708.785183062715,-9113.216556277617,-4150.743881036535,3482.6621926847242,14008.213915781635,18111.260839020175,-22541.576642784457,6857.964231969164,24361.8821971652,21867.90735954286,30027.742508768613,17347.912781120398,-3123.483589560836,29791.960231816254,29767.394552049707,27682.94184194426,20658.1846420126,-18884.704016387783,19517.53341071194,9766.878463601306,31426.49084934722,-31246.954630642867,-8518.50117514834,-27681.882681477455,-22905.315507124353,23985.610450115117,25271.111352636304,27814.781365606694,-31486.33211399715,-9088.31856995753,-23405.920281553357,-14058.11749030119,-3048.512645809198,-26525.75970044556,-28131.305871604676,-13679.916303787239,22978.329786057464,-28972.82425413999,2865.4194622217506,14000.453328103955,18328.619300662416,22101.28295172626,5407.790739666784,3625.620158744443,-7072.997959537983,-12673.93780852741,3704.196952327273,-14918.282370575818],"y":[0.0,18262.94274917776,-4718.571946187108,24381.091022757806,-14682.296492338075,6382.903887814946,-15632.686983596654,-7346.591575937602,26446.587776140488,-5757.292707808762,19538.372210459103,-7924.742684790243,23482.446283234938,-24240.606129927124,-3290.909617567629,15137.654742991039,-1206.1505740870223,-24429.758965485427,-14929.465145503378,-15369.823078665231,19346.52068367299,5917.300585070023,8770.572758826973,-18275.560997814908,12204.852517134435,26800.91377355333,843.7665355779909,-21568.869791810645,25870.875829860008,5962.585808385788,25951.33954100727,7847.84701343696,4043.518005720287,-17863.148067885635,31634.804571434353,31901.27593055919,5215.316427972827,-29361.898980967224,-2873.116399344117,-10614.239083499268,-936.9803853575282,963.5715611465171,-3082.3258739075413,-7888.564267485439,-20071.551368176966,-3268.673722448992,18142.10960611595,-6760.866751102624,-21038.76250989239,-19244.807602536042,14590.679935487991],"demands":[0.0,0.32277333309695005,0.3517598852660709,0.462902548037735,0.06262096767667524,7.909950806280655,0.6609953459386401,0.6550232036836139,0.7457130489210777,0.048939923747018235,0.2642628914678538,0.0783257132657134,0.10778302045717941,1.119183779973906,0.03588067758416051,1.1200170031453764,0.1980874059364687,0.34738113966959405,0.46244979951724097,0.1579021505547156,1.1170916594865663,0.07133069268626763,0.8562178843935231,1.1046418417923414,0.7193057469498882,0.9310830323024396,0.2561240451448625,20.28535137227783,22.702233663959404,0.7932722818256135,0.583514798834349,0.7658904553471343,0.08366192456822755,0.3242914623105796,4.952401949971106,0.8476966136613641,0.1751922910304494,1.0375615084564425,20.370743945338116,0.10826718652331109,0.9058232543097494,25.180441044049008,15.13789140704463,1.6534013105870116,0.7039157557392517,0.663086867020212,0.6306894917549706,1.1332558685183118,0.7771978454399724,19.47386998195864,0.7239296883789809],"dronable":[true,true,true,true,true,false,true,true,true,true,true,true,true,true,true,true,true,true,true,true,true,true,true,true,true,true,true,false,false,true,true,true,true,true,false,true,true,true,false,true,true,false,false,true,true,true,true,true,true,false,true],"distances":[[0.0,23495.41538188438,22975.16365683746,35431.33126272376,17280.640795136485,7613.812238756967,16015.924521408928,15817.789507195232,32053.7014115395,23265.190669021256,20706.995485618114,25618.408436292273,32087.858384918167,38591.09101488542,17657.297753970157,15456.543625670487,29816.366204846152,38508.58218019867,31452.09370702161,25748.632083529323,27035.5304802839,20394.816906565426,13126.875539923305,36354.09821311702,33545.94757425189,28122.1236994727,27694.73904476521,31462.19354363254,35279.055045008026,25965.00526708414,38041.21562712144,32449.61960854456,9947.239430697295,29443.66083084162,34617.792067720846,32046.604115714563,27033.59859747986,40663.14648192272,13978.372863921037,25311.375132112025,28987.971255398803,3023.0942505865614,14335.739471174029,19954.140714920875,29855.21533061908,6318.89457008537,18500.844913025427,9784.509152828947,24561.31567164255,19598.053340070786,20867.273177588035],[23495.41538188438,0.0,43783.43091887502,12523.271506275201,40698.36774689206,22351.147479841868,35729.29596902531,25621.213310873056,8835.034724503172,44384.69036793806,8025.755022805682,27885.018084297117,8800.975116176625,45155.20615387082,21706.07885024242,18175.918329790202,24583.585647693028,45246.4031553152,35611.476730042516,34142.28590002086,33683.86480410415,13222.811298561142,10735.632179281009,40151.094692740466,46425.63979538521,24815.26954773363,45897.55858976531,54835.084538928466,11941.193752126854,16165.579350571496,15131.818788861674,47425.811053347126,27784.368564854052,52567.964353022726,31789.04440513549,22448.198000740806,43319.15334430901,64106.58295226645,35451.34921159541,30017.9266542261,47781.77311819471,21006.347595910283,21359.56183608258,26390.9408910428,39027.033350284066,23483.63679546336,11156.761641137335,33223.787625604025,47942.02322080936,39109.37251030281,29926.177452445758],[22975.16365683746,43783.43091887502,0.0,56298.04519938339,16676.063781355006,21433.674192911567,28168.389613809162,36588.11775909758,51179.645085638054,1040.2387269844241,38071.41156058327,46956.86746719828,52559.616855405504,56024.458763797156,39858.88916886127,27733.61777012547,52395.22422463002,55846.98252407002,51196.922631566515,44438.925132763994,24332.975497491636,43328.607403994545,34959.49808415055,55590.32247362621,19056.944428401857,34475.3861393736,7612.032525861649,16855.52925065738,55635.14311642867,48936.402914914164,58913.08632173769,15457.414405763902,16007.998548726355,13176.768897205517,37317.383063870424,41458.48354406768,10724.115013319544,25281.80803998585,8996.791288276863,45844.40684164382,7509.134777237879,25979.815516918614,36522.524715993866,40936.93982444821,47155.978358650085,27930.84867590009,34704.41106223409,15547.125523787583,19042.410956432388,29948.397675281853,20739.05689861771],[35431.33126272376,12523.271506275201,56298.04519938339,0.0,52330.87090130614,34864.39754354305,45772.29482476518,33816.40446683064,7873.28730560199,56889.538495368804,19462.92311101237,32333.89922655737,3944.60452049109,48813.141943422146,28907.504332953613,30277.728396214134,25910.98707139637,48979.29548885747,39360.095538144014,40070.484620527975,44876.78884992442,19474.16637074582,22312.164178324947,43038.1472613598,58242.74273995304,34312.71883124753,58348.68515259309,66893.42033994093,2277.8915539905693,18423.704641403943,2626.9564766007156,59536.791986940145,40304.532075460054,64782.945512097824,40423.049222925416,29724.322691458674,55639.685432300445,76072.75714285216,47898.451196537986,35101.68822038247,60258.4695330806,32713.904921165184,29855.05488968134,33102.832220262804,44598.78347988237,34302.184563903116,22947.57212884353,45215.780873467236,59465.92738011018,48861.24163453725,41790.07977098924],[17280.640795136485,40698.36774689206,16676.063781355006,52330.87090130614,0.0,21641.82991589467,12631.682530226757,24257.228071129073,49322.98947364184,16123.788238709678,37764.17326299446,34150.35534243609,49156.66414854731,40291.139964757174,28808.940638996053,30415.561686248377,41173.040812196916,40083.84892724753,36796.98853452741,29779.3388461944,35403.98798979397,35271.280717090965,30108.056464539517,40698.641578558774,34825.58173243032,41487.47305330502,24204.420976672136,15415.799858552788,52345.88937627295,40106.024123047384,54906.91584681363,31751.593127745396,18725.83105032766,14642.376737544162,46580.31661763385,46976.69478795806,26440.719707943532,24024.538506075914,12661.417023882801,32348.36066516893,24152.38565429538,19704.84478524863,25861.188175963984,28270.287454184843,31676.31682585473,18469.716771575062,35209.652037022744,8179.947497864016,7285.835303418965,13605.241514991456,29843.02159722427],[7613.812238756967,22351.147479841868,21433.674192911567,34864.39754354305,21641.82991589467,0.0,23301.39759121127,22765.034459798764,29969.121864453773,22036.494799558623,17153.950014659928,31901.075159341115,31134.61999947437,45890.83021372401,23574.878706246334,8814.812887557471,34780.75488137639,45824.23274728294,38309.275907041854,32994.90968225242,19625.10997930897,23672.856532210546,14120.948068935117,43287.17502421087,27714.612081526902,20879.95286092326,24174.294940133474,33660.59430127561,34226.23972133153,29424.857394371462,37479.57414655233,27374.81401586652,5463.7322513111,30961.79667999827,27125.901643428042,25542.165636606107,22405.45900880374,43043.678810152596,13284.541340174777,32013.89553337596,25878.879029460404,8865.42220800311,20470.870391053395,26626.989547496265,37269.38577062112,13583.759953051735,14097.899020936482,13464.704805816944,28715.72082941274,26804.47148757673,13539.109009549531],[16015.924521408928,35729.29596902531,28168.389613809162,45772.29482476518,12631.682530226757,23301.39759121127,0.0,13395.768592373368,44549.537176731916,27834.94959700496,35332.64876411294,22256.55483917041,43220.49155582888,27905.869651689893,18562.45248971003,31471.496501870773,30005.0681733396,27717.785457319296,24210.494750333717,17177.53384045223,41519.200861297104,26861.10681242316,25199.413885958664,28068.529406578145,44509.2674636409,44098.054326677695,35251.98402619618,27047.433028259016,46291.64734007001,30677.22809766117,48179.697855468534,42120.8504140954,23349.145597137864,26980.934456064177,50417.20648540515,47980.55726120028,36539.63096098418,34466.42190362461,21385.994064856666,20131.216412260732,35627.5510373861,16607.732725217797,16374.84333823992,16744.368578543148,19140.44294141878,12512.991003123134,33775.09913614647,13788.805440897073,17037.058906841332,3618.907710276259,35384.271488131664],[15817.789507195232,25621.213310873056,36588.11775909758,33816.40446683064,24257.228071129073,22765.034459798764,13395.768592373368,0.0,34041.356682365265,36584.32807593003,27819.549750790768,10369.79776011064,31815.159222486956,23281.602695947226,5253.77432505363,28267.231770104652,16936.105321653624,23241.910041686264,15636.43678804705,10420.861500187488,42361.141299504736,14362.570680628822,16665.890693621175,20563.04315899551,49297.96391626952,40908.49562598756,42487.011194995386,39558.58758987033,34683.549161793635,17435.224728132776,36046.824012877674,47964.82755626184,25752.367059107004,38864.063068399395,48034.03172953959,42794.00687952,42435.88752246984,47543.79968039444,28047.1840870238,9546.753320362282,43456.33161897894,13900.384152937524,4264.272763816948,4354.26653847585,15080.529438142223,9518.229500703092,27522.211776521268,21089.347256436005,29990.211161705483,15739.768429006801,36304.07785319242],[32053.7014115395,8835.034724503172,51179.645085638054,7873.28730560199,49322.98947364184,29969.121864453773,44549.537176731916,34041.356682365265,0.0,51862.73337905077,13204.549474638974,34935.06297428707,4785.2406282359025,52069.12867963845,29747.293179351567,24058.394320806434,30018.53888134814,52194.52184770135,42468.75124837569,41893.90215337028,37671.107871950364,20577.396218164784,19546.616692397023,46662.25392314129,51371.786590864256,26632.119176732725,52464.43032155302,63149.3760904953,5902.493337434727,21699.257959485793,9716.150545575572,52970.12728596603,35237.97177993647,60720.91088550863,32585.06553023916,21851.53625700591,49429.04496043001,72477.321764155,43247.24265272053,37379.04824437629,54468.07206350666,29695.45074081457,29813.67940633625,34335.840029912724,46688.9445790967,32316.79004008164,16697.249581726723,41677.1151522232,56591.40347752658,47908.945944215826,35092.92343707794],[23265.190669021256,44384.69036793806,1040.2387269844241,56889.538495368804,16123.788238709678,22036.494799558623,27834.94959700496,36584.32807593003,51862.73337905077,0.0,38784.06460524214,46953.512015115215,53171.08806125117,55724.01808123769,39965.6654147988,28524.746568468167,52531.05725688881,55541.781242647085,51055.17607696267,44256.30028814077,25368.763552842458,43649.339823716145,35424.499239622455,55400.89665173167,19960.517703542646,35449.7313791519,8366.404801712943,15815.76036252335,56259.40084843476,49228.12900955927,59507.98392619192,16282.152108195265,16644.70016000615,12136.672687560713,38342.37887941008,42404.56739410088,11673.554123898659,24257.42175422522,9319.20044542798,45778.28971670804,8037.185870971346,26280.895487055237,36639.80624888427,40925.7282759492,46881.583951175584,28059.94229383807,35438.73049945179,15501.099552617563,18190.48145254357,29508.535877629616,21729.118855881898],[20706.995485618114,8025.755022805682,38071.41156058327,19462.92311101237,37764.17326299446,17153.950014659928,35332.64876411294,27819.549750790768,13204.549474638974,38784.06460524214,0.0,32567.00514143078,15519.475280580185,49532.18721118676,25123.995091292938,10908.511119415176,30924.15557585293,49578.60987054489,40270.47931739883,37537.024145627496,25743.383141174258,18595.652287977253,11153.801461275936,45094.41256772974,38804.192461880026,17005.29912621217,39274.537631188294,50750.94251204311,18260.801380653997,22876.755961500556,21916.07479352545,40086.82379098518,22234.53264687916,48112.123471940635,24162.080839123548,15842.33797526179,36326.61490620745,60128.90773143884,30398.67363238635,34191.31693050126,41268.45608281593,18999.042946952373,23721.53309363611,29728.98875290149,42441.781436427555,22853.103669820346,3521.022219185517,29761.076552076,45033.31055377906,38911.197417469106,22331.24660520905],[25618.408436292273,27885.018084297117,46956.86746719828,32333.89922655737,34150.35534243609,31901.075159341115,22256.55483917041,10369.79776011064,34935.06297428707,46953.512015115215,32567.00514143078,0.0,31506.053852615943,17271.634926403367,8406.436573489245,35879.23504684935,8638.589434184461,17367.64596152346,7752.13350735132,8315.443322595922,51127.184792812084,14665.26089265019,22175.384816156573,12531.884740841333,59140.0315888919,47822.49290002782,52777.269886676804,49197.05462046406,33797.71310629462,13917.061124193482,34051.5999570713,58032.72893406049,35526.82360297411,48790.72509406486,55145.75373591683,48347.094061566066,52556.762185149666,56701.73245757103,38375.73922825302,3024.501306488532,53790.517140108146,23261.557132946513,11437.14163499496,6033.371367336495,12355.37413999585,19517.596193212215,33308.75788260456,31456.41902148604,39289.05037624647,23555.972266429035,45275.551727599675],[32087.858384918167,8800.975116176625,52559.616855405504,3944.60452049109,49156.66414854731,31134.61999947437,43220.49155582888,31815.159222486956,4785.2406282359025,53171.08806125117,15519.475280580185,31506.053852615943,0.0,48415.6239378566,27152.217905357345,26347.7734812843,25929.084609872985,48559.04971990377,38849.57613206036,38871.09805013173,40961.94837312727,17721.698595143313,19049.255180678025,42838.040226132805,54298.91974422388,30567.074608497525,54476.52259300486,63515.84499919617,3192.062355125746,17847.333371593322,6439.001814122387,55597.801792220365,36553.520437526,61312.13290632696,36839.38391410456,26300.279057716747,51726.54100809387,72749.20034018219,44252.27058032802,34114.76206810438,56401.13819629259,29465.136433367286,27705.305497281504,31570.031088631236,43554.62289569525,31409.518632071133,19007.89936161795,41859.69402636543,56349.59715930698,46427.77832694908,37845.5712553426],[38591.09101488542,45155.20615387082,56024.458763797156,48813.141943422146,40291.139964757174,45890.83021372401,27905.869651689893,23281.602695947226,52069.12867963845,55724.01808123769,49532.18721118676,17271.634926403367,48415.6239378566,0.0,24488.116830048795,51474.762954268735,23035.662266062543,321.80716860793495,9601.8454788106,12902.689896337306,65515.38024724532,31936.872619518384,38732.93874058716,6126.847504908789,71294.17904374294,63961.313746649226,62925.56389592884,53000.44156395588,50474.42901133484,30575.453279028567,50240.706675515365,69380.47421161855,48270.673420155916,53812.900781531345,71173.2012270307,65160.95131552554,63764.802092256126,58384.09500006586,48651.095118829144,15341.841435078673,63435.99807039692,37054.586306801284,26543.30088502405,20106.187030600664,8955.99121906111,32341.366297927674,49933.62251777733,41012.26928674236,42821.55186921304,26793.414369735066,59397.086880997376],[17657.297753970157,21706.07885024242,39858.88916886127,28907.504332953613,28808.940638996053,23574.878706246334,18562.45248971003,5253.77432505363,29747.293179351567,39965.6654147988,25123.995091292938,8406.436573489245,27152.217905357345,24488.116830048795,0.0,27544.32888557632,12617.469525405806,24517.228212267597,15564.986362503423,12524.298391275239,42723.01219060518,9460.358809913574,14246.10257015861,20560.791264217045,51005.68382937452,39681.09381001825,45219.221867418164,44208.66674936897,29907.670601816855,12182.128434793836,31059.048179509307,50088.475458542984,27434.79827899167,43280.76989556918,46969.60984531704,40675.59580202958,44690.659186876495,52421.90206057837,31030.64177382469,9237.572739419542,46380.50950905991,15094.476567008769,3353.951694301574,4701.086423092334,17440.884884119234,11940.142746208614,25449.47205458108,24666.20124607302,34875.4612172332,20992.32818273474,36889.816948736574],[15456.543625670487,18175.918329790202,27733.61777012547,30277.728396214134,30415.561686248377,8814.812887557471,31471.496501870773,28267.231770104652,24058.394320806434,28524.746568468167,10908.511119415176,35879.23504684935,26347.7734812843,51474.762954268735,27544.32888557632,0.0,36749.78114493719,51452.79479779505,43047.271066305475,38681.70041396162,16313.510408543576,24446.484033581033,14377.105649422943,48063.954475998355,28275.97836140368,12850.596327127829,28415.316398799307,41697.59966039691,29156.560403305517,29840.156029856913,32773.648215403104,29284.67983697253,12595.996438893771,38735.38723605394,19791.972387948794,16763.78883077125,25418.87733177381,51045.09238821825,20876.449621321204,36666.94283883558,30439.814508354073,15387.384241952837,25003.937874669326,31470.61296402015,43312.55062959405,20287.325335248264,7387.634968644789,22251.829304260318,37415.830086252245,35053.82915636557,11807.474739531544],[29816.366204846152,24583.585647693028,52395.22422463002,25910.98707139637,41173.040812196916,34780.75488137639,30005.0681733396,16936.105321653624,30018.53888134814,52531.05725688881,30924.15557585293,8638.589434184461,25929.084609872985,23035.662266062543,12617.469525405806,36749.78114493719,0.0,23223.62138404889,13884.427298051107,16853.352050611116,52837.76999611111,12502.295905917583,22372.7268853219,17147.491436163957,62494.8328383978,47456.1598381853,57510.38844746625,56494.629870862846,27692.581256854795,8475.190612002303,27229.36843961736,61943.55483126443,39233.0868005753,55744.68635325849,54784.647950916755,46632.588911474806,56682.63240911825,64403.81141236323,43503.82540178885,11616.268301494498,58765.400945380985,27013.81668629513,15902.569730884687,13268.867249075394,20372.772618083724,24471.242787390303,32542.779918446915,37281.094595753144,46868.80617819397,31716.944057028362,47418.83220528522],[38508.58218019867,45246.4031553152,55846.98252407002,48979.29548885747,40083.84892724753,45824.23274728294,27717.785457319296,23241.910041686264,52194.52184770135,55541.781242647085,49578.60987054489,17367.64596152346,48559.04971990377,321.80716860793495,24517.228212267597,51452.79479779505,23223.62138404889,0.0,9726.280160814567,12847.57344631315,65447.6077105518,32031.29214973484,38759.291407463425,6373.911918828678,71167.72839335285,63956.1696861872,62762.81180689378,52750.34665139051,50631.836705931375,30723.137591450264,50418.9228859244,69237.72727501493,48171.50551621486,53577.250667367654,71161.16068727069,65192.555232003935,63621.92790837959,58108.394538830566,48501.10987728118,15393.504799310396,63263.922979957206,36993.74945809767,26538.82693637295,20111.10890251687,8818.346813879056,32267.349233541252,49957.54559731865,40858.343976369426,42576.58452134007,26573.93440494516,59324.568047798435],[31452.09370702161,35611.476730042516,51196.922631566515,39360.095538144014,36796.98853452741,38309.275907041854,24210.494750333717,15636.43678804705,42468.75124837569,51055.17607696267,40270.47931739883,7752.13350735132,38849.57613206036,9601.8454788106,15564.986362503423,43047.271066305475,13884.427298051107,9726.280160814567,0.0,7038.545931319215,57822.04463134219,22388.870812844703,29709.882592219998,5021.00753073366,64876.83633845577,55244.628709475954,57567.861104737494,51022.08811557011,40967.52473761287,21030.804059023914,40881.017275462094,63401.96313726458,41377.52629068723,51173.02344558924,62534.36853802683,56013.75370983519,57830.74915263473,57650.02510185441,43084.122122574605,6383.929085022396,58358.079660807234,29470.290681073177,18098.762412163993,11708.015860102318,7589.200662003815,25142.72087983463,40896.01182414859,35702.95997831642,40816.67856905048,24363.95671894862,51829.55980913002],[25748.632083529323,34142.28590002086,44438.925132763994,40070.484620527975,29779.3388461944,32994.90968225242,17177.53384045223,10420.861500187488,41893.90215337028,44256.30028814077,37537.024145627496,8315.443322595922,38871.09805013173,12902.689896337306,12524.298391275239,38681.70041396162,16853.352050611116,12847.57344631315,7038.545931319215,0.0,52620.00159326765,21317.66213979913,26483.56587513681,11153.462755113573,58775.047572310395,51280.113513255645,50986.6903909113,44002.34908951582,41374.71460895002,21825.461318421632,41936.32502861424,57079.86363178767,35520.87084234337,44134.58974791655,58435.06356860238,52882.551922503844,51478.8555838214,50756.20723255561,36541.38550182421,5291.375305581115,51686.98087777756,24152.89368177256,13975.262924364884,7835.566863952809,4918.209190334768,19468.23900403319,37591.992300834405,29036.745987290342,33810.756592136706,17391.181778195518,46511.46897227474],[27035.5304802839,33683.86480410415,24332.975497491636,44876.78884992442,35403.98798979397,19625.10997930897,41519.200861297104,42361.141299504736,37671.107871950364,25368.763552842458,25743.383141174258,51127.184792812084,40961.94837312727,65515.38024724532,42723.01219060518,16313.510408543576,52837.76999611111,65447.6077105518,57822.04463134219,52620.00159326765,0.0,40682.62272597553,30541.182903035577,62822.26801753107,14276.857653230292,12768.168924484688,20487.612440944788,41112.4615478171,43363.93746571481,46139.63311134228,47164.240342459816,17059.323752278022,18170.059404868716,37483.34090122058,13202.19142415441,20209.078069887408,16064.764725422841,49578.31977886715,22821.088651381786,51479.71178018464,22653.710193888943,28478.07384245217,39805.61180883257,46114.87053647802,56865.064248932744,33189.94304755025,22542.522053073044,28655.053282848767,40860.06259800852,44716.31766892678,6192.77981963371],[20394.816906565426,13222.811298561142,43328.607403994545,19474.16637074582,35271.280717090965,23672.856532210546,26861.10681242316,14362.570680628822,20577.396218164784,43649.339823716145,18595.652287977253,14665.26089265019,17721.698595143313,31936.872619518384,9460.358809913574,24446.484033581033,12502.295905917583,32031.29214973484,22388.870812844703,21317.66213979913,40682.62272597553,0.0,10159.548907070079,26965.12226643625,51152.3856276446,34959.18384496051,47471.313729398535,50548.86420378282,20447.710812693374,5753.756154482856,21684.25789629464,51040.38898729798,28667.155922669517,49070.68997892636,42293.195016637954,34415.01720731841,46048.64408727774,59287.72054120754,34341.550610107544,16889.90572398451,48972.399921658216,17373.322370691327,10556.109559825474,13856.962909963391,26116.971255076296,16836.47713215303,20049.90928680492,29458.314370585435,41987.14275630946,29718.5682426134,35511.30690187344],[13126.875539923305,10735.632179281009,34959.49808415055,22312.164178324947,30108.056464539517,14120.948068935117,25199.413885958664,16665.890693621175,19546.616692397023,35424.499239622455,11153.801461275936,22175.384816156573,19049.255180678025,38732.93874058716,14246.10257015861,14377.105649422943,22372.7268853219,38759.291407463425,29709.882592219998,26483.56587513681,30541.182903035577,10159.548907070079,0.0,34650.13939196957,41157.366078757266,25679.72557564671,38278.50530261206,44586.47814241626,22239.440290292667,15756.459887655048,24917.97637016065,41263.52876040641,19438.711423682238,42541.62269662265,33021.258737124444,26443.594281147572,36466.36028567301,53762.0477371487,26178.763952412835,23458.75905089654,39937.465551861686,10420.144147194269,12586.27673822677,18730.463224983334,31368.864471545345,12804.104873901664,11204.497152798443,22908.667599779885,37312.01822633497,28663.873497819313,25361.995445094875],[36354.09821311702,40151.094692740466,55590.32247362621,43038.1472613598,40698.641578558774,43287.17502421087,28068.529406578145,20563.04315899551,46662.25392314129,55400.89665173167,45094.41256772974,12531.884740841333,42838.040226132805,6126.847504908789,20560.791264217045,48063.954475998355,17147.491436163957,6373.911918828678,5021.00753073366,11153.462755113573,62822.26801753107,26965.12226643625,34650.13939196957,0.0,69692.29782677276,60228.65568523683,62123.65496965428,54431.52638655042,44769.12536219095,25007.52801352957,44374.127334132565,68120.8906235044,46255.71391567349,54833.962056857454,67526.98858284231,60878.902997078505,62532.26899784895,60580.83888599525,47663.64721539154,11404.704241060273,62838.71133803606,34436.5942044472,23119.281503154692,16716.5768081184,9496.58274034853,30036.301721300915,45816.319618363355,40184.559499150244,44186.91084930737,27739.23246763531,56815.73547787629],[33545.94757425189,46425.63979538521,19056.944428401857,58242.74273995304,34825.58173243032,27714.612081526902,44509.2674636409,49297.96391626952,51371.786590864256,19960.517703542646,38804.192461880026,59140.0315888919,54298.91974422388,71294.17904374294,51005.68382937452,28275.97836140368,62494.8328383978,71167.72839335285,64876.83633845577,58775.047572310395,14276.857653230292,51152.3856276446,41157.366078757266,69692.29782677276,0.0,27011.619734471937,11907.309212540187,34788.60821977144,56898.12333095113,56861.741761517034,60640.37074744997,4363.576347308149,23613.820806407086,31073.565595926848,25941.841859620974,34396.23853930742,8434.648558808678,41683.35515879969,23150.5071698982,58831.049723340446,13337.145159529211,35916.85487042257,47760.08532388532,53492.830628961485,62352.230921697155,39786.93720870348,35374.39037187881,30725.863511023326,38080.1115274069,47017.70005666534,16502.051698102594],[28122.1236994727,24815.26954773363,34475.3861393736,34312.71883124753,41487.47305330502,20879.95286092326,44098.054326677695,40908.49562598756,26632.119176732725,35449.7313791519,17005.29912621217,47822.49290002782,30567.074608497525,63961.313746649226,39681.09381001825,12850.596327127829,47456.1598381853,63956.1696861872,55244.628709475954,51280.113513255645,12768.168924484688,34959.18384496051,25679.72557564671,60228.65568523683,27011.619734471937,0.0,32264.666176655966,50464.010827350074,32517.414459398464,39698.53683905371,36343.21389974944,29778.179891473697,22764.528415875702,47079.864781301534,7352.132286959103,7478.9349939492895,28110.485096533313,59488.85311182823,30119.5662789518,48907.504781121104,34464.0407525106,28234.055707229872,37418.06146431325,43864.88076585195,55987.491178290205,33137.9193474241,14914.911081945502,33592.894956099204,48019.811333645484,47640.34851425679,13785.753868743739],[27694.73904476521,45897.55858976531,7612.032525861649,58348.68515259309,24204.420976672136,24174.294940133474,35251.98402619618,42487.011194995386,52464.43032155302,8366.404801712943,39274.537631188294,52777.269886676804,54476.52259300486,62925.56389592884,45219.221867418164,28415.316398799307,57510.38844746625,62762.81180689378,57567.861104737494,50986.6903909113,20487.612440944788,47471.313729398535,38278.50530261206,62123.65496965428,11907.309212540187,32264.666176655966,0.0,22915.973929006122,57409.80792626904,53199.82977345469,60911.985212910964,7970.632272594474,18866.87668481139,19189.385306122895,33670.38760260801,39640.532402245866,4521.84351885018,30209.008763963655,14486.900330777542,51939.80188663205,2199.4521455239137,30547.53707752233,41866.82859763165,46831.82565203526,53998.27870847485,33344.244660717995,35768.5952628354,21967.170434698255,26534.571538567612,37264.41742040302,18758.65456052415],[31462.19354363254,54835.084538928466,16855.52925065738,66893.42033994093,15415.799858552788,33660.59430127561,27047.433028259016,39558.58758987033,63149.3760904953,15815.76036252335,50750.94251204311,49197.05462046406,63515.84499919617,53000.44156395588,44208.66674936897,41697.59966039691,56494.629870862846,52750.34665139051,51022.08811557011,44002.34908951582,41112.4615478171,50548.86420378282,44586.47814241626,54431.52638655042,34788.60821977144,50464.010827350074,22915.973929006122,0.0,66702.98645320263,55488.27941502111,69503.22670073711,30642.73280253515,29101.611863482558,3739.3821194618313,53934.2551492008,57038.137271869244,27027.768084194297,9383.084739715807,20848.00195157456,47173.221634164496,21505.56957802382,34232.17337804791,41276.96790400028,43444.08059761067,45031.49861261522,33712.448168579554,47758.27082348166,21678.081856594905,10245.101431498355,26710.810889775083,37031.14546979755],[35279.055045008026,11941.193752126854,55635.14311642867,2277.8915539905693,52345.88937627295,34226.23972133153,46291.64734007001,34683.549161793635,5902.493337434727,56259.40084843476,18260.801380653997,33797.71310629462,3192.062355125746,50474.42901133484,29907.670601816855,29156.560403305517,27692.581256854795,50631.836705931375,40967.52473761287,41374.71460895002,43363.93746571481,20447.710812693374,22239.440290292667,44769.12536219095,56898.12333095113,32517.414459398464,57409.80792626904,66702.98645320263,0.0,19949.749977117826,3830.016228276088,58326.37464778508,39627.24227608877,64487.37885337925,38477.89118626902,27698.54756011768,54571.51865847094,75939.66276056731,47380.470606796225,36499.016761787105,59357.029585219556,32656.33588293955,30626.64284002245,34230.12334992735,45981.053782706105,34557.90406412684,21777.58094936155,45049.61465111976,59535.171518137984,49464.74123090533,40506.242679606985],[25965.00526708414,16165.579350571496,48936.402914914164,18423.704641403943,40106.024123047384,29424.857394371462,30677.22809766117,17435.224728132776,21699.257959485793,49228.12900955927,22876.755961500556,13917.061124193482,17847.333371593322,30575.453279028567,12182.128434793836,29840.156029856913,8475.190612002303,30723.137591450264,21030.804059023914,21825.461318421632,46139.63311134228,5753.756154482856,15756.459887655048,25007.52801352957,56861.741761517034,39698.53683905371,53199.82977345469,55488.27941502111,19949.749977117826,0.0,20149.951188979936,56788.74535222066,34412.98077523747,54195.193545726994,46966.48866583459,38403.34293609694,51802.26117088416,64028.41081133548,39940.608270219855,16734.633871353853,54680.97076473623,22956.593225744313,14451.233845123461,15493.629475240077,26226.40102300167,21903.599208788673,24836.829285646054,34756.692193467316,46571.44583162643,33174.45522270475,41105.12591034721],[38041.21562712144,15131.818788861674,58913.08632173769,2626.9564766007156,54906.91584681363,37479.57414655233,48179.697855468534,36046.824012877674,9716.150545575572,59507.98392619192,21916.07479352545,34051.5999570713,6439.001814122387,50240.706675515365,31059.048179509307,32773.648215403104,27229.36843961736,50418.9228859244,40881.017275462094,41936.32502861424,47164.240342459816,21684.25789629464,24917.97637016065,44374.127334132565,60640.37074744997,36343.21389974944,60911.985212910964,69503.22670073711,3830.016228276088,20149.951188979936,0.0,62002.89107466398,42916.09755413724,67403.78032170907,42256.850726825105,31431.58698307825,58162.50560193921,78673.49638183438,50523.847784305435,36884.04538586154,62831.631368972354,35310.893616580004,32152.59533152736,35144.36456233669,46376.185179077496,36822.30851029738,25418.48917751746,47825.15642146449,62027.462233399965,51225.111003986036,44217.409726861144],[32449.61960854456,47425.811053347126,15457.414405763902,59536.791986940145,31751.593127745396,27374.81401586652,42120.8504140954,47964.82755626184,52970.12728596603,16282.152108195265,40086.82379098518,58032.72893406049,55597.801792220365,69380.47421161855,50088.475458542984,29284.67983697253,61943.55483126443,69237.72727501493,63401.96313726458,57079.86363178767,17059.323752278022,51040.38898729798,41263.52876040641,68120.8906235044,4363.576347308149,29778.179891473697,7970.632272594474,30642.73280253515,58326.37464778508,56788.74535222066,62002.89107466398,0.0,22718.801242977956,26950.850143431322,29488.33692895513,37246.16784014567,5615.825491723649,37360.69322235898,20784.790124133655,57508.67777073253,9137.336274219859,35034.78392765205,46781.5810891742,52241.40144030627,60424.54215319643,38532.49712142505,36589.903453416126,28450.402499640153,34472.34238136092,44411.54433374533,17887.595369841605],[9947.239430697295,27784.368564854052,16007.998548726355,40304.532075460054,18725.83105032766,5463.7322513111,23349.145597137864,25752.367059107004,35237.97177993647,16644.70016000615,22234.53264687916,35526.82360297411,36553.520437526,48270.673420155916,27434.79827899167,12595.996438893771,39233.0868005753,48171.50551621486,41377.52629068723,35520.87084234337,18170.059404868716,28667.155922669517,19438.711423682238,46255.71391567349,23613.820806407086,22764.528415875702,18866.87668481139,29101.611863482558,39627.24227608877,34412.98077523747,42916.09755413724,22718.801242977956,0.0,26170.51274301611,28035.299100598204,28504.98083143193,17476.769287303337,38452.012293573986,8301.96369798319,35257.90379014165,20498.75436527335,12344.145294163221,24163.382187879724,29900.887437933754,39424.964349879854,16235.927229021565,18984.586461441166,10990.73460403121,25337.27414675631,26570.558199331554,12051.186775137992],[29443.66083084162,52567.964353022726,13176.768897205517,64782.945512097824,14642.376737544162,30961.79667999827,26980.934456064177,38864.063068399395,60720.91088550863,12136.672687560713,48112.123471940635,48790.72509406486,61312.13290632696,53812.900781531345,43280.76989556918,38735.38723605394,55744.68635325849,53577.250667367654,51173.02344558924,44134.58974791655,37483.34090122058,49070.68997892636,42541.62269662265,54833.962056857454,31073.565595926848,47079.864781301534,19189.385306122895,3739.3821194618313,64487.37885337925,54195.193545726994,67403.78032170907,26950.850143431322,26170.51274301611,0.0,50372.896804814656,53767.29434837544,23288.385978557493,12431.83580714286,17868.861261966304,46947.26121722727,17818.124824376435,32320.71570870673,40220.759457713655,42909.95357875304,45560.757140896516,32299.049896769277,45023.13581645225,19749.05066108184,11191.960278951046,27145.302346896817,33545.35659939273],[34617.792067720846,31789.04440513549,37317.383063870424,40423.049222925416,46580.31661763385,27125.901643428042,50417.20648540515,48034.03172953959,32585.06553023916,38342.37887941008,24162.080839123548,55145.75373591683,36839.38391410456,71173.2012270307,46969.60984531704,19791.972387948794,54784.647950916755,71161.16068727069,62534.36853802683,58435.06356860238,13202.19142415441,42293.195016637954,33021.258737124444,67526.98858284231,25941.841859620974,7352.132286959103,33670.38760260801,53934.2551492008,38477.89118626902,46966.48866583459,42256.850726825105,29488.33692895513,28035.299100598204,50372.896804814656,0.0,11012.829146822147,29213.549185997203,62599.1411720258,34509.993420210514,56184.340492800846,35824.1490216138,35030.42445296345,44638.128799607424,51097.91976533342,63095.55836095496,39964.66414508098,22243.367430931015,39025.88206776803,52691.75099066706,53890.95238843385,17065.815779708028],[32046.604115714563,22448.198000740806,41458.48354406768,29724.322691458674,46976.69478795806,25542.165636606107,47980.55726120028,42794.00687952,21851.53625700591,42404.56739410088,15842.33797526179,48347.094061566066,26300.279057716747,65160.95131552554,40675.59580202958,16763.78883077125,46632.588911474806,65192.555232003935,56013.75370983519,52882.551922503844,20209.078069887408,34415.01720731841,26443.594281147572,60878.902997078505,34396.23853930742,7478.9349939492895,39640.532402245866,57038.137271869244,27698.54756011768,38403.34293609694,31431.58698307825,37246.16784014567,28504.98083143193,53767.29434837544,11012.829146822147,0.0,35543.235134665374,66199.11718632124,36363.238382367796,49849.428721740085,41838.03305887693,31497.87523988841,38916.829726907825,45168.71874696896,57738.08964645495,36172.28808829133,15292.439525350817,38871.04010413915,53807.95925919863,51589.93068120095,20989.23931502905],[27033.59859747986,43319.15334430901,10724.115013319544,55639.685432300445,26440.719707943532,22405.45900880374,36539.63096098418,42435.88752246984,49429.04496043001,11673.554123898659,36326.61490620745,52556.762185149666,51726.54100809387,63764.802092256126,44690.659186876495,25418.87733177381,56682.63240911825,63621.92790837959,57830.74915263473,51478.8555838214,16064.764725422841,46048.64408727774,36466.36028567301,62532.26899784895,8434.648558808678,28110.485096533313,4521.84351885018,27027.768084194297,54571.51865847094,51802.26117088416,58162.50560193921,5615.825491723649,17476.769287303337,23288.385978557493,29213.549185997203,35543.235134665374,0.0,34614.47101927119,15180.198884516914,51973.3557082711,6621.093641481184,29697.116812656965,41366.953117256904,46729.294932149794,54808.89489887654,33041.33369862139,32805.60454074359,22843.79353100722,29684.1646438144,38886.34653469521,14920.823397570493],[40663.14648192272,64106.58295226645,25281.80803998585,76072.75714285216,24024.538506075914,43043.678810152596,34466.42190362461,47543.79968039444,72477.321764155,24257.42175422522,60128.90773143884,56701.73245757103,72749.20034018219,58384.09500006586,52421.90206057837,51045.09238821825,64403.81141236323,58108.394538830566,57650.02510185441,50756.20723255561,49578.31977886715,59287.72054120754,53762.0477371487,60580.83888599525,41683.35515879969,59488.85311182823,30209.008763963655,9383.084739715807,75939.66276056731,64028.41081133548,78673.49638183438,37360.69322235898,38452.012293573986,12431.83580714286,62599.1411720258,66199.11718632124,34614.47101927119,0.0,30174.46375823972,54439.59596369262,28437.37242354122,43363.9383015575,49655.82640487949,51182.30896247139,51084.47453640206,42493.85138925365,57141.343900355874,30891.082693469794,17555.76338851652,33404.41255301619,45895.677176025674],[13978.372863921037,35451.34921159541,8996.791288276863,47898.451196537986,12661.417023882801,13284.541340174777,21385.994064856666,28047.1840870238,43247.24265272053,9319.20044542798,30398.67363238635,38375.73922825302,44252.27058032802,48651.095118829144,31030.64177382469,20876.449621321204,43503.82540178885,48501.10987728118,43084.122122574605,36541.38550182421,22821.088651381786,34341.550610107544,26178.763952412835,47663.64721539154,23150.5071698982,30119.5662789518,14486.900330777542,20848.00195157456,47380.470606796225,39940.608270219855,50523.847784305435,20784.790124133655,8301.96369798319,17868.861261966304,34509.993420210514,36363.238382367796,15180.198884516914,30174.46375823972,0.0,37466.67835283448,15414.981551809207,16984.354863112996,27681.160227894554,32399.09055605365,39699.878910897605,19091.805199419625,27223.54341955835,7665.896738488964,18193.47936340388,23879.691508771386,17507.647841439717],[25311.375132112025,30017.9266542261,45844.40684164382,35101.6