{"problem":"100.30.1","tabu_size":6,"reset_after":375,"iterations":5768,"solution":{"truck_routes":[[[0,97,88,98,68,51,8,27,23,7,48,22,0],[0,74,83,12,82,95,5,67,77,54,86,73,99,96,0]],[[0,61,41,69,31,4,89,56,36,0],[0,75,3,93,60,49,38,62,85,78,20,39,0]],[[0,58,1,66,64,17,91,13,59,53,50,46,45,65,79,25,0],[0,9,44,18,94,2,34,24,40,35,19,26,81,0]],[[0,87,55,30,100,33,80,15,0],[0,14,52,57,32,90,28,37,29,63,43,70,47,72,76,10,0]]],"drone_routes":[[[0,6,0],[0,11,0],[0,21,71,0],[0,84,0]],[],[[0,92,42,0]],[[0,16,0]]],"truck_working_time":[8862.635756480926,8851.307827364333,8853.490967026897,8864.158891562507],"drone_working_time":[2150.195025982057,-0.0,603.3408463558795,476.6384381692999],"working_time":8864.158891562507,"energy_violation":0.0,"capacity_violation":0.0,"waiting_time_violation":0.0,"fixed_time_violation":0.0,"feasible":true},"config":{"customers_count":100,"trucks_count":4,"drones_count":4,"x":[0.0,11025.745937059615,-8031.249214647097,16972.51843026259,-3726.857870408769,-13945.767056383818,-4188.133436346097,9232.701800668601,23444.475938758962,-10188.10974384985,-12589.854417723074,-8454.65526688824,-19938.428769099246,21658.413521141305,-14224.998545874681,-10981.197576078383,-153.94555897792767,10396.640038475938,-10995.553739036799,-5459.901608195422,5294.376953272305,4713.246135267125,4654.181772102343,15600.876784974149,-4236.6675689214935,10004.691007120542,-1929.9413766918685,20979.668601929443,-24094.204115488807,-21469.47822481794,-24057.17532085962,4541.3570775455055,-16881.400776781353,-22965.867795058908,-12175.75145017635,-2826.849492067532,-3258.372892268862,-23391.33102837389,21464.517902931606,2716.95711833071,-5450.752871959488,13151.198781666295,9231.82515992863,-21401.337666242423,-12446.631086277772,18342.227357331525,18034.424390370157,-18145.188310154692,8978.031815884435,21213.46848597296,19242.671274374065,21894.80118244775,-15014.78207649573,20240.975004476502,-13045.85854293872,-17899.93681459618,-5906.002031822562,-15374.48662656251,10780.525496387938,20641.96340422483,22109.306160410255,8900.301625410353,12774.60508067101,-22027.70084661303,9183.641439445542,17363.596658327853,9961.208717229618,-12264.501402486898,20030.999812924183,8080.233392098553,-18991.755625866437,-2206.9657340816534,-17929.268328781593,-8451.376657591449,-11179.48984579451,11867.524581286332,-18754.562614088896,-13865.296381160724,3833.9883970096084,13782.256136588587,-19071.821469656566,-2147.4596958277216,-16767.08578406114,-15322.208172158551,1943.3288231704646,8631.685135734335,-11171.277572728679,-10934.395948307616,15357.949327157616,-2788.613432070606,-18500.619574778237,15897.390161688596,6705.592579519555,16801.756295104024,-7748.00846477905,-14968.189888349105,-5618.361828189733,15690.587997306699,18125.97999660388,-8481.085009097598,-21929.94705523068],"y":[0.0,-16544.46947123915,16766.90185862984,15469.222249578472,-22336.476281974257,-22133.51467493683,10094.711672299825,6263.328120288036,5636.513972847174,7728.957077236397,-6681.784776527016,996.1775710613086,-20548.34316895645,-22202.138117188493,-2194.650170159268,2931.6815205792655,7456.086574021014,-20840.058771151536,11923.81948333494,11807.608680558487,12782.428084844385,2542.0775513779927,2371.430665181238,10700.266244161014,19182.967891248918,-12493.529101843193,11887.21651248775,11164.898332454886,-5767.546331989165,-9728.220067823953,19522.039624050423,-12328.906074531618,-1757.3695278665075,11498.316844172876,22130.58825371101,15154.49960153611,-12894.185929435243,-9020.588358087482,23263.451142931666,6182.345358394027,17410.598123005897,-6620.976845836994,1879.576388318744,-10803.313965968018,8926.191262941282,-18486.873394249145,-18420.375224154064,-13628.558579325725,5919.302422380396,22078.345749016262,-16900.705799731957,-1974.6451437580388,-4160.353297782898,-17636.044908530104,-19236.85569331764,21170.56561699505,-14563.006269147032,-2627.461089823087,-16400.602746702083,-18503.72395356796,20488.452395920638,-6597.788270829963,23854.82071057641,-10830.750967716673,-19844.709849470073,-17962.503696979064,-19510.59287434992,-23012.805535686384,-9127.219940558574,-10035.835497697255,-14006.071971199146,310.38747908026875,-12773.006788771663,-13290.462136495995,-7735.521150231861,15906.578563224864,-11074.976813047711,-20711.05471461462,16360.303812135206,-15387.276786607035,7554.141506206376,8217.246864667244,-20159.582907007545,-16007.77712067484,-6488.40911487947,20745.31271986686,-13417.506730786297,17166.36891666246,-7914.284053386394,-16577.037081550883,1059.7547484404488,-23518.09857992184,1746.3281454524533,16727.468867006315,13380.340717006755,-20724.418142410428,-6693.799048752649,-3464.6849146795807,-8973.737718893417,-10568.733803424479,17533.407879426948],"demands":[0.0,0.2682521959745524,0.7717112338588504,0.5317265844221084,0.385449624265927,0.3587615758119379,0.7287658879164263,0.692532128280361,0.14799191781352972,0.6190604008681259,8.516336766439364,0.11318947914761608,0.6096505386237235,16.302683554684577,0.0729171246330227,15.51144356433187,0.4387958951071049,0.06487222652146275,0.6928469755442787,9.91006217389638,0.37729398346116305,0.2783338314336475,16.672720179189426,0.9350629838869369,0.7387804146123289,18.012470536128806,0.6827524248492947,0.4680683059585093,0.20481038941747579,1.0675216931519091,0.3008724404883922,0.8669050742221579,1.0217940898498814,1.0938571086788593,1.006871660508653,0.8839483407922272,0.7540674946184603,1.0765417373451962,0.6127014969041465,0.45851523741258615,17.995489112870054,0.24740388660274026,0.7031004446073326,0.003593912752420987,0.5256514616047949,0.19613605359729736,0.9954900577609573,0.8487007553218994,4.950779588762921,0.7174324088816102,0.3841515489702405,0.6019754711184273,0.6395225591466626,1.066679206673785,0.6997529692913049,1.0082043624046833,1.0750344235387597,0.38730824839332917,0.14345684222371138,0.5202615288077207,22.809929621102082,0.14476345861647197,0.7761784460297106,14.245987104923634,0.4169672558033846,0.062230446718618625,0.012524499364742984,0.6712303742053396,0.24411925514810107,0.5988990964479927,0.7058026811084629,0.25787339491987793,2.537203072310524,0.06396934395784176,19.520910290249066,0.8543963816748679,0.8315499396712084,15.3121033767229,0.9835796128563152,0.2396830920859186,0.6297328876096789,14.523212171913721,0.08904933964894378,11.366436259555986,0.7587148270055717,22.615952452652518,0.315545509747783,0.7752224907015481,0.23877633029186102,0.7483869107754568,0.19718894436135512,0.17378301778720204,0.62028919826383,0.6224738099008081,1.0373386778601767,0.7887623175747691,0.19522066991160855,0.19455289200023773,0.8476751879114963,0.47106243310225343,0.8463130566859818],"dronable":[true,true,true,true,true,true,true,true,true,true,false,true,true,false,true,false,true,true,true,false,true,true,false,true,true,false,true,true,true,true,true,true,true,true,true,true,true,true,true,true,false,true,true,true,true,true,true,true,false,true,true,true,true,true,true,true,true,true,true,true,false,true,true,false,true,true,true,true,true,true,true,true,false,true,false,true,true,false,true,true,true,false,true,false,true,false,true,true,true,true,true,true,true,true,true,true,true,true,true,true,true],"distances":[[0.0,19881.814392890577,18591.125890722553,22964.390235154446,22645.256507300295,26160.598056171504,10929.0285674211,11156.704786022623,24112.52251028808,12788.05527257725,14253.093771504115,8513.140750334547,28631.71927722196,31016.476479888406,14393.299586943811,11365.802072136206,7457.6756589721335,23289.443395553513,16219.730981098424,13008.848847010833,13835.494030484037,5355.076788322501,5223.513316488399,18917.797286044613,19645.24393348777,16005.689974710913,12042.864697912566,23765.551738195307,24774.89177878441,23570.67586926485,30981.570578354676,13138.7156564253,16972.62619171788,25683.503924291825,25258.89664715708,15415.898813360205,13299.51219736718,25070.408485005395,31653.020201630683,6753.01785228679,18243.89305691061,14723.836585211431,9421.220896625693,23973.503009610555,15316.511217000609,26042.30773804499,25778.880629123658,22693.29125008286,10753.752668470275,30618.043638000003,25610.822991515015,21983.665350952797,15580.507705688877,26846.361935046865,23243.30101530104,27723.64670295069,15715.02502686865,15597.384101473035,19626.499953720795,27721.443925798703,30142.961043577998,11079.087466483132,27059.989026251485,24546.38000016646,21866.681940750772,24982.914721406723,21906.366960699925,26076.947928676793,22012.43051888407,12884.41561762212,23597.81417451709,2228.6852937506396,22013.82214045207,15749.988927301356,13594.825511123965,19845.8404023483,21780.46671344132,24923.768397439202,16803.54152712368,20657.1748097892,20513.396307443658,8493.21665684375,26221.059259201866,22158.948341836152,6773.180918668575,22469.401151956114,17459.29349881164,20353.015416328883,17277.224881711394,16809.95310155973,18530.94721749295,28387.109306300896,6929.259255801238,23708.800671833513,15461.731884671803,25564.589100455865,8739.161020231939,16068.559153179644,20225.704424933498,13550.901709450456,28077.445925717173],[19881.814392890577,0.0,38377.291776369406,32561.335363916856,15848.86942326589,25589.331516682694,30677.485190067688,22878.169468974553,25420.874914171207,32237.042501673324,25592.36467198999,26213.743146092984,31221.965342060077,12044.203355180442,29043.371204391573,29387.514700065334,26476.634839575978,4341.412404408796,35991.40335448966,32796.599069293974,29881.691898106066,20103.331340705838,19960.163022360226,27626.20941203372,38850.88218455358,4177.639410762344,31244.36911907414,29442.989666448702,36736.26224921089,33202.42234024844,50315.05184644022,7734.227410223405,31582.70353283797,44066.17374410227,45100.660427959854,34593.62716454921,14743.15504449237,35229.873315829755,41153.8394779831,24198.01818196418,37741.510679003804,10148.559290907138,18511.175478335095,32931.39258445116,34636.787399547,7569.929548767854,7255.38393578994,29316.308450841487,22556.909824056835,39943.854925027335,8224.643841573823,18177.352471164766,28835.315719138944,9279.654287755662,24221.70691364079,47530.19034630699,17047.295553928514,29843.850316300322,284.30740221147244,9813.781967332416,38655.951795859364,10171.232984476157,40437.12595497772,33543.65697741637,3779.541709551011,6494.549470937158,3151.369152429591,24171.7809145268,11666.627103372895,7144.113685690251,30124.638785361018,21428.739136666187,29199.602427093294,19747.072398247525,23888.70165359186,32461.96404749668,30278.410251194156,25237.361595019196,33681.53027024059,2989.555717740235,38556.53790012898,28047.743983183893,28026.96095248304,26353.419596337415,13550.44835130614,37366.554336472735,22416.19389357334,40232.678961767895,9656.50488322224,13814.397758451772,34376.08137521497,8506.72794891358,18794.06827931185,33769.574715122566,35326.30916389515,26327.868705785764,19340.683314549256,13886.738835776543,10379.272757100487,20401.614405079545,47406.53357216844],[18591.125890722553,38377.291776369406,0.0,25037.419371979617,39339.57253010546,39347.47676516512,7699.848100318906,20208.143554913786,33385.727615565556,9291.743281750189,23887.69110465252,15776.406981298955,39168.97287919057,48990.42916735666,19947.505761837958,14146.219181729068,12196.031901718043,41879.238175201965,5678.252214124462,5586.2704319849945,13908.570883492037,19098.894949608162,19187.22883068296,24398.390253062105,4498.469177403944,34372.488412621286,7812.636329104776,29546.840712120727,27673.450731742272,29708.205681721167,16261.02984648361,31696.00082442424,20529.827399988408,15836.692211347108,6778.350132966413,5448.450927655236,30042.644310380245,30015.442109049003,30202.738790675914,15084.985107150369,2659.5688100509474,31554.539664070122,22795.749527512944,30641.084605777072,8998.463186437317,44027.13863145331,43789.99667713966,32033.978511308258,20173.89537756452,29723.138286353333,43328.680389308305,35310.25455037354,22061.7256717176,44529.55657269045,36351.297976479524,10806.629883646798,31401.907886035253,20737.995319318543,38130.90910958525,45455.144561106725,30369.442153561336,28854.56911296938,21980.040186719096,30943.999415226106,40456.92242493297,43023.59593476714,40494.260908574775,40004.31907261099,38183.70548069726,31272.457555806508,32666.62852394964,17456.779301644085,31154.084568168553,30060.300021852774,24703.84893851164,19917.36314762432,29835.543538388258,37929.32025817367,11872.202219996345,38855.11832510866,14379.47109699347,10378.611642101187,37945.7523013362,33575.84942658328,25304.18335981493,17131.291082283617,30347.29477206124,2930.5007912670794,34003.1696530113,33753.570092588016,18876.49824725771,46855.74716869673,21042.62675473983,24833.03681808083,3398.385158915521,38127.6831361527,23584.454893115137,31177.598754175804,36698.5172162293,27339.336665152372,13919.81799966368],[22964.390235154446,32561.335363916856,25037.419371979617,0.0,43101.450331693515,48681.68240363183,21832.511338943346,12027.187874954134,11771.50738211053,28242.015291946893,36940.50623196567,29257.651725513326,51572.11496373326,37961.678106816384,35851.04537300335,30636.582154256004,18908.36090542075,36899.946678361346,28191.894963659794,22729.295693237917,11983.232086555361,17815.746609419883,17980.366025531333,4962.292029364739,21531.871201523856,28817.808420144036,19238.860461422337,5880.855114846124,46232.84590458157,45964.09692540521,41229.37178737627,30451.103607274705,37984.77734492851,40135.3059540055,29899.756421481372,19801.869115540227,34839.2291423536,47212.192987816365,8996.002629192617,17013.733003378908,22507.15522172854,22418.282269876127,15639.591009353378,46505.902753440634,30137.976255360136,33983.70983158933,33906.23041860788,45606.29535352432,12454.428326237314,7852.781087350559,32449.43506215727,18125.04833452226,37530.089659887955,33266.221937383634,45886.9785699996,35335.441853723336,37753.95937295847,37065.06015148016,32465.774621695113,34170.54140833619,7181.87019142964,23497.0984900765,9377.67231458693,47039.405766599804,36162.69355391396,33434.01324917778,35675.564886856104,48328.76773896148,24785.868489541397,27010.7516350772,46499.69868489216,24446.735659584425,44897.1961265781,38386.1158158106,36482.81357332831,5123.6942476275635,44508.637631655096,47539.281268750376,13168.712837093044,31020.981710328822,36903.15626061006,20449.076031095643,49069.060001442675,45097.12691159,26608.53463427389,9869.479758213145,40330.092544439234,27958.47236424842,23439.180881794884,37649.23730434012,38288.069598649454,39002.14207266411,17138.482692984006,1269.7811847214157,24808.625032951666,48272.025570916754,31647.233432355657,18977.254441559267,24470.160718829487,36412.37541642019,38957.19039104936],[22645.256507300295,15848.86942326589,39339.57253010546,43101.450331693515,0.0,10220.924535732394,32434.468197785875,31399.028626947627,38997.04559021819,30751.878948272133,17989.49899047851,23806.822636541263,16309.888136745105,25385.62684601601,22713.52277301925,26288.880601881876,30006.041123640473,14202.551128194102,35022.87546100511,34188.03852995571,36259.06950915522,26271.23515302682,26090.65907942223,38275.15752609053,41522.5739855093,16894.941366184925,34270.833917124095,41626.36846260632,26255.63240058195,21766.228469864833,46534.472829194354,12981.326584077146,24424.201806252757,38922.13674465933,45262.60742757796,37501.77712827808,9453.905292332587,23748.776300724305,52095.669632996636,29237.7485344587,39784.44090007299,23061.78047935341,27465.33584013054,21104.527217179693,32455.952103737487,22402.320531196012,22110.840172375905,16843.873764244483,30980.69160187263,50938.16147847692,23603.958775354713,32727.26050133216,21395.996812927726,24424.394932421343,9820.968451646593,45757.39133251413,8073.134788701841,22893.504220315972,15674.781235409773,24668.389504098945,50014.816685599995,20177.99438113194,49050.323111880505,21617.18225502187,13148.760108234665,21539.241128763024,13976.72293283046,8564.390132418206,27183.0876611678,17050.31283539969,17390.018386004,22697.808491522563,17122.161416582734,10205.461757835112,16392.974535443427,41300.31486493346,18779.064943491172,10267.907805776997,39428.5072749578,18837.739963606116,33599.359214445445,30594.51742903435,13220.681102196377,13210.018232179724,16831.881952793956,44819.34993765356,11617.547183433637,40154.99201757881,23921.318827494062,5835.3613880758,27670.339017186503,19659.78998057416,26245.33275612815,44129.53444303549,35942.463307921775,11356.332021515773,15756.622044240661,27077.328402860545,25614.630677548128,12691.825665668051,43828.75903917576],[26160.598056171504,25589.331516682694,39347.47676516512,48681.68240363183,10220.924535732394,0.0,33672.98601775033,36655.45115387428,46574.722353810845,30097.960190481077,15511.107501951356,23772.56763749603,6198.77109646884,35604.24670982162,19940.81964124348,25239.903575950386,32645.962113079695,24376.747349614052,34184.87631374489,34985.850954889,39866.10340021489,30936.121686558778,30764.43470217644,44170.81991237395,42441.9408663102,25817.702517868132,36080.33006073736,48255.262559992494,19257.094654827364,14508.534179416063,42865.20478251311,20926.158475708144,20586.53046034743,34820.42947273379,44299.47813828226,38910.4913421112,14127.476408991464,16160.678059415608,57574.06348668331,32854.745568179336,40446.286887302624,31223.138655934454,33374.08161070312,13563.147909836593,31095.863737872383,32493.269701433997,32195.031442009735,9485.220980815102,36227.90501577121,56487.701724092425,33598.43340929666,41120.874898978385,18004.9249651989,34481.30750182682,3033.227421141725,43484.23655081051,11043.1163704949,19558.306830488684,25382.19499141381,34777.67213452693,55826.52041510056,27627.914309924297,53187.45414731885,13894.967477864127,23242.378641094874,31585.97139234993,24050.43054525498,1897.31563446126,36381.09934579797,25129.634641831977,9566.468812779778,25328.40698471928,10172.87522159566,10410.951159810838,14661.326923006389,45971.455477714066,12058.846311262085,1424.7343149832252,42401.577396343666,28536.905856030575,30126.95410056588,32563.30423357037,3443.289994697397,6278.475191389295,22298.71511668344,48459.624289100175,9146.944100485589,39415.088560902805,32571.372604725642,12464.209571502139,23636.294718286354,29875.25908393986,31570.960516555664,49553.8720394024,36050.605214887735,1740.9484441826075,17542.248899499464,35026.25794294723,34666.65095684376,12790.89154375215,40462.47490191226],[10929.0285674211,30677.485190067688,7699.848100318906,21832.511338943346,32434.468197785875,33672.98601775033,0.0,13957.016815269724,27989.93797071635,6449.535680548645,18762.722311711852,10049.20550699869,34453.86209227037,41365.813130535375,15867.169745161289,9871.915789803648,4820.478631751329,34200.52104428972,7048.8727156812265,2133.4034882859005,9856.055133951026,11673.76719154729,11740.341041063382,19798.27320447466,9088.385811754017,26677.04794301126,2883.141512375441,25190.54503033629,25453.15066701282,26298.165344214598,21992.119900510064,24062.88921738488,17366.371657634663,18830.119891410475,14445.219507429705,5239.708757726504,23007.691488117256,27095.340798930487,28835.294692094325,7936.427769624802,7424.042187300215,24084.57357733314,15734.793816883615,27074.376732213448,8340.756763088973,36394.01272750315,36151.794659104606,27524.406118609826,13812.383930855507,28086.453423396175,35745.70147417987,28740.021786380003,17900.36865761522,36956.40945436546,30639.845596669,17626.346543966825,24717.486251463244,16940.725412023152,30431.273985922588,37873.52940193235,28276.937167502827,21211.946792249022,21842.0488677678,27497.72994420056,32789.83568710083,35379.15211465326,32812.77099970124,34078.37166300069,30920.043180359793,23574.387669688444,28284.182897174287,9982.886625746949,26678.668177908323,23770.603627823264,19151.925933169794,17075.185244587985,25697.014798549128,32289.97871392363,10179.002091166363,31181.190439476522,15098.9624226883,2772.9449001269577,32765.109227005378,28377.941105901697,17680.348539608996,16666.824859447413,24527.30552392407,9773.45353813297,26577.683842756527,26708.44132162909,16925.6523088124,39156.72702434495,13724.750417405949,22012.92663283022,4844.385248664921,32650.090040371007,16849.32181079492,24062.85107047284,29351.753277837706,21104.67749420068,19238.143147122224],[11156.704786022623,22878.169468974553,20208.143554913786,12027.187874954134,31399.028626947627,36655.45115387428,13957.016815269724,0.0,14225.590326152585,19476.03628275391,25373.212406318453,18454.958004381162,39620.96132151441,31059.315508832595,24935.93997245531,20486.619952510544,9462.125627115223,27128.367684187866,21005.320389147862,15703.873466796513,7616.368357130427,5854.330474797508,6009.135666054573,7761.44783824593,18663.895708716496,18772.737152218764,12499.308915015697,12728.574923168962,35431.971410448845,34617.2424056292,35833.07619374101,19174.9807735548,27318.088223532228,32621.357895558387,26647.548006061043,14982.84711565505,22870.008560337,36026.73480831146,20943.29267198925,6516.24792139913,18435.440586994853,13466.994209926806,4383.751819622406,35067.28740807633,21842.25983133466,26373.39437534906,26206.020898688243,33841.33601663189,428.0309357637676,19840.70444728925,25234.340813905797,15106.05720408836,26393.059858204797,26312.77465605395,33861.38841677095,30958.12991783879,25747.16601547534,26164.09476882174,22716.723367086586,27268.628839152818,19187.524605704348,12865.411175022577,17944.517000996784,35628.92523690734,26108.084065081726,25553.911215796703,25784.214662566636,36321.09232113259,18800.85661810951,16339.856733723442,34748.64856495961,12895.871261119279,33168.57953067977,26364.31953083939,24751.26963835742,9996.727974215537,32922.69410881932,35512.460479832735,11449.673555896687,22123.452205520665,28333.941426452566,11546.68238698778,37069.653108809165,33150.35041183864,14688.150357340352,14494.450626842223,28348.8559681918,22925.70893613034,15444.200989623296,25810.740060646494,28217.269363813673,30518.051170569346,5175.864158600107,12914.67488970833,18411.85458939246,36249.43595262361,19708.912587534887,11676.409197061772,17642.52171481867,24435.55916580465,33137.974915396284],[24112.52251028808,25420.874914171207,33385.727615565556,11771.50738211053,38997.04559021819,46574.722353810845,27989.93797071635,14225.590326152585,0.0,33697.61323659481,38081.66813991893,32234.876975053496,50672.70630652926,27895.888033000014,38474.88063377422,34531.76965556522,23668.467243059764,29517.027728905392,35009.225281197854,29555.802328281043,19506.157532405112,18985.11276547326,19071.86209774726,9336.146675716374,30818.04860233986,22568.258260194187,26132.974119638966,6052.958684415729,48887.40832501227,47469.340955488784,49489.54126884433,26078.4244186631,40998.12003127805,46779.06303458215,39253.72702842509,27942.344037684456,32502.7533381585,49075.69116173526,17737.788695937936,20734.704443339804,31201.975988690083,16006.174927285168,14700.817058076354,47764.159581765656,36041.552965370436,24657.06305807041,24657.70823886557,45834.95601370042,14469.207817549664,16592.505127624045,22925.562970517833,7767.318388519352,39687.443044397245,23492.007473247595,44161.3974998059,44166.35853681905,35629.638997726666,39688.85408378864,25416.72980770474,24302.369506905132,14911.832659327345,19005.555973101997,21112.859695414663,48362.068568485025,29200.41383439344,24369.873364544743,28533.760315659667,45781.15956438469,15153.206206195802,21947.266047494028,46761.789229837595,26198.551168390015,45284.62398417723,37088.75621386838,37116.44285195968,15475.78849118251,45387.583974824985,45675.08605689498,22351.08252730332,23137.810384795826,42559.52115188255,25721.729175616278,47774.55714523182,44399.67493008007,24684.26800959401,21158.794175285948,39513.366044195245,36260.78304798117,15780.242070003625,34374.65386566504,42194.048900738955,30115.60952111935,17184.986525624183,12928.070417833893,32139.35182775974,46587.891537719275,31570.32084535432,11956.362297911395,15548.178465104163,35802.95375141081,46908.14797731745],[12788.05527257725,32237.042501673324,9291.743281750189,28242.015291946893,30751.878948272133,30097.960190481077,6449.535680548645,19476.03628275391,33697.61323659481,0.0,14609.512594685935,6952.350991029546,29911.108811066806,43704.36481182798,10713.283903662652,4862.390469319484,10037.873739019205,35212.50616111274,4271.865682750609,6244.305491834185,16286.342853793143,15778.28020577221,15779.629485522624,25959.593686136843,12907.905627522681,28577.931160800556,9245.997312955787,31356.5957865477,19378.727124044188,20785.146347269187,18205.157948652,24885.237934519326,11609.93270050281,13322.130980734177,14538.14637757971,10455.947315984986,21756.269907909053,21327.73603967584,35259.17388174197,12997.413532169057,10778.530673091558,27397.881780272775,20281.74366544643,21660.599032767244,2556.225410565912,38745.966272848535,38474.6541604438,22791.633867071578,19251.38520360589,34524.832665452355,38376.96138017915,33518.24979869972,12831.69774426871,39614.54940244513,27116.81741235998,15496.745364921264,22699.517093848182,11582.482567245073,31967.472861256458,40480.204599032826,34726.47109742478,23866.77776471812,28059.396822336505,22014.51067351997,33698.24701215855,37671.57658480531,33881.97331931781,30811.805706082112,34602.38844443475,25481.76242262632,23450.280777685468,10896.50561360591,21914.745232380927,21091.04610718793,15496.222809264573,23522.850563913926,20663.301878649552,28676.749681340152,16465.70322609826,33300.7313506774,8885.431588342251,8055.462749666683,28654.03266890103,24285.62367026737,18689.71115737499,22882.530312993378,21169.306804044292,9466.873049001091,29955.168621294913,25407.359125163643,10657.207860959566,40704.19870926574,17921.747323462496,28450.41446501797,6155.66660045742,28852.100921386093,15129.391603182017,28195.82624824684,32873.510480067824,18377.144092847404,15296.993135237723],[14253.093771504115,25592.36467198999,23887.69110465252,36940.50623196567,17989.49899047851,15511.107501951356,18762.722311711852,25373.212406318453,38081.66813991893,14609.512594685935,0.0,8720.72117591482,15693.405833290582,37600.86733881584,4775.779862545145,9747.128350430636,18828.99985308999,26996.956307919765,18673.78656107681,19816.5056828142,26432.958859046998,19608.083154429834,19476.074911285217,33118.771466171995,27180.161167590857,23330.02046844722,21411.248326843983,38018.63981995411,11540.619303224306,9387.677398568048,28603.144266178326,18037.97067992959,6532.016204296076,20932.69568272627,28815.34870344828,23919.439387619816,11210.284365017184,11051.782623792267,45347.7389560473,19994.607361197493,25127.86669533309,25741.125022388365,23441.04529633076,9727.756159482582,15608.63315512562,33108.21348564337,32796.96568606536,8894.908707999755,24979.21366216928,44382.5387644491,33432.55956124993,34804.4341339545,3498.269694046242,34610.10221870426,12563.349294191235,28354.01907146693,10333.805442925837,4918.507608520549,25310.67126860292,35271.97133216103,44071.005580019824,21490.3201970374,39696.85227219746,10309.552156662561,25443.028874684944,32007.246847044207,25944.72520046009,16334.261342975307,32712.387315489817,20940.443794387913,9727.770658730888,12517.781363683156,8100.143610829314,7797.539010435961,1760.5364441044328,33292.6049727238,7569.924928035204,14087.127712838634,28296.297625852116,27771.81676135725,15642.170373377561,18194.08561519857,14110.290724641467,9718.018843492817,14534.469693109084,34678.5152233433,6883.480987861063,23905.542815797893,27974.967178351184,13927.682615529186,9740.050254413003,33090.551011030366,21055.815402140972,37574.72470214055,20638.128586437728,14242.613224386178,6971.502941880997,28462.83813520559,30801.22614537243,5656.002014758806,25954.05336054834],[8513.140750334547,26213.743146092984,15776.406981298955,29257.651725513326,23806.822636541263,23772.56763749603,10049.20550699869,18454.958004381162,32234.876975053496,6952.350991029546,8720.72117591482,0.0,24414.00065059266,38012.613204097084,6593.803396484218,3182.7019305501212,10518.184538289692,28847.747785278185,11219.158738900443,11218.537877622797,18109.433678739504,13258.334514034119,13180.778792912724,25939.120248642987,18669.514251063647,22863.06302717915,12695.929291414182,31141.327902606325,17039.467398497516,16864.11341705166,24220.780269036775,18613.279964012854,8865.216382836774,17912.850648335392,21459.493743054125,15235.822280327813,14830.493878920783,17984.434449909983,37295.95682497211,12316.706524227366,16687.019855395378,22909.2551292772,17708.528548654405,17516.979924695184,8878.118499772043,33130.98539574541,32843.17072905669,17543.925961171757,18114.517305949525,36395.8154476399,32976.36019819485,30494.512528863754,8344.164089917824,34214.01629741612,20747.40423762649,22275.979811074223,15766.541633662442,7811.198575826088,25935.306908159575,35026.552464700326,36250.57952608806,18943.67561856341,31196.138560471747,18002.88324048811,27302.968687963737,32031.449044604105,27562.142158807626,24309.384965420908,30231.039057636026,19877.320124059726,18332.975080532688,6285.215393970228,16714.027958803617,14286.640083757691,9146.98234620774,25205.37743277542,15868.234291373205,22371.387323358987,19674.02191342462,27620.60472646969,12479.22710554902,9587.729539086089,22730.215628283146,18338.422998319744,12811.600641468493,26114.581510720778,14667.458263309221,16359.223759104238,25425.114825957604,18464.070604844626,10046.165484048292,34553.89777958677,15178.79575752871,29754.997073207916,12404.307579559794,22676.20804749013,8196.35900163539,24553.860519352987,28388.895397666915,11564.941574905772,21332.216834002422],[28631.71927722196,31221.965342060077,39168.97287919057,51572.11496373326,16309.888136745105,6198.77109646884,34453.86209227037,39620.96132151441,50672.70630652926,29911.108811066806,15693.405833290582,24414.00065059266,0.0,41629.704854225696,19222.417423668456,25130.53023846558,34288.10086780738,30336.4714090628,33681.09797973015,35447.64264146713,41804.722185372106,33776.80571979265,33617.146307193325,47323.544135233205,42721.451091345254,31007.58700042314,37099.47641154824,51768.91324909016,15353.905817913608,10927.90814197839,40281.5050654235,25822.83991444,19038.017505138298,32189.34303543652,43379.146447786086,39591.6547677494,18352.394587668903,12033.771852233886,60279.99099165678,35039.92321416511,40629.71790336733,35901.18360370231,36795.58791419935,9854.22227313947,30411.761088392333,38336.122536089555,38032.43122184976,7148.365555180186,39200.7392265953,59249.58443568729,39350.52552373383,45771.18511148982,17111.648335893082,40284.810645672835,7016.232872511574,41768.68204455481,15255.597593711555,18492.90627172014,30997.70800842372,40631.86799393695,58753.98371970882,32035.7667729813,55152.366641594504,9939.650698262736,29130.569391615114,37391.54539148194,29917.641074921637,8059.946400880718,41569.186628700365,29925.879215849625,6610.408645849594,27376.84104511588,8030.727333184865,13587.83291381834,15520.548287534702,48379.54099644155,9547.05238208331,6075.311683240484,43901.89107423908,34113.35803921538,28115.84345398887,33822.740139566085,3195.0822947180864,6475.046921716257,26009.480212642593,50213.71750029784,11300.963162843998,38774.63236110721,37489.381916079124,17603.620029245325,21655.88120781711,35958.66190003697,34741.27577742621,52338.58386976411,36052.211269623964,4973.35670628975,19925.177790193073,39513.01323728371,39785.307665106295,15194.187346596136,38133.7895834527],[31016.476479888406,12044.203355180442,48990.42916735666,37961.678106816384,25385.62684601601,35604.24670982162,41365.813130535375,31059.315508832595,27895.888033000014,43704.36481182798,37600.86733881584,38012.613204097084,41629.704854225696,0.0,41084.28940022924,41195.304370299134,36815.612183886464,11343.844239047241,47232.0077911315,43497.883772671914,38622.55254561737,29990.246861068434,29883.175535355687,33455.3727234919,48818.87159685822,15167.937811272779,41454.72935448933,33373.93917560805,48614.790216042464,44895.5863972556,61893.63514411944,19760.423382645193,43626.89364129987,55920.00668446063,55768.64124921269,44665.94325069214,26598.575508868926,46938.606051183815,45466.00270840526,34124.15087346778,48000.78931605224,17752.33193660497,27098.875840591318,44542.96088440733,46174.96028879609,4979.988216307445,5237.845721198702,40716.495242547695,30848.136057329648,44282.719287658256,5825.890079583429,20228.874193009266,40870.88541752281,4781.039545818585,34830.72493289514,58703.10477733014,28603.379873159003,41887.98961606379,12328.270784423807,3835.549265209417,42692.971582335544,20156.02027364383,46905.92189552832,45141.83242022508,12695.56641224384,6034.8945228671,12002.875322975808,33932.59993839451,13175.809679228842,18231.453454011033,41468.20169659848,32808.080341865214,40695.12344076679,31400.914531143244,35883.29561237167,39346.356797810266,41916.85053525675,35554.98973331792,42482.60889538495,10415.19035357966,50441.92918030872,38627.17414329908,38479.74829232581,37495.81962003351,25211.224559829927,44879.60768353991,33984.67839944773,51109.39811019272,15615.332939395712,25085.83043297951,46409.736035568654,5909.411314812765,28233.240877466647,39231.38309255855,46161.13575292503,36656.40099136783,31377.237834446914,19664.869539336978,13691.919650030424,32306.74028096577,58981.85138993995],[14393.299586943811,29043.371204391573,19947.505761837958,35851.04537300335,22713.52277301925,19940.81964124348,15867.169745161289,24935.93997245531,38474.88063377422,10713.283903662652,4775.779862545145,6593.803396484218,19222.417423668456,41084.28940022924,0.0,6066.425746279402,17062.568735847704,30884.888675148886,14483.110823198484,16519.38791993874,24603.22931920123,19521.621375049137,19423.50492762712,32494.02573679727,23595.95960508087,26327.642566018112,18694.04718249416,37654.29756590048,10496.037612285947,10451.658300079529,23838.75658989966,21327.89830527097,2692.1528880228757,16245.003566848565,24411.4038522442,20758.39106610921,15321.45370682399,11428.69560908579,43838.98387071964,18899.83904199459,21479.132845226202,27731.724575948716,23808.021766096903,11207.539226778945,11262.13589873249,36415.116924349415,36110.17199775368,12087.272202493547,24580.822700688776,42954.19975345443,36556.162207995454,36120.4697453641,2118.430270551658,37766.916795519515,17082.94881570783,23652.451882610374,14905.76853410045,1228.2703854704093,28759.091105860025,38492.738578884666,42833.45468804099,23540.75472761257,37517.37636291849,11638.91748314761,29317.043381718522,35305.30486794032,29745.83153163906,20910.264031629467,34950.44988522301,23643.340693471775,12737.019196881649,12276.33195581813,11208.177522465367,12508.067512656164,6322.687281534224,31756.48350809207,9968.808952550533,18519.89802621026,25892.341081646726,30958.871295468227,10887.177393781807,15945.988352504926,18143.897480035357,13856.635418277758,16728.752965716812,32383.17288835218,11630.895114402885,19638.664046604354,30130.79847293639,18375.090686584605,5373.275216942487,36905.93114302011,21298.379162334248,36341.52039773322,16868.06869934777,18544.665930584833,9711.670104670506,29942.533401081208,33053.62068895495,10154.69445206951,21179.29427388152],[11365.802072136206,29387.514700065334,14146.219181729068,30636.582154256004,26288.880601881876,25239.903575950386,9871.915789803648,20486.619952510544,34531.76965556522,4862.390469319484,9747.128350430636,3182.7019305501212,25130.53023846558,41195.304370299134,6066.425746279402,0.0,11734.54845017119,31970.417225487556,8992.149422726841,10453.07572507812,19024.49826234137,15699.278794308035,15645.413653288,27693.999096266216,17595.25486371121,26045.050247072544,12732.904059099405,33004.28496301467,15736.184598991043,16440.10763939151,21123.94792607256,21767.75681421475,7536.55077237034,14731.583792150814,19236.03334124824,14693.218657441159,17609.659327831596,17229.862667945687,38289.754620802676,14078.574410018879,15499.188514413981,25954.302838503507,20240.385701257408,17240.342818926718,6171.032524957913,36312.77660087212,36025.22234948957,18043.400882439884,20181.593509281458,37457.85997522428,36149.76950289159,33240.08627708116,8158.845616070224,37387.90487728133,22264.475451085946,19507.07168524006,18215.974052255136,7085.552571528547,29108.586466430952,38203.41500739525,37459.60011937933,22047.331017703214,31656.21445199056,17647.373246487314,30420.13702079026,35213.553301200125,30695.929068384306,25976.205984007953,33274.21661502927,23054.167696402877,18736.502705074818,9157.419225366253,17173.028913922943,16418.219718057167,10669.045535772597,26275.69328279851,16019.103648117338,23817.99745160007,19995.440281885676,30802.806255921383,9318.011123950326,10294.27636813775,23805.10439422625,19430.58070720109,15993.170111805155,26495.10567579519,16350.293174243583,14234.764334423375,28484.831556846086,21159.12418919428,7748.923604913224,37710.069558961324,17726.466332354023,31019.611124514216,10937.458152263409,23989.730281172546,11018.615314521994,27428.04494029311,31447.84243020916,13729.959095648115,18250.630888161235],[7457.6756589721335,26476.634839575978,12196.031901718043,18908.36090542075,30006.041123640473,32645.962113079695,4820.478631751329,9462.125627115223,23668.467243059764,10037.873739019205,18828.99985308999,10518.184538289692,34288.10086780738,36815.612183886464,17062.568735847704,11734.54845017119,0.0,30199.117501084882,11726.086528713922,6862.136273778892,7619.326222666468,6916.432582129681,6997.986434909711,16085.370024393014,12417.260746188207,22387.162895212066,4773.790284052457,21456.58249026629,27349.596834057855,27379.779538729847,26775.952196977432,20334.497804269115,19097.003204823195,23167.29206579694,18970.103226732255,8149.231778378869,20585.70037750991,28486.08257152371,26781.163848279062,3140.779977484067,11276.01294295676,19369.836872108175,10917.424505767141,28015.306163588455,12380.279692699693,31861.34938236746,31629.228201250226,27717.270373799776,9260.384241689535,25891.636610092788,31136.507179161646,23980.94938905158,18862.294062378158,32335.241565933127,29643.120403788318,22427.820693608497,22758.000863495196,18257.67794323924,26243.175924535837,33262.31489590188,25797.188529695602,16717.978054499836,20882.191046999695,28510.86806221886,28853.49227234081,30870.196253021622,28801.35667816138,32787.48159331148,26123.515740098428,19333.107374693176,28556.738916345697,7434.7768893773755,26929.13511146029,22344.275468989676,18770.923580584236,14694.439737290553,26256.109100292142,31327.128654617154,9756.46974375713,26758.8670785068,18918.13002761005,2133.8846271241173,32227.653172759725,27939.740338551455,14101.330428430505,15930.814111629797,23602.722346282724,14508.883270969303,21837.28866371433,24177.107094222752,19429.706849692226,34886.179561085206,8924.942844977286,19324.96714064993,9631.540820032293,31837.127400617046,15168.358787317877,19243.505229678023,24578.340151720055,19855.362022912443,23994.721208157232],[23289.443395553513,4341.412404408796,41879.238175201965,36899.946678361346,14202.551128194102,24376.747349614052,34200.52104428972,27128.367684187866,29517.027728905392,35212.50616111274,26996.956307919765,28847.747785278185,30336.4714090628,11343.844239047241,30884.888675148886,31970.417225487556,30199.117501084882,0.0,39129.24319341567,36294.629120987986,34007.421410219424,24062.943819582542,23911.27493033423,31966.798122194734,42614.274072802575,8355.727470652982,34971.69079235185,33709.31284939757,37640.39003094666,33747.92515902275,53067.54544614958,10330.733699875473,33290.2469121908,46463.1839888366,48538.53482803442,38346.69357075277,15798.616184828728,35795.626404067545,45471.06230520839,28092.48751346971,41403.53384546146,14483.43483668474,22749.475059454082,33344.379322370725,37521.256332526194,8286.72669150045,8011.904784359988,29438.778855438264,26796.937526051497,44260.51540842402,9683.530888055122,22093.246502616752,30396.5943583092,10352.614923520126,23497.25515562199,50651.641859704345,17469.331028553657,31557.086112114124,4456.02264781238,10508.335322429213,42956.16815977325,14320.65981897293,44758.093900747015,33934.114465186125,1569.1032716625616,7537.82513380313,1398.956756401298,22765.06446092608,15166.129424970391,11049.750236726279,30172.52351570649,24620.97185437633