{"problem":"6.10.2","tabu_size":1,"reset_after":90,"iterations":545,"solution":{"truck_routes":[[[0,1,6,0]]],"drone_routes":[[[0,5,3,0],[0,2,4,0]]],"truck_working_time":[1232.5642370084722],"drone_working_time":[1218.5907042721883],"working_time":1232.5642370084722,"energy_violation":0.0,"capacity_violation":0.0,"waiting_time_violation":0.0,"fixed_time_violation":0.0,"feasible":true},"config":{"customers_count":6,"trucks_count":1,"drones_count":1,"x":[0.0,3714.173638781885,-2607.669508059546,-7801.962557287281,-941.2642394609439,-4581.875773938015,-1622.6464497528034],"y":[0.0,1281.4403113697058,2880.9755320140907,6967.076165007338,7881.40657583149,3031.1498519761976,-6063.627865524772],"demands":[0.0,0.13040440227301978,1.0147864973860408,0.6419902321588782,0.6538357612116562,0.5706335791560622,0.3550698571572261],"dronable":[true,true,true,true,true,true,true],"distances":[[0.0,3929.017064181009,3885.8667346330067,10459.960326613387,7937.414439352896,5493.7651053658465,6276.98688802708],[3929.017064181009,0.0,6521.059246422152,12843.202402305436,8076.673605526704,8478.556441681541,9079.18912572127],[3885.8667346330067,6521.059246422152,0.0,6608.850025851954,5270.78904369981,1979.9097723406214,8998.677700899156],[10459.960326613387,12843.202402305436,6608.850025851954,0.0,6921.356912367906,5085.3195409837845,14421.62248459447],[7937.414439352896,8076.673605526704,5270.78904369981,6921.356912367906,0.0,6064.572749359264,13961.671364385948],[5493.7651053658465,8478.556441681541,1979.9097723406214,5085.3195409837845,6064.572749359264,0.0,9564.10058102014],[6276.98688802708,9079.18912572127,8998.677700899156,14421.62248459447,13961.671364385948,9564.10058102014,0.0]],"truck":{"V_max (m/s)":15.6464,"M_t (kg)":400.0},"drone":{"config":"Endurance","_data":{"speed_type":"high","range_type":"high","capacity [kg]":2.27,"FixedTime (s)":700.0,"V_max (m/s)":31.2928}},"problem":"problems/data/6.10.2.txt","config":"endurance","tabu_size_factor":0.5,"speed_type":"high","range_type":"high","waiting_time_limit":3600.0,"strategy":"random","fix_iteration":null,"reset_after_factor":30.0,"max_elite_size":10,"penalty_exponent":0.4,"verbose":false,"outputs":"outputs/","disable_logging":true,"extra":"https://github.com/Serious-senpai/min-timespan-delivery-v2/actions/runs/14262331507"},"last_improved":186,"elapsed":0.003472}