{"problem":"100.40.4","tabu_size":6,"reset_after":375,"iterations":6309,"solution":{"truck_routes":[[[0,32,69,65,80,54,47,96,71,48,73,56,22,0],[0,11,55,24,94,19,25,89,86,18,0],[0,8,31,36,15,13,35,0]],[[0,12,100,30,49,38,9,74,16,0],[0,70,60,21,6,99,33,87,81,53,0],[0,66,50,95,83,61,51,0]],[[0,2,26,34,91,59,14,58,0],[0,82,1,68,17,45,63,0],[0,88,62,64,85,57,4,84,27,0]],[[0,42,46,79,90,37,5,28,23,0],[0,41,93,75,44,39,40,97,0],[0,52,76,7,92,67,0]]],"drone_routes":[[[0,78,0],[0,10,0],[0,29,0],[0,98,77,0],[0,3,0],[0,72,0],[0,43,20,0]],[],[],[]],"truck_working_time":[14666.91913577742,14616.856836763272,14653.172986592412,14561.784426605678],"drone_working_time":[4557.784533916354,-0.0,-0.0,-0.0],"working_time":14666.91913577742,"energy_violation":0.0,"capacity_violation":0.0,"waiting_time_violation":0.0,"fixed_time_violation":0.0,"feasible":true},"config":{"customers_count":100,"trucks_count":4,"drones_count":4,"x":[0.0,14476.093237068806,17501.101097581108,259.1327288017865,-21013.626459478764,23935.92444669233,24335.56510071829,21374.623458339487,-14880.073460383723,20564.923091777317,-4485.176136696932,-13980.722914901851,13169.009736900598,-15708.32127084988,-9773.961546646231,-19139.084850106727,12791.45087665937,10937.852527222845,727.183837386603,2256.86799874039,-8032.785426952482,24597.770136281317,-8313.310584658468,18790.746285852194,-7909.8272632710305,5258.2647497860735,12194.835142254024,-14219.5342148168,23077.83466503792,-8637.612856589203,26392.11234946601,-27308.46537668465,-9314.162724717453,18250.969742059435,9890.1449487896,-14972.80138290195,-29918.010753877847,24668.85286841378,22303.961906830555,27871.045195663573,21009.884894500832,17016.97173414942,30588.042572402668,-7346.326898871944,27344.063327482014,8548.29889799242,30351.703681687854,-21307.388918746045,-20534.856914912125,23188.848425685872,-17648.13598730579,-12658.895720719129,23532.103017280962,3049.7374352798133,-17408.444486333276,-13463.443669592458,-12029.472858945921,-26314.88777794473,-9898.601348583536,-8306.167559247462,28703.61299800737,-15706.072068193902,-18552.36137777673,2009.4181729660204,-20884.06751886302,-16200.411023210658,-15208.863809757002,17484.044010527243,11880.754243628175,-13137.746448311249,25684.122266212533,-24270.236289789667,5520.131046998023,-17351.813577891287,16791.509991383464,26989.895555511557,29707.736221104537,4784.587323978004,9965.166724787852,20833.818357486398,-14080.331099529029,8445.062839277,6001.1464134570815,-25199.368684210658,-19413.583953592413,-27005.83187277356,-1997.3248487170988,12212.076301054723,-17660.034020896426,4883.402683454847,23041.306713245405,-5537.6923096233495,18641.294043378843,22370.268280696455,-3191.369680958001,-25677.46578345625,-21628.99925635281,19851.1847744333,7181.33782042784,21854.511248097344,18173.908583159842],"y":[0.0,17352.249005053785,-26371.555955614793,10163.988754290007,24715.063237042214,17637.16149905607,-25048.514838391828,-3096.9730989957934,-8436.748484335161,-9322.597523288581,-9987.483839224813,22506.28039513976,-12799.708463008523,-12353.731439919642,-20302.680661822822,-13576.82350747884,-4985.666195667899,18039.024561067665,14411.953373817902,28846.414821322385,-3167.394017532978,-26643.041200923384,-7864.11509680433,12959.071221357859,26044.16775148375,27809.854287048947,-29712.526032589027,15282.347428052679,13771.609227094874,3257.305042753153,-15136.226466917638,-10523.652104114954,-24732.732472459957,-16348.337342920555,-31596.11998713588,-12373.700411216207,-10641.603500617137,22467.02127289318,-7916.5935110554265,5596.993154549724,3128.052671409111,5278.624187722501,27270.09638549094,-368.9262190782085,9007.33436741989,21547.52613334949,31210.570395730196,-22369.244645850053,-17270.261034391162,-9674.730494695612,2793.4081025280275,4188.970869833255,576.0608466962035,-11715.391404667782,-23798.2381056375,22809.56341260975,-11265.771408042365,24791.060243900527,-15357.694425204283,-21881.495245060876,-26182.334396335275,4311.690984782858,26337.3239005128,12758.54589156443,29872.19860859283,-27278.454042454407,593.1214649965808,-1329.0846628639517,18431.887665457827,-28415.102954234513,-32000.41310060957,-20082.76598834762,-9332.6036185109,-16786.661461401054,-5535.531254934276,14262.082685269554,-3658.3000599650127,-1312.4874302627322,-2489.1923973811668,25065.38792941089,-24504.080092074943,-16465.13134966588,13265.883789538293,17539.449116348576,22546.502609313244,30744.654897801833,15098.112641129019,-16552.195930845704,25002.916605346534,25197.351991752417,24198.26491252051,-22952.077669257356,-3535.290911823065,10420.13307035904,29303.030986966645,8222.935164800641,-22640.133007821983,2383.15963917251,5242.112103712279,-21890.000109500106,-13773.460102771081],"demands":[0.0,0.8453590053439619,1.050591380601322,1.128443532058679,0.8797652267633655,0.5567153581468799,0.5125623711582872,0.8780198986996999,0.1838816469464142,0.5062831066628107,0.24953871423022303,0.6963014539108068,1.1167256893487232,0.04602678595661264,22.724838755428067,0.010375633070360709,0.6233495579946933,0.16886739583041008,23.369296875375557,22.833117843627335,0.26039472500009075,0.2069968378688658,0.9940394452584722,0.9486561533664393,30.400048508338028,0.16908520547281855,5.594455325051653,28.164021834063682,0.2640781791464084,0.21153080014914133,9.609608737840128,0.014322884360575064,0.6382150830827887,0.07870278111991905,0.0037948036480736813,0.9849353142540532,0.9086741899127826,0.21314667636879864,1.0841501497148753,0.8672162109719957,1.046983792326829,0.566822577699515,0.8487776614386747,0.7683637904817512,0.35305232875557724,1.082305994460163,0.6347445049114783,0.13701010819260723,0.9784036765461839,27.569822206855676,0.9765996036724225,0.2454823228231736,0.5038474580623895,1.023299601098421,0.8306729790243561,0.5536817245446322,6.900984857353143,21.61726698733393,0.3120551835378935,0.995350451360566,0.1949686943621433,11.941182087243602,0.7073670558607991,0.5478959697626524,0.9714411440135546,0.8408534262847248,0.06234975458865128,0.5906233450086491,1.124383409554825,0.11616016599285744,0.7869848261813146,0.010605072904819497,0.3141631928542459,1.046448215043181,0.36165475471211905,0.7668589377773135,0.466636219468006,0.09187826200194535,0.864713613253323,0.6662432291765625,1.1104633587638837,0.0406478341293879,0.4671178929371437,1.1335800523611042,0.7785628583544357,15.315767729307696,0.3465277885030662,28.893303119336334,0.5047678871622993,1.077742319579937,0.37234839115882057,1.1066914941578687,0.9108392265902309,1.0784645528065673,0.004421473108586857,0.8975256655585501,0.25470330411849534,1.1285212119570647,0.436437162497249,0.9904119974332448,0.8107853412117537],"dronable":[true,true,true,true,true,true,true,true,true,true,true,true,true,true,false,true,true,true,false,false,true,true,true,true,false,true,false,false,true,true,false,true,true,true,true,true,true,true,true,true,true,true,true,true,true,true,true,true,true,false,true,true,true,true,true,true,false,false,true,true,true,false,true,true,true,true,true,true,true,true,true,true,true,true,true,true,true,true,true,true,true,true,true,true,true,false,true,false,true,true,true,true,true,true,true,true,true,true,true,true,true],"distances":[[0.0,22597.739288293847,31650.39499197248,10167.291535530492,32440.820701540546,29732.102933723832,34923.4566499428,21597.818648226963,17105.41759719264,22579.34645537692,10948.362362288362,26495.155603391235,18364.513448185735,19984.14465614913,22532.846388578466,23465.606863083998,13728.732022463522,21096.042875906318,14430.287467076236,28934.5658548309,8634.698985938297,36261.576635764664,11443.57632616571,22826.0744084368,27218.817777453376,28302.60312490244,32117.724193722603,20874.513076909217,26874.59159746675,9231.380828557569,30424.47938625498,29266.01330618893,26428.425659066248,24502.367852995347,33107.850509351345,19424.03776557188,31754.229521962854,33366.44042627384,23667.25944338789,28427.477775398893,21241.468329550193,17816.879645887755,40979.09839521953,7355.58464435104,28789.405545510144,23181.227243543377,43535.33760989817,30893.169610135392,26831.73987485575,25126.143784003692,17867.843536747994,13333.983568924654,23539.152884397092,12105.837194870532,29485.760569576025,26486.609796615245,16481.074682264545,36153.42289165066,18271.31869122014,23404.962159378014,38851.15228125028,16287.15380167936,32215.59782049907,12915.814130785628,36448.49140696559,31726.4459444682,15220.424811941877,17534.487759929394,21929.13140800486,31305.246487447785,41032.92062716739,31501.77549448531,10842.939503486785,24142.854791046975,17680.41046087689,30526.406021981824,29932.13575258983,4961.340455498763,10271.349796594372,32593.276291354854,28261.38115929913,18504.584208273565,14560.131558240937,30702.450348266302,29752.848970055788,40921.250713112895,15229.652388532139,20569.637763361014,30610.825542496117,25666.206754505885,33413.43801272729,23610.673549301464,18973.563857191675,24678.088989107808,29476.303456567708,26961.990130275648,31311.167839018413,19993.723685558758,8891.08273490884,30932.050799892466,22803.490004639152],[22597.739288293847,0.0,43828.32181129854,15930.883576447808,36245.43057482265,9464.120753868574,43531.98777838822,21581.48289331701,39075.01650257272,27360.944543458445,33271.47018484504,28919.792963938202,30180.275121878036,42350.25564719764,44787.93236163737,45679.18261438166,22401.34985658495,3604.276346945309,14059.795449427224,16775.735847851196,30458.256162919548,45144.588862456185,33988.556089766986,6157.616581968647,24014.13933794164,13940.224899727198,47120.02958232396,28770.184695199343,9317.238690360025,27072.326362623484,34604.80530186385,50229.62473674627,48343.7891014966,33911.34342406984,49162.72723007061,41843.39210719878,52483.25682794698,11404.088926969775,26453.54286319634,17821.63791810034,15653.057042022143,12338.090604571056,18919.794080433578,28111.529163563868,15336.95714792101,7262.168815828169,21073.397418465225,53462.647269418994,49239.05799236984,28396.6498703042,35269.33443779766,30159.23601493327,19064.411930713086,31232.8244943994,52057.52909313139,28467.525412329127,39006.872810244524,41463.71962106616,40792.96673882046,45368.69068944765,45800.46146580182,32878.857279325515,34228.794678193386,13286.08653625303,37511.19975101434,54156.69458290269,34089.074947493034,18921.94481198024,2810.943636559165,53452.54575354892,50609.3387788648,53876.32503577145,28147.6574210243,46674.19908320231,23004.600408954295,12889.70039795309,25950.84044894668,21030.874281952852,20347.75798277194,9995.658096054583,50669.731165450066,34350.96129244229,9408.67176266775,39675.90355049984,34285.42679612703,43590.21273651556,16626.92497656335,33979.952311591005,33034.275985259694,12392.148842283259,10964.981335951497,44999.89289519001,21298.784508417597,10505.81890913233,21329.8015916479,41178.30342800231,53879.201209950385,15904.881184051243,14137.498801338445,39929.878135478655,31344.59452279959],[31650.39499197248,43828.32181129854,0.0,40399.64728162165,63978.331482855174,44476.66987915483,6961.345847466602,23594.71090369446,37016.18274194756,17322.066529121385,27419.59528763327,58139.04135332893,14246.475350761177,36046.70773035546,27942.088139187526,38809.90085919473,21898.335234168593,44892.938126447516,44098.287194354554,57283.600964800375,34502.35488044958,7101.86001574703,31763.33133729071,39351.765129986874,58250.52250322954,55547.38749682759,6270.449700292673,52356.913313506644,40528.67710854517,39510.780443298594,14327.690316332628,47529.49930409561,26865.295759928158,10051.229494038625,9231.61539592563,35362.32885647909,49960.0197459695,49361.75940090884,19069.69089374867,33608.389916899556,29707.549089097025,31653.8826109253,55214.988029061984,35965.69798091419,36722.605925350304,48748.24197316101,58998.63779712978,39014.322923352585,39109.68768951293,17639.00366065957,45673.449575900784,42936.82810745118,27614.25420828195,20582.64004068764,35004.261706718054,58116.99867465497,33169.85868223725,67360.62779932437,29530.473073579727,26194.95678007861,11204.109856552113,45212.586659769746,63859.832227697945,42085.117445570104,68093.9138043311,33713.712097124335,42391.45707140672,25042.477101765886,45154.58846081283,30706.92207428159,9932.062635979939,42242.08217384602,20829.535282839774,36146.865200746906,20848.10410721712,41726.84758597061,25785.53731106074,28101.00777396654,25043.114742353682,51544.79799713791,31636.59788475317,13421.962502153616,41271.97096441539,61249.54274127852,61283.52491648195,72409.45121100967,45824.90619638009,11153.188539350715,62254.65326975006,53090.09870167768,50872.39586356368,23291.17501137969,22864.711699559015,37112.49345491476,59395.60571412463,55327.81808259493,39307.61085240686,28850.59032715468,33255.398392769224,6247.921473615247,12616.048867616546],[10167.291535530492,15930.883576447808,40399.64728162165,0.0,25773.320548295225,24828.18513152914,42656.711136984064,24934.254711610967,23982.972915363305,28143.421380824046,20702.422908887467,18844.247177887155,26343.809790005744,27604.479889606853,32076.17380628077,30658.06602000898,19661.41000187689,13268.430407972908,4273.672337581374,18788.93264554662,15699.734816568907,44126.258905290604,19962.447566075956,18741.216263240884,17858.107187913272,18340.335094088125,41624.48106163814,15356.737673656968,23102.122922592796,11262.964170340887,36373.527655335805,34466.66432354552,36186.03512707455,32040.749588554576,42856.30733599512,27202.19200182699,36654.231104358005,27334.94185923918,28511.084660924294,27987.05341556493,21911.141275722017,17455.427668133027,34820.42059756748,12991.740221555363,27109.616649926837,14081.732813858489,36722.2197769183,39032.372864612495,34424.23661856039,30320.72959841179,19364.806531825026,14232.930047682023,25170.60801032924,22056.626005987702,38282.843911312826,18660.644722219684,24703.12627798983,30333.641163816144,27468.816390615684,33170.42980995438,46153.47943931102,17004.033444832803,24808.24621519796,3129.732556407151,28904.125179186653,40900.52692951387,18189.568922493287,20707.204186838066,14262.546723470028,40838.984913204076,49236.84470758565,38942.98546479848,20193.940117154507,32194.455685191435,22799.000558628908,27043.077767978637,32531.15300310681,12336.50051301453,15947.102846230217,25404.12143915814,37516.5992651294,27858.921179480236,6526.290980677053,26505.333609457808,23245.266852320572,34160.53444599266,5425.604052068094,29268.197487575875,23265.646708663637,15728.505423052546,26757.9587925338,33619.59303583126,22925.40333266816,22112.61914167824,19447.593796249912,26009.12977058893,39436.03335000893,21080.555141584722,8493.632502883314,38649.949229871345,29898.840306879894],[32440.820701540546,36245.43057482265,63978.331482855174,25773.320548295225,0.0,45503.3934962993,67327.28182567054,50697.86086466092,33714.434487358114,53733.95698086658,38437.695607999136,7371.597785419739,50752.44538976376,37446.519223383744,46399.64798461901,38337.742457016095,44999.073129758275,32641.48436944531,24058.613950474315,23634.38127480689,30756.034472358926,68688.0949719578,34967.14006361956,41504.11350603793,13171.031553558869,26453.544173789815,63758.64173315989,11624.793200833163,45429.2431123676,24770.972920405988,61930.8433907599,35796.536925918896,50813.00967478364,56814.71096520983,64233.88858975814,37577.492685943995,36460.69037278708,45737.75912980329,54233.18618704494,52490.11074964665,47243.777703299806,42709.50200930837,51664.885960055144,28565.74179527155,50844.85133987017,29731.140612898926,51774.4024954379,47085.224276767185,41988.053949358226,56004.61319288871,22178.491606844214,22161.272381891096,50665.70290657962,43660.31959724138,48647.07333668842,7786.924279945679,37085.5157396373,5301.806023584314,41585.69092696389,48298.22744239297,71150.18612149343,21082.403394317123,2947.805194148648,25942.607640332837,5158.762522116324,52215.829802170556,24810.54905223915,46479.761955601265,33489.08146104173,53710.74422741685,73466.48890653849,44916.044025426694,43165.77238645503,41662.95748653876,48418.24872076963,49128.43299210141,58118.02110326215,36646.70828541173,41228.11118371323,41848.91115786679,49705.07674876359,50632.230855451846,29340.78498263904,8307.218305847116,2694.9566261406394,8500.735339405728,21309.750484594882,52980.505878681004,3365.9236185274285,25901.519663387953,44057.96428980146,50116.472940458196,48688.75876035727,45678.30285044479,18403.322655267337,17138.893943049454,47359.194408992356,46568.73109166505,34265.89903367873,63322.2643313624,54927.491582971285],[29732.102933723832,9464.120753868574,44476.66987915483,24828.18513152914,45503.3934962993,0.0,42687.54709558409,20891.73521474625,46760.351531442975,27169.693717039445,39634.328409056376,38228.00630385642,32285.1282397261,49710.359863814774,50752.22198954728,53195.5758114104,25218.8743614447,13004.282661658444,23431.764938244392,24405.50856909614,38142.20682168392,44285.14864904594,41113.601984329725,6953.947580553136,32936.75236116932,21268.254519643087,48783.666194733894,38228.0548155295,3959.6480197921733,35606.398359735154,32865.29807839816,58472.37733462497,53858.85453724261,34457.69640489222,51197.655489312354,49137.97694533189,60827.09007090471,4885.153990029071,25605.813731422608,12666.918688972339,14801.21435671722,14163.521847126472,11706.584048504412,36094.299330506525,9278.433432033358,15876.711611669934,15013.315831904425,60394.2872870807,56534.755176265215,27322.107657710454,44153.94769525536,38987.62232151508,17065.879034400958,36025.06307893998,58534.17107016015,37755.35031028997,46139.88875132497,50757.48611276194,47259.23881373765,51002.712945281906,44078.10198555014,41821.717469671385,43369.88884137818,22462.692795331113,46459.95924303193,60235.68663529428,42694.42291827911,20033.603136658065,12081.337604106984,59120.792745926934,49668.350161380906,61209.69582187556,32657.45974562254,53755.715030120686,24249.0483809172,4551.691612222113,22063.782408530682,26941.843072297208,24500.044744628285,8049.944725854359,56754.91105268051,37455.74950364879,18459.80313858045,49135.390288156836,43626.614682819694,52601.035352072744,26057.2482837462,36143.6132229686,42243.083565516536,20497.68440152434,6621.813867149425,50161.54324739941,21824.432459943448,7384.902069136871,29529.35145913325,50498.67471133862,60814.6587991589,15791.44296546259,20841.147341977445,39581.9249877037,31934.74559511584],[34923.4566499428,43531.98777838822,6961.345847466602,42656.711136984064,67327.28182567054,42687.54709558409,0.0,22150.33544093676,42588.93153340149,16171.648541847999,32518.760435046046,61070.42227624657,16574.83684127347,42007.97973329815,34438.10026901543,44962.70554958313,23147.01857429956,45122.44179675976,45983.521150534405,58242.0149784194,39070.366830363746,1615.9411503773042,36895.157920760525,38409.91556589225,60417.11299737348,56195.64551885697,13005.780420411093,55794.929289189815,38840.49328096408,43456.29878105234,10123.381220995001,53647.71683306297,33651.20950617582,10616.750403551818,15860.05348508028,41301.31470515119,56133.85419962643,47516.704985498785,17251.960465508222,30848.772741345787,28372.153698096245,31197.71097972498,52690.89631928567,40159.98474965166,34188.47651928099,49197.85369704583,56579.84265447932,45721.52381961453,45539.609178167324,15416.491305717922,50376.61987565932,47153.16216339615,25637.168922490764,25116.899488226394,41762.7289375625,60984.922053709466,38889.330185471954,71059.49353321567,35579.35008904962,32795.01065938563,4512.80281233145,49652.33522349166,66931.8956890174,43907.068652760034,71141.4080530861,40597.26578445343,47130.19594878511,24689.161773966225,45229.0583074937,37624.23413163867,7081.489665093916,48858.802589249164,24515.513947316613,42498.18540028134,20920.547216097497,39400.10847485747,22054.512255181275,30751.255732832247,26747.54901818915,50236.0973889744,38419.7539042245,18060.524196030525,42475.21690138528,65325.67901589361,64647.30256417236,75820.95246303224,48012.2150193937,14804.270183102362,65335.87173330288,53879.808427834876,49263.784067085355,29946.72865454022,22254.067641425565,35523.054148900614,60924.72956099766,60069.065612312734,46027.61648811667,27795.798811220135,34810.768364538926,4016.446627584037,12848.847042891215],[21597.818648226963,21581.48289331701,23594.71090369446,24934.254711610967,50697.86086466092,20891.73521474625,22150.33544093676,0.0,36645.82172409775,6278.058151686859,26762.06967625369,43652.34365594628,12707.288069825496,38220.83678794038,35584.69784261691,41847.19614844041,8788.515982822253,23572.36909084043,27071.743001352745,37227.2562196163,29407.493202456357,23765.647425814837,30068.240230659772,16262.62526345798,41313.2562760904,34856.40539547259,28154.15016456797,40059.24966218783,16954.350418306258,30677.535418051968,13042.960416623044,49246.306456057486,37548.73740960978,13614.546149776636,30726.122762042367,37512.57072255901,51844.53464277018,25775.371106002905,4908.402068717033,10853.043103524706,6235.702050463625,9441.385409918372,31733.988101829087,28850.220609215998,13496.239164776045,27782.475486184267,35462.593108498826,46831.34240157301,44241.23230715422,6823.364609107933,39464.82415331358,34804.675077182765,4259.8000438349245,20250.39707881477,43962.12838428449,43414.73891707105,34388.412533706214,55245.197851851124,33590.770715529725,35125.59789791029,24220.817366498202,37813.57275156296,49603.85023321007,25028.15730741423,53598.16457856705,44683.63500106649,36769.12208071038,4273.41057731968,23529.24559949328,42803.17016226978,29222.946872311604,48702.87857515545,17036.666857023185,41074.86449132755,5191.482922141587,18244.67315263596,8351.997142843662,16685.73306874269,11425.633476356657,28167.55312148054,41416.39811129958,18597.881406680983,22451.879253286876,50941.12941370932,48179.515463331634,59041.71612952542,29619.404328213943,16278.675986215902,48096.86357671852,32749.491522570705,27346.075608348416,33443.95188207522,2768.25074654208,13553.725237214185,40660.15597228316,48394.6218615114,47236.073776400495,5687.945169528786,16461.76476618998,18799.153079548647,11145.938742608398],[17105.41759719264,39075.01650257272,37016.18274194756,23982.972915363305,33714.434487358114,46760.351531442975,42588.93153340149,36645.82172409775,0.0,35456.06448976709,10509.931993637994,30956.095807444413,28386.378564087445,4003.5921258141816,12917.922639354558,6675.293945687768,27885.8965805068,36980.15495712815,27670.375078078945,41033.023635235266,8640.107054289245,43473.776343042024,6591.682915805224,39893.673724815475,35178.37285193737,41465.27316120919,34434.13112195472,23728.291615621798,43977.425362301336,13255.911974825922,41812.39441555421,12602.384391194559,17220.291996903674,34062.578615680985,33910.47343289219,3938.0437963774507,15198.71519852534,50191.239862832976,37187.673325800715,44995.60034859416,37707.210669675,34720.78541271087,57812.87353287979,11038.437088504259,45685.59678957134,38051.877164096004,60148.34625995644,15343.55999407994,10488.446972245465,38089.04584031536,11566.269369092908,12819.610749215613,39455.367616951466,18227.11217262082,15568.173413417539,31278.40864119079,4016.1292922138864,35140.32230013427,8527.283102904217,14965.876327734328,47057.874417184634,12775.170550637298,34967.439265334775,27101.576177669664,38776.58277908216,18887.91040900696,9035.8538277069,33135.40379518522,37921.83418498865,20054.18536719816,46911.621855291596,14960.109680965632,20419.865336588966,8708.073606319007,31804.186198587533,47627.00118481374,44843.13037174127,20915.400530006285,25547.199127621174,48968.10403787121,16087.222657650365,24668.135617230706,30116.931965833734,27950.862163916605,31313.16920600817,41014.83131830947,26830.1118146437,28281.53224196461,33555.020220945815,39010.866487731735,50030.74228597714,17261.948525955486,33877.81524327455,41751.28670825639,39508.438979358,19852.675896906905,15725.270468946535,36377.61276354858,25957.987107793182,39120.5788939092,33482.02831121869],[22579.34645537692,27360.944543458445,17322.066529121385,28143.421380824046,53733.95698086658,27169.693717039445,16171.648541847999,6278.058151686859,35456.06448976709,0.0,25058.921468601267,46973.17455277005,8172.504808194602,36399.67073218406,32264.68885380264,39931.274527289395,8901.451770341084,29005.841665810054,30933.23140269268,42332.71057530736,29252.61463048213,17783.746075405033,28915.040225792407,22352.19151190408,45405.060222217166,40163.57512778823,22041.042554678264,42607.0626325355,23230.521087665766,31796.887495268187,8231.307073553022,47888.45221510497,33618.923664822054,7396.985880602512,24699.40670035454,35668.46071350623,50500.16224165051,32053.42575791418,2236.3146653987446,16612.453346545026,12458.598688319993,15026.098438723042,37940.58739166437,29312.217689290563,19543.365765736507,33126.481726721024,41697.946902292715,43857.78738430908,41861.1666330978,2647.4481652109957,40087.84699265246,35866.20438417762,10333.808312330051,17677.872924657582,40638.90765623072,46801.768244979445,32652.267488474863,57978.084768624525,31055.57463554612,31484.37370133997,18721.35146879469,38748.92144326065,52931.95575664764,28842.393404489452,57046.0416370908,40915.798610360376,37122.57146711455,8566.683358398292,29081.372675228173,38734.91574483045,23248.430474905625,46108.27194947741,15044.795372240724,38644.41965082699,5346.074947765973,24444.16927816728,10755.245123697181,17696.916698873873,12611.513020027034,34389.03674369189,37825.53437780614,14067.935242994296,26876.440968921335,53065.43085124065,51126.51532070691,62196.15297164863,33247.949065511304,11047.042257719359,51374.97704584281,37914.86511696453,33612.2104938237,29446.71899962365,6098.628249939071,19825.102333771272,45346.451064180954,49459.11691687522,44245.721086923666,11727.49645628402,19780.06878740148,12633.394056105311,5052.43783552622],[10948.362362288362,33271.47018484504,27419.59528763327,20702.422908887467,38437.695607999136,39634.328409056376,32518.760435046046,26762.06967625369,10509.931993637994,25058.921468601267,0.0,33852.771271131525,17876.769456312457,11469.87856997863,11592.003131531177,15087.093816737848,17986.106323994358,31989.920073044195,24949.97460545084,39414.80488727344,7687.597599526919,33514.55437486483,4377.59159446814,32685.057040930456,36194.034752883745,39032.97848922443,25832.151784083526,27079.92059570583,36389.752235905544,13880.459763310322,31303.61792036109,22829.586245493247,15515.845730194824,23609.167429529753,25953.47784948373,10755.664220924862,25441.24504021562,43626.28003054271,26869.0622066807,35913.79932669598,28670.81155018585,26370.370064717856,51168.91590426228,10035.080187819874,37066.20568080212,34122.25557389534,53952.64468241459,20887.67204733494,17624.72969316254,27675.791770677148,18347.062731006932,16364.032509018143,29942.55178710349,7730.497208580727,18914.22211575059,34003.758561831295,7651.82541240522,41061.94636012669,7625.243226445664,12492.697177685974,36929.24192012351,18176.218147706637,38953.52818341049,23655.05493041719,43101.25199347396,20885.985229697973,15064.749779304613,23613.8626695085,32794.88304499371,20357.900659088114,37346.42714893253,22211.783515330226,10026.716309120358,14552.634654283278,21737.46200469641,39733.129937818165,34773.751923252945,12695.829130559736,16279.950348858252,43240.66721761938,17401.108169568506,14462.05370081714,25508.470489315434,34450.10610776265,35795.49740094701,46543.38901364261,25208.660313595472,17941.395815707237,37388.56781879072,36410.75310347501,43890.46224187696,13007.24734415355,24009.67339557844,33729.59713343814,39311.81108079457,27941.59087765608,21307.28049615084,27300.023488385534,19184.58080065637,28904.13508639999,22973.196046910463],[26495.155603391235,28919.792963938202,58139.04135332893,18844.247177887155,7371.597785419739,38228.00630385642,61070.42227624657,43652.34365594628,30956.095807444413,46973.17455277005,33852.771271131525,0.0,44537.85841636347,34902.79388845477,43015.159978616684,36449.95315637237,38373.90281007886,25315.840431475135,16788.11040475114,17431.48482547781,26353.662330091433,62481.644820326444,30894.66757966644,34133.83067550309,7026.551142571204,19956.616506536244,58412.01575309781,7227.879242899303,38074.022250342634,19976.783455101795,55198.95062538619,35617.48390935175,47468.949016318715,50483.297545857706,59134.49128630326,34894.08661562055,36780.1488636051,38649.59572245145,47351.131024767616,45138.61416753202,39998.22926810879,35463.35026413585,44822.63713629835,23817.856497608573,43473.66446295979,22549.413153791094,45178.85249047825,45469.69081087301,40312.90017581568,49164.97224177741,20051.115995586344,18364.94093040229,43452.809332207544,38225.114787438535,46431.21481029847,599.631892341926,33828.373590488874,12543.996246253615,38083.38621601089,44749.02462366275,64749.77793505328,18276.211683831993,5964.626775859322,18727.0643711745,10095.192808872918,49834.19306379849,21947.54802603993,39473.4871162896,26180.463650150567,50928.360385321226,67411.27189929986,43814.39212572548,37336.280485314084,39437.28606280599,41632.60163209713,41791.84578033865,50924.12720970435,30322.773110021415,34614.72650127186,34908.47053909392,47010.466014796344,44963.17159715833,22014.995600372542,12268.961889630631,5433.009929333362,15411.822663479566,14088.391628720612,47027.94173334596,4446.40557988255,19055.106951383714,37060.673083397574,46235.77709644997,41741.57910958787,38307.564762834634,12751.704270971539,18461.52064977664,45789.67977772199,39364.171105955415,27310.882837442525,57054.30509754413,48478.24148390588],[18364.513448185735,30180.275121878036,14246.475350761177,26343.809790005744,50752.44538976376,32285.1282397261,16574.83684127347,12707.288069825496,28386.378564087445,8172.504808194602,17876.769456312457,44537.85841636347,0.0,28880.774602429046,24138.652057102,32317.43931123495,7823.158393432441,30919.338884014713,29921.122499592373,43051.99672404739,23287.284078365617,17951.446336133427,22042.009170549503,26365.10293273183,44194.616059499866,41372.89539060582,16940.8504592528,39226.70267641471,28358.76822509887,27080.55523173616,13427.946942292618,40541.416158291424,25453.68550817356,6198.313030283299,19080.252631531424,28145.03536972079,43141.03327229727,37094.320566827264,10358.193026821615,23549.70227064865,17753.109530224203,18483.314717949226,43692.241479708166,23987.567289641614,26009.21493055864,34656.651498291874,47245.63065960886,35779.85588313327,33999.06568681954,10495.83987357464,34537.541238677986,30914.33204521599,16920.54688727003,10177.200764324065,32495.3590697772,44466.92948653777,25245.12800565246,54516.45673500013,23209.006298718195,23316.56259090636,20504.111181695705,33564.42075044309,50378.09730049757,27888.36405253788,54593.98981311393,32744.418598270724,31379.4773779067,12255.396001232099,31258.1541193267,30592.253367556837,22919.31718445676,38141.05491415309,8397.985545092622,30780.130766845927,8117.313509039415,30386.79688555711,18896.952699060854,14221.63092804324,10796.821364912152,38633.079297377,29656.68375343417,5979.213930743671,27033.19004667402,48914.179388911936,48072.653856104895,59246.34570047919,31753.836415799673,3872.5810252226993,48779.79500857696,38889.94584011229,38292.45724010804,21284.062158277324,10759.894427625264,24976.472922021585,45169.709805231054,44170.12797644523,36162.62414588732,16588.277398224673,19009.458286365403,12572.642471623682,5098.7454061982135],[19984.14465614913,42350.25564719764,36046.70773035546,27604.479889606853,37446.519223383744,49710.359863814774,42007.97973329815,38220.83678794038,4003.5921258141816,36399.67073218406,11469.87856997863,34902.79388845477,28880.774602429046,0.0,9919.79934618869,3642.2648094944293,29436.803459334616,40419.52740214372,31409.038694477866,44946.63588568044,11970.90830843238,42764.06643393414,8651.175524589318,42789.293530633,39181.82194716601,45306.8576245173,32862.04326460285,27676.151143087034,46764.29532507217,17137.659628515143,42192.28353139817,11743.61671937025,13932.872283801089,34193.42513436981,32024.22504605009,735.7909114562227,14312.465101603422,53317.92391831554,38270.378432672085,47131.6209681904,39848.61733198519,37173.17268195842,60937.68158245441,14613.641095171963,48060.40940345988,41685.475732737235,63398.53541727917,11474.321910417362,6889.6813842671745,38989.317209533314,15270.845341779894,16821.41480063119,41315.740667299666,18768.91697523364,11570.097310285948,35234.8801662578,3836.3501754572253,38629.455112696356,6540.385247991028,12065.246068636512,46515.05310356513,16665.422576481207,38795.44209680068,30733.44698813198,42541.95009265196,14932.83285538918,12956.483238015591,34975.36203574187,41338.98198365502,16265.777258991182,45818.40767906923,11534.485850801499,21442.350643631216,4727.783364184053,33207.33180844517,50314.40431623528,46240.98620267531,23278.066327699024,27503.401905653795,52302.18411302756,12258.928353116737,24500.80760279528,33580.7336376298,31363.70872158321,35096.37172471478,44554.5132474374,30685.422700982046,28234.300144589797,37407.597301037444,42826.42831596726,53268.96006357341,14688.997115659626,35463.51597886302,44369.22229392425,43496.66576869705,22864.449498622103,11868.63450545861,38492.26453278057,28871.269513599254,38754.44241612696,33911.96144955449],[22532.846388578466,44787.93236163737,27942.088139187526,32076.17380628077,46399.64798461901,50752.22198954728,34438.10026901543,35584.69784261691,12917.922639354558,32264.68885380264,11592.003131531177,43015.159978616684,24138.652057102,9919.79934618869,0.0,11530.077577781467,27272.857752539865,43578.26983290581,36268.16607722342,50600.14275040608,17223.522945720764,34951.625293381556,12524.033477598963,43843.88978973319,46384.32229183124,50406.18857475298,23899.230486774362,35861.64163148717,47331.78367406011,23587.37405361645,36533.233500569106,20077.057157315114,4453.84934652896,28302.537073916552,22676.394247286516,9481.385102270086,22340.97424863425,54914.06803738652,34386.16477587347,45693.97811991253,38686.48945362125,37042.641156664504,62387.98355853107,20081.03523642929,47295.08168478871,45685.28249447361,65296.89153807267,11717.108587342685,11180.001696046344,34633.800917990746,24401.474122124466,24660.978081511796,39309.23280497907,15433.366203298017,8396.680987115133,43269.826293492166,9314.13228062468,48031.736481848806,4946.556778262406,2155.7074657033427,38924.20931601747,25319.10793841446,47458.933080821356,35098.329573228526,51390.203001298534,9484.759729838357,21591.03307238347,33211.386783550726,44376.72249567709,8782.16626551147,37337.81798510942,14497.94274689716,18821.57959893811,8353.815441172936,30393.96288152031,50460.91610611502,42846.701906255475,23928.618518216736,26588.598102636566,54727.48704589598,6016.359023406003,18618.797874677664,37090.464414430025,40865.26607655442,43920.09593741691,53877.34053081488,36244.89267207034,22303.63190060828,45986.816402139324,47802.628564235456,55291.735259252986,4996.526948946587,32993.51617022423,44465.07387619377,50040.55499145739,32659.33565304636,12083.277807299723,37313.49145694672,30659.722993876458,31668.278676884365,28700.421005644683],[23465.606863083998,45679.18261438166,38809.90085919473,30658.06602000898,38337.742457016095,53195.5758114104,44962.70554958313,41847.19614844041,6675.293945687768,39931.274527289395,15087.093816737848,36449.95315637237,32317.43931123495,3642.2648094944293,11530.077577781467,0.0,33066.101913509076,43636.95694125818,34322.59114453175,47513.34495289043,15221.895715807243,45646.88958639811,12240.605615402903,46290.66643571101,41181.53924144042,48042.56202959464,35244.50933218552,29275.479936961045,50301.143788046254,19841.088631331924,45557.89345455172,8721.274781036864,14865.510405126011,37492.63222748185,34167.10740374302,4336.522006615953,11171.426056133983,56730.01104971974,41827.79372749777,50769.94753108693,43485.54541115233,40777.301719343886,64352.607301003554,17706.43077747043,51679.07943663491,44724.83825019004,66747.65016193465,9055.838559103997,3948.374402471899,42507.41423893439,16437.98684379433,18910.74564922196,44957.028477831445,22266.763659899974,10366.89116640919,36826.3771759909,7475.797246526103,39033.148107967536,9410.52796433455,13649.896325598647,49475.47515845623,18214.953403745883,39918.45948605568,33775.891720293366,43484.048654157596,14013.225295336502,14704.896393684287,38616.84443799738,44573.40023325217,16005.95512779156,48461.825694958796,8285.891784312254,25021.797120229687,3673.8805493546106,36819.424584778004,53878.451455758826,49843.64589535772,26884.12226032274,31144.711001522548,55597.243596934735,12041.425412906181,27734.95134196151,36777.19623651058,31700.93787493129,36124.3690532849,45014.21060896657,33407.961612046594,31492.033065266314,38608.081259349514,45612.680177175585,56622.81110627127,16519.481518445493,39092.06321243415,47946.64036547667,45749.44306307032,22759.171852227246,9399.109151905943,42130.30011091452,32356.096598535292,41828.02680355703,37313.51155950887],[13728.732022463522,22401.34985658495,21898.335234168593,19661.41000187689,44999.073129758275,25218.8743614447,23147.01857429956,8788.515982822253,27885.8965805068,8901.451770341084,17986.106323994358,38373.90281007886,7823.158393432441,29436.803459334616,27272.857752539865,33066.101913509076,0.0,23099.18204795005,22843.252486399168,35434.26508835675,20903.466969439432,24666.395492215423,21300.150807343598,18921.02392506194,37301.38752666669,33649.592225678105,24734.056434990263,33769.59715281292,21392.640620718088,22959.77672628952,16970.912359627586,40480.52088903207,29641.268178561357,12606.214413624226,26768.149489177336,28730.415122351926,43082.33674683683,29911.916142571376,9953.803344813137,18422.45487844908,11548.81342647699,11100.030792373691,36839.55612757958,20660.21252911316,20188.674892186795,26870.32999206918,40230.95850159398,38274.26909983209,35518.36231261438,11405.840600013598,31417.86825018102,27053.54149109434,12095.222862750537,11840.193501907122,35580.142520842746,38234.72605644872,25603.085293909935,49152.407473342304,24948.295324100807,27029.216469099276,26504.634428439975,29975.817996066726,44312.12334346858,20763.17152605051,48467.63123899584,36571.798512008776,28550.665391565337,5949.035117232606,23435.255432705202,34946.55606409502,29933.551842323326,40018.634131787454,8471.597076309712,32370.972818851664,4037.6756314356553,23918.019739979623,16968.28249154584,8809.205764078888,3770.9764693845927,31108.60859513133,33212.36437845489,12274.738660898425,19473.75956423066,44166.539265899286,42369.6186851346,53483.451269348356,24941.252170267155,11581.031258640545,42738.83516053482,31201.791825601795,30931.559605009963,25666.11445430689,6026.960555636853,18140.90388831273,37830.745531371795,40673.39055085883,38683.94480634864,10204.873193312582,11665.368294441952,19180.603962510333,10305.152726475535],[21096.042875906318,3604.276346945309,44892.938126447516,13268.430407972908,32641.48436944531,13004.282661658444,45122.44179675976,23572.36909084043,36980.15495712815,29005.841665810054,31989.920073044195,25315.840431475135,30919.338884014713,40419.52740214372,43578.26983290581,43636.95694125818,23099.18204795005,0.0,10835.746420573876,13862.149062147626,28453.423226726445,46723.445397842384,32273.517398874897,9352.746458551552,20477.23982825948,11301.629566382391,47768.09174954601,25307.97061212613,12868.177801813868,24529.53478790301,36598.24350188461,47734.76020141426,47324.067043101255,35156.3983097501,49646.20091699834,39953.67099892129,49917.732224698404,14427.318713112396,28335.182228726346,21012.785618934813,17993.968953560052,14134.479403928926,21710.42735275714,25945.401696830617,18727.925154073368,4244.944031394564,23460.33325258485,51697.0387566596,47299.86351873257,30300.810546831955,32397.338788142122,27361.113192390923,21530.68152882726,30782.261599267717,50535.81998764463,24863.25193973599,37232.63490790465,37859.69685703393,39363.67169315667,44316.816341880585,47656.592756351885,29972.293955599227,30635.510246928578,10373.061023504688,33950.82625590288,52821.957702393694,31432.631293673006,20444.468147795676,1021.4720092059262,52322.27469480559,52167.0182463204,51892.97093865536,27902.647459307314,44867.95755630533,24290.42995974988,16490.40252132099,28689.41319707178,20306.247536461975,20551.248360219015,12136