{"problem":"100.20.3","tabu_size":6,"reset_after":375,"iterations":6581,"solution":{"truck_routes":[[[0,29,0],[0,48,55,98,13,77,16,59,81,1,92,47,84,100,28,68,12,78,83,27,32,0]],[[0,11,4,53,57,75,0],[0,99,74,90,60,85,43,64,70,15,91,0]],[[0,73,18,26,58,51,97,10,14,5,71,65,24,67,88,0],[0,9,80,36,0]],[[0,52,0],[0,3,21,87,8,93,62,40,82,89,6,46,39,17,7,2,66,35,54,96,37,31,61,0]]],"drone_routes":[[[0,34,0],[0,49,0],[0,95,79,20,0],[0,72,0],[0,19,0],[0,86,69,50,0],[0,23,0]],[[0,63,0],[0,56,41,30,0]],[[0,33,0],[0,25,22,42,0]],[[0,38,76,45,0],[0,44,0],[0,94,0]]],"truck_working_time":[5239.522645003226,5279.123737101241,5137.593401557173,5274.150690854009],"drone_working_time":[4551.70939358106,1232.2924068036289,1346.176953446216,1840.931207975445],"working_time":5279.123737101241,"energy_violation":0.0,"capacity_violation":0.0,"waiting_time_violation":0.0,"fixed_time_violation":0.0,"feasible":true},"config":{"customers_count":100,"trucks_count":4,"drones_count":4,"x":[0.0,7367.7969152660235,-12475.938052531857,-1819.5962910400544,1225.526787308597,12190.339066707202,-10045.423220175595,-11873.477010389783,-5580.243405715575,484.70626063130277,10467.77146782631,1999.582068359585,10884.73081950955,5489.111741945954,12092.705742233637,-9450.745011940673,6325.345619533899,-12651.219247998513,6341.391080621,-6849.437236976506,7166.411514142147,-3218.377303588043,-732.1901303321608,8079.32477257769,14680.826564537463,-2612.196808888166,2529.1811482917615,12280.201519576196,14353.486659859806,6432.617665320647,-3204.327787805844,-14213.259015785008,10013.950418194196,-9166.34235156713,-7650.835047199045,-10926.376462876466,2270.852227189621,-14939.120426942782,9843.662781788013,-12433.498185419996,-8284.9392136254,-3572.229421432644,-2679.245311894892,-13421.557969270601,-9201.812772054454,3548.2129938365,-10745.281558277462,9964.361690787191,-3893.755505299898,-321.15082217169805,8731.88045025556,2960.4701801079714,1495.4519798570016,479.9392839232657,-13647.97996186091,-2829.901440070849,3809.988546296787,101.32513754978913,1626.419347404308,6613.73895366944,-14911.703916483397,-11752.715840173401,-6077.629868856448,-7195.32542123553,-16088.270474476827,12126.890363751158,-10974.880546112616,11504.011215505336,14494.556926819085,9702.06731488224,-11632.929154192123,10072.90603610403,10542.706958568693,9689.141929499532,-12367.16988071758,-375.00356810025977,3095.4645443745044,6297.695992705641,12086.301363456074,6523.225721171307,1267.9163143366966,7602.118514005117,-8407.569521111367,12435.268375469843,10415.944198723117,-16041.947554518856,6415.796012476072,-4398.649312304501,10696.364043715403,-9948.456803309462,-13527.746232474288,-7152.523765478068,8676.017642593328,-6127.71561011944,6665.021999416069,5316.643423220132,-15037.586374039236,8066.760615717171,3487.02038641039,-10680.935524514927,11443.709297271791],"y":[0.0,-11585.396150193408,9974.383321160443,11117.556552335134,-11655.33980181633,11328.407352964707,9691.97117894777,10007.988571088616,12412.483450420159,1710.6589520899865,15435.695082611892,-5916.77728342513,-7394.101491506956,-13652.372908729425,12253.091279550865,-14031.842585599798,-11212.389555935106,9816.553344835793,10539.465096595268,-7991.625379555408,-4779.163508741837,11432.632460810075,7380.924823681389,4758.213860690483,5325.008477058769,5581.727579344974,13905.499393592921,-4966.72035254804,-10447.744189651483,2169.8223048016193,3801.740097581519,6181.183950676828,-4401.1206585887285,5150.607952811215,-7780.984310530149,12609.130199200905,803.6115355163852,8664.206691744626,3648.484810943743,9276.928020488935,15628.055526458467,6880.431298022066,9251.759407223339,-5805.9548062585045,3697.5219950710775,1453.179846590479,10664.651698992428,-11238.703423442465,-11449.56274623433,-9507.431545896845,-3311.789773776076,15490.167846859427,9134.954431872073,-12665.004400077889,14268.037050160136,-15180.423302005618,4519.73107079731,-11355.851183591003,15800.497384534003,-10074.533549005148,-2032.8873022898954,4496.740558935296,13848.006547979545,-4360.958563398424,-15087.11527247351,5612.385965560343,12181.211264166099,-268.56664441643613,-8438.77637126861,-3058.1882850885995,-13264.146441050598,6735.402694130922,-1679.7739900847846,8399.202936766023,-3048.6839445123314,-8668.515453075877,1665.8259388704241,-13354.712544094486,-7030.936224625295,-3860.842974861955,5219.899774817035,-9743.84622791562,10707.160623048281,-6235.140172429213,-11677.245563018909,-3738.3945859704636,-1578.9214607500437,12002.237315190025,-3059.39681369789,10069.251907279639,-1046.209549446594,-8897.57688436835,-13240.171319540901,12065.735156812783,-4341.047949021413,756.9607420126241,13923.826347715038,14482.89148427299,-14733.837896153178,-3970.041452614314,-15164.158730850993],"demands":[0.0,0.6156126881406139,1.0777235033775914,0.17823627828662866,0.5710887545443432,0.1538486914212141,1.0237156701239054,0.8384540201528435,0.4041581120317305,10.951723939253943,0.11226944924447356,29.174025178317958,0.8805558831530278,13.879995585079682,6.872867353848311,0.6315862258403427,0.4976322689608456,22.983104353537396,0.7561024691187456,0.2590809108906162,0.04636155648667605,0.027621062512661453,0.7058543594826168,0.845742487175988,0.24444267817434454,0.2811682494097389,0.49991168103447003,0.9047340513849665,0.6318383983701678,1.1119833884957413,0.9079963035230539,0.8236130995321819,8.882450588065687,0.11605467673701181,0.6378157923333575,0.8684118911354626,27.12358253208515,0.24985020826464183,0.016795559416598323,0.3084089467862299,0.7559637090524891,0.37272102144792496,1.1168347215406058,0.49654161997153506,0.11605902830357538,0.2342606806795671,0.3531555222308408,1.1326500895489333,1.0643187259257707,0.06197101267623505,0.2057764779294283,0.4823621054182466,0.48593720828014025,0.9861237691765878,0.9412991216400663,0.11860935761758519,0.15980975948244452,0.06492876520940241,0.11751863976713389,0.011024784490066511,1.0118413357636067,24.416296782796238,0.4378478867716311,0.40593096355099134,9.823565609854942,0.6402761356709027,0.44100524232846383,0.8580899145590429,0.45761091070274446,0.6731666138117866,0.3443961842529329,0.38314391769746925,0.013465048926983546,0.34896488015551885,0.9285783828738139,12.444979136404356,0.015398199118587565,21.693824577565653,0.5657205449708781,1.0463507853996286,13.40986225185338,0.932324238529506,0.030884931237572594,0.9740735715730204,0.4939735849143547,0.16495537485280903,0.9213836233081424,0.03365116116403687,0.28508377788175704,1.1338629991289801,14.735926452308304,0.9025509367005061,0.924506111783578,0.9884675547596289,0.6728736337371612,0.6848002653386197,0.36052795825651957,1.0103869901231801,0.6492548867287066,0.04224557185206441,0.851778860366449],"dronable":[true,true,true,true,true,true,true,true,true,false,true,false,true,false,false,true,true,false,true,true,true,true,true,true,true,true,true,true,true,true,true,true,false,true,true,true,false,true,true,true,true,true,true,true,true,true,true,true,true,true,true,true,true,true,true,true,true,true,true,true,true,false,true,true,false,true,true,true,true,true,true,true,true,true,true,false,true,false,true,true,false,true,true,true,true,true,true,true,true,true,false,true,true,true,true,true,true,true,true,true,true],"distances":[[0.0,13729.742726705397,15973.019530697884,11265.477990601934,11719.593073234875,16641.429617553677,13958.683068470222,15528.660327127227,13609.146258086379,1778.002871049648,18650.333031503957,6245.524947493273,13158.651218110708,14714.538176734535,17215.451724345075,16917.718156647887,12873.526197611876,16013.05929649094,12300.144932468458,10525.249007526352,8613.817843054188,11876.996146005053,7417.152663913018,9376.35792431446,15616.734098356692,6162.731126569276,14133.636144534341,13246.571647857285,17753.251475354304,6788.718499290559,4972.016124397007,15499.153747282418,10938.421551097223,10514.304275114704,10912.332187033418,16684.599695195,2408.8506258685,17269.794345271497,10498.05402811615,15513.003275451696,17688.310753476064,7752.493655989059,9631.895325970705,14623.51973824385,9916.906130239355,3834.259656852533,15139.216347865558,15019.885437143812,12093.544518254781,9512.854064396028,9338.826891170165,15770.532128345769,9256.55276528133,12674.094767289893,19744.473614257215,15441.942681819222,5911.343474646293,11356.303222764205,15883.984307857929,12051.463362484856,15049.636024724245,12583.600648234053,15122.99144269084,8413.719005835428,22055.690741956514,13362.64742185692,16396.033388099946,11507.145696868778,16772.153324754712,10172.64104200868,17642.63646726555,12117.30520636858,10675.687831330499,12822.87336375763,12737.40023128956,8676.623066395314,3515.2349571676127,14765.138737984662,13982.587201338254,7580.143948889878,5371.681807338935,12358.589936325456,13613.615018064691,13910.890429436966,15647.682176282804,16471.78422097457,6607.225700165003,12782.871991175407,11125.291574576935,14154.915285496023,13568.141823830392,11416.018159979187,15829.574179534462,13532.585247204226,7954.0691189103445,5370.259477401272,20493.9489634871,16577.900125664673,15140.84840176934,11394.894155468095,18997.636497599095],[13729.742726705397,0.0,29301.841381142167,24491.473114954257,6142.6683484622945,23415.79176077051,27494.483009224845,28922.325044909823,27268.112759765943,14972.041218313423,27198.331081853332,7807.110252790593,5471.359520516925,2793.179353493205,24302.227189318106,16995.542142530263,1107.1759676464098,29305.36555535227,22148.65671157158,14664.410499286476,6809.211323592965,25335.680881494096,20623.55743859195,16359.091052977077,18423.956885221887,19857.250864090853,25946.05862485934,8242.486779533489,7077.719490842203,13786.97192911352,18669.059500812877,27953.413809046495,7656.104930075782,23525.97701756128,15492.993754266712,30332.357060754,13396.505387222693,30127.14683750124,15433.763019014696,28763.307484833676,31393.950061726377,21463.246716070906,23132.87939791193,21577.748231991005,22541.507319276567,13586.525875173236,28690.5601388297,2619.6076958696117,11262.371581278308,7964.78839679737,8385.301805082694,27431.928381157286,21536.419462949856,6971.953580085376,33317.60624646264,10812.829045569311,16493.426666239,7270.0964909716995,27981.254101132963,1688.5820113682817,24241.010346130337,24984.577826371744,28768.689129236132,16256.599602420138,23716.010081872962,17844.12172544095,30021.74952331153,12049.020657311881,7790.50218505794,8840.93277167233,19074.74229722749,18519.429949375783,10401.990394241824,20118.967253355888,21502.194532679674,8274.004612425231,13922.92033809936,2067.7515533041424,6558.001939706574,7770.58699587218,17878.101534356676,1856.3977827709703,27309.710245445414,7369.159112651982,3049.530812483003,24689.908255996845,10051.658640711172,26359.54683456423,9152.705819292773,27726.817800445482,23402.95232752565,14766.993095325293,2109.4364964363835,27230.58703781621,7278.356506943846,12511.634757397525,33951.75448763256,26077.656536733164,4997.310466102639,19589.547464215226,5424.076267393635],[15973.019530697884,29301.841381142167,0.0,10717.484069229522,25604.200068231392,24703.4128816607,2446.867174239939,603.3975639009903,7314.02330475006,15370.993509213953,23584.73516303166,21495.80582651103,29109.880021000132,29681.081922071287,24674.09102426472,24196.088014785528,28326.094200632713,235.86818121751764,18825.811884705843,18826.44363818198,24566.01393310559,9371.708572809659,12026.70537754692,21206.77376805982,27551.88833651649,10797.630100520299,15511.520744461603,28915.446140466163,33717.67077462134,20455.919729828835,11138.414665766739,4172.127226439307,26691.762738670535,5849.977137402927,18399.312453147744,3056.6374059543446,17365.796229901265,2789.9516500964723,23198.740771105102,698.7453318307444,7037.647381950498,9425.951756135433,9823.307690154208,15808.645370258806,7079.4692215742825,18148.9483279845,1863.2343745593878,30879.800870537565,23078.98009819006,22962.577449616165,25025.86584227981,16392.271900461237,13996.584594011021,26084.413620969677,4450.746519605072,26940.867071752116,17175.116778491665,24762.198072470706,15258.443214003632,27683.475863191405,12251.836726334752,5525.180594243613,7479.5256879457365,15277.00548893644,25320.498756646783,24986.520106075706,2668.9442121573325,26075.965771087922,32656.57742768045,25723.76031510668,23253.815375371163,22780.284573197987,25800.724811181466,22220.980263103374,13023.521471608114,22225.892335358054,17649.382556048473,29944.883522143733,29874.479041191556,23502.802189571867,14542.993043047982,28141.374025429443,4133.834186516742,29720.646991405625,31509.22573379981,14168.8638111374,22144.445519513392,8327.952042015213,26586.368857810816,2529.2610608244963,11070.671509310918,19608.406913124552,31405.74432957524,6683.837272019352,23902.048534834143,20038.38403100053,4707.45603729682,21031.621773684805,29416.190063417533,14059.481368352475,34700.08394571569],[11265.477990601934,24491.473114954257,10717.484069229522,0.0,22975.586671926718,14011.521929768474,8348.444305672012,10114.922571325975,3977.34866368306,9685.015885951712,13024.044180218729,17457.22350687627,22451.757411480936,25825.696866058584,13958.566795403609,26281.68007947105,23769.025472763442,10909.47593735066,8181.436586053249,19760.06412053136,18260.724108726972,1433.8274474866512,3891.6408922108108,11765.622707426468,17487.64042451848,5592.282002822317,5165.70329219187,21389.4427663092,26956.090373587493,12172.139637140157,7445.713647312727,13340.564088416026,19515.690356645762,9464.626419845137,19777.719589900134,9228.122075600068,11095.459922429878,13346.94118856428,13849.860825219785,10772.317615804335,7883.226503291152,4585.297516027429,2054.3114237534696,20518.546524731668,10466.806246585127,11055.023909035513,8937.168471946823,25271.802979249922,22662.237530349146,20679.348947086874,17875.673324967687,6478.330417753865,3862.6747476900237,23893.473362317218,12240.759275115131,26317.3794461658,8673.149746522464,22555.354007419177,5814.203179996252,22808.45953178303,18556.33195569202,11937.423021566849,5058.281044833951,16385.447624926957,29837.55835183226,14993.711788671932,9216.864495975828,17526.046857180227,25467.660918007594,18267.470376157176,26282.48357253734,12674.18178968968,17793.20686799433,11825.41761665043,17661.644273514965,19838.73719616448,10653.31096914626,25783.37427001791,22863.546961324828,17145.11975822206,6656.957980471674,22890.321881254997,6600.743601967241,22457.008934454283,25871.05437655727,20566.345316693983,15133.480773753538,2726.568271409829,18911.247178434503,8196.176904922062,16883.06787375922,20713.417920195152,26522.76039412651,4411.2282567799875,17633.978582954656,12580.455588103978,13512.6019699659,10443.444455346496,26390.42961932843,17497.39828002082,29438.815080695815],[11719.593073234875,6142.6683484622945,25604.200068231392,22975.586671926718,0.0,25465.2653942062,24140.049713715576,25315.680845760893,25011.569803216105,13386.513278003784,28624.172614136198,5790.532044260464,10557.384831147127,4708.109800707392,26262.30483432196,10937.574914613195,5119.019148415649,25565.724629465483,22776.77395827039,8867.234482147258,9087.128905818592,23511.75762823558,19136.667066696664,17787.05401843907,21665.117580271555,17659.1226934834,25594.062105622863,12920.660338131553,13183.384147396848,14773.24956420019,16079.332404457326,23590.203192152825,11395.616933447622,19759.322461329193,9685.06220372194,27137.30379076233,12502.72665066653,25964.972352482684,17563.57924221207,24994.575399280937,28893.470269142967,19146.62567932322,21268.616374445828,15771.886275670127,18559.08876105135,13312.706658927866,25327.5003315157,8748.761131842622,5123.41637855239,2646.83235274068,11223.197957073011,27200.89362650669,20792.0464104164,1255.1188494270361,29887.165647267055,5373.333396573561,16380.242987139918,1163.4099800873898,27458.76381864482,5615.316443322312,18788.342313600995,20720.146758118517,26528.414430231864,11140.859462784982,17650.627708475775,20420.92262859621,26777.436505808135,15339.68203968927,13653.330771133269,12073.224652808063,12958.709349389677,20408.222096112542,13649.972879383664,21767.34861504152,16088.378655260298,3388.6305654075113,13451.770288930269,5349.277349827364,11804.301454920094,9424.425434966946,16875.292816445428,6656.930954429242,24349.085603762705,12451.380264683912,9190.443518046613,18995.886178232755,11334.597532065161,24316.914110276448,12790.113142280086,24429.813634375583,18171.755817972033,8820.260051376043,7617.184842463426,24834.644570604072,9115.205618657334,13069.14075672034,30311.42673323274,27018.690106296057,3819.882696577735,14171.367453394229,10803.844875028042],[16641.429617553677,23415.79176077051,24703.4128816607,14011.521929768474,25465.2653942062,0.0,22295.89755606153,24100.015559162664,17803.618238837123,15150.013983267756,4453.880513307986,20031.17373851435,18767.976724369364,25863.987127687295,929.8239780380779,33338.848166149466,23291.321847925534,24887.521412242324,5901.916843520175,27125.205003464293,16872.86837257732,15409.068857439443,13512.008702163117,7750.347156899472,6499.486598192007,15878.897844901518,9998.968732345884,16295.375485069522,21883.32660992719,10818.088362572254,17136.11646595284,26900.630112598592,15879.380309559327,22232.252396691634,27547.069535019327,23152.16594369879,14462.625838980284,27259.962171302453,8030.44829618147,24709.146656062858,20921.854484554857,16378.12737551648,15013.893774864644,30814.860641984884,22712.432094294727,13122.745953573958,22945.22314167814,22676.62814601722,27884.29701536823,24303.694407616946,15043.148204798677,10124.758272292496,10917.501798375164,26698.637991921394,26005.002460655494,30468.438220154156,10797.60841854769,25704.471267323563,11471.52950073956,22117.512248757703,30216.63331225446,24898.625453196073,18440.907492155533,24939.12970607878,38697.02305291432,5716.373521663093,23180.911850510376,11617.265246832825,19901.02942901329,14600.192819404287,34239.477373880116,5057.589785180109,13112.111707022244,3851.7821370183583,28456.493105771802,23617.043787080045,13269.597663869718,25376.75413149164,18359.638352747937,16212.017122879353,12514.518912598614,21565.983372365878,20607.275067110688,17565.255251292587,23073.979787592638,32001.101989309063,14140.172721382156,16602.66792587799,14465.16056279905,22174.57451701532,28540.3408342896,27986.367769211847,24818.652523033623,18332.88791853422,16615.082249421444,12609.646119043284,27351.34591871409,5191.788649025027,27477.05194295726,27516.135943914895,26503.084984921075],[13958.683068470222,27494.483009224845,2446.867174239939,8348.444305672012,24140.049713715576,22295.89755606153,0.0,1855.1678231502287,5228.672660885655,13213.060650172922,21302.148262308947,19715.86115193726,27018.608909879284,28040.687890514488,22285.782241733756,23731.265910319366,26551.730078044184,2608.7724421028083,16408.715027973438,17970.083852022242,22486.907169967148,7045.4565249790085,9595.688919610968,18784.26072743539,25108.918568025034,8493.936503738225,13261.768171668855,26707.87819044718,31637.239741517937,18113.767004930363,9027.48076191156,5449.447878579399,24515.173022129842,4625.663533511579,17636.275855617467,3047.2767129470553,15188.600266198033,5000.4571983646565,20787.002416744825,2423.8735245491944,6191.639630831282,7057.4070633710735,7379.319980893052,15861.399550070564,6053.519604846348,15895.427900406667,1198.2942407793894,28956.599100967254,22018.343997309825,21521.583089107346,22840.4232020156,14239.815579540398,11554.30950075556,24710.67811460948,5823.984369376081,25897.871761504386,14789.337475183316,23365.94377379159,13173.685943072423,25850.384784266833,12694.604925727652,5468.571046024196,5745.956323138517,14339.03385193163,25505.276479697797,22544.500552845966,2657.105026640037,23740.059777270573,30511.221416793043,23505.955602581973,23010.943293870794,20334.415882180856,23519.942441390805,19776.863031703633,12950.474915256505,20751.493575450513,15398.114776014587,28253.268416882118,27739.30181302704,21405.58102993939,12165.158201470404,26252.366132076244,1926.9598716505438,27550.94137443737,29585.654983730186,14708.263958464255,19950.05662951901,6101.097047817016,24347.87720899666,389.54233912436547,11288.71555659213,18813.297543315723,29603.640106398136,4580.741025260154,21821.19623858699,17771.536316938713,6544.485550768373,18735.103967609914,27923.95349764631,13676.785625062952,32857.41941244333],[15528.660327127227,28922.325044909823,603.3975639009903,10114.922571325975,25315.680845760893,24100.015559162664,1855.1678231502287,0.0,6736.941800827162,14885.240090991389,22991.11527396235,21120.131053654877,28649.06215176299,29347.439301213195,24071.111355807585,24161.604093652313,27955.34998831689,800.9559501065615,18222.620197712717,18687.6183077742,24107.61750274458,8771.565490104958,11446.82214750825,20631.87905888181,26964.075005652867,10264.652811359829,14920.695447846065,28419.044563049312,33260.94746304452,19913.56202928128,10661.691627426526,4485.422325219366,26204.616162697424,5560.820490882239,18283.278188887984,2768.2010795097012,16875.503138988566,3347.225611862458,22629.128326744914,920.9089233606813,6668.039899524202,8870.86951935819,9225.2793493687,15889.53617312948,6852.7204969584445,17635.56845976909,1305.385552898201,30468.23132131391,22893.284251813708,22678.35670196212,24535.63227710464,15814.559078967935,13397.404635021609,25819.98265706553,4614.85360210043,26762.704493094567,16616.01824316758,24491.00927985467,14690.144996732492,27296.24239352042,12418.273411832255,5512.570898564113,6952.523437635117,15111.311790999145,25446.585642558755,24399.56877404713,2351.674399086399,25536.53349319733,32180.061382048018,25223.582032865175,23273.3781667887,22189.0411497544,25280.21157776488,21622.55134724106,13066.002825266098,21932.320763377276,17136.536658622903,29597.42103132977,29400.611182725537,23038.731732527747,13986.493943663907,27738.669740219793,3535.7257080375593,29236.181926049212,31097.711769329817,14364.51170690982,21650.727280875624,7736.283162437435,26079.76775207371,1925.9948063348497,11177.294070891228,19486.09259783013,31028.35265999883,6103.12174873614,23442.926323136875,19521.31543765306,5034.418889801355,20436.189289298472,29122.205569156526,14028.808878129075,34312.21614959818],[13609.146258086379,27268.112759765943,7314.02330475006,3977.34866368306,25011.569803216105,17803.618238837123,5228.672660885655,6736.941800827162,0.0,12300.921186983556,16330.296689112569,19834.705777165473,25756.478472398,28317.968860922232,17673.667911617365,26726.07644573206,26455.20127696167,7532.433370115408,12067.873324640692,20443.54446094898,21401.63397533929,2557.0528829531395,6987.145538434504,15657.957905477411,21464.930883595072,7447.719541656148,8245.717870731763,24920.518007346574,30330.572069829468,15786.73298868329,8932.517904369528,10646.973841388171,22931.989973662257,8099.070402966675,20299.347032806763,5349.748462187216,14014.478576588735,10081.575162546862,17739.9141551941,7536.498452843513,4201.819033409493,5885.212075866782,4290.217525673225,19834.25588715223,9437.49531620675,14263.0659999678,5452.754803649146,28302.17991866689,23921.569558235962,22541.977026162753,21262.400092600852,9078.32197045008,7797.92675374922,25799.345168505257,8278.372563546036,27729.639088456424,12266.702745181201,24437.961297664682,7963.3301108867145,25580.44447059972,17197.234994244576,10037.848448658451,1519.249767925696,16851.019165254973,29438.86143854742,18967.97069096707,5399.592271707735,21276.296375790203,28944.302453897657,21746.050328939473,26380.37769542697,16650.835815699073,21413.576259435067,15787.987490385156,16885.202639921343,21714.120671496203,13811.537065287286,28373.118153849402,26270.770311147917,20280.905252214186,9931.291531412164,25781.342296273193,3301.8023726980805,25928.604503857907,28917.00298816124,19243.131632960703,18429.985705667965,1250.786349883624,22456.781358201748,4957.017485513586,15630.074166362745,21367.983924601343,29347.90752037248,648.0433578970265,20751.56233140504,15955.981704954294,9577.342709421266,13803.162977652762,28620.5876132448,17158.210346342257,32408.118730148686],[1778.002871049648,14972.041218313423,15370.993509213953,9685.015885951712,13386.513278003784,15150.013983267756,13213.060650172922,14885.240090991389,12300.921186983556,0.0,16971.688416749796,7776.41512778796,13822.343273141434,16157.562383539309,15680.833247757348,18615.572692072015,14181.616651902972,15435.610220351491,10594.742800934431,12162.400342678851,9314.664817797344,10403.345461333418,5799.375128483594,8183.264706884028,14649.00522805623,4957.416760664461,12365.031781600472,13554.375779865322,18443.69368426871,5965.608188819221,4240.470795508294,15362.804985735173,11320.792561651971,10245.779054936733,12501.132916510252,15779.400636489361,2003.2604498081105,16918.813665738468,9557.470179087351,14970.919601861144,16449.942527328007,6571.550291762799,8177.945073654104,15807.709107395765,9888.188697741742,3074.3078886413455,14362.681244267058,16048.359822964449,13869.475930429655,11246.997824260758,9656.131384667367,14000.152583668956,7492.781211275676,14375.66414253371,18905.56967037262,17213.229909699614,4352.974666530868,13072.133269340138,14136.019801375676,13283.666814558372,15844.986112352473,12550.567731910185,13797.80642492952,9790.169860061875,23597.219682874613,12278.596189246593,15522.712246937443,11195.64270823152,17299.91193827071,10377.940488168537,19263.485785522185,10825.046171151178,10614.06677834151,11377.972429975374,13704.819048787605,10414.718542642802,2611.143200823749,16147.949341735293,14526.269141230297,8216.16400745199,3595.5791105354947,13485.668174148843,12649.49053891589,14351.015942706783,16669.297354377817,17401.795044950577,6782.268421183198,11391.38915389831,11270.820142631514,13368.506562414663,14281.07659829278,13071.41729246012,17047.724421968323,12286.241337463587,8649.824220643448,4925.155532479329,19751.025959931954,14853.197369577718,16716.32036967861,12527.645970501046,20121.113771101067],[18650.333031503957,27198.331081853332,23584.73516303166,13024.044180218729,28624.172614136198,4453.880513307986,21302.148262308947,22991.11527396235,16330.296689112569,16971.688416749796,0.0,22970.378922595406,22833.603892434607,29511.06152165656,3573.4266976394215,35568.00633971806,26968.13131849824,23792.06770307305,6403.130732374671,29132.886251842283,20482.663044931855,14259.564458543375,13795.595808966562,10941.356536578467,10953.34729129115,16376.39293847389,8084.721090309787,20482.760025966676,26173.48297637412,13865.99606111741,17952.025140623282,26359.044785880636,19842.006256813696,22164.86956290264,29449.92536646342,21580.06104534753,16771.6234743898,26293.786543214606,11803.721347122168,23714.943884736284,18753.697247278735,16441.23363359047,14528.768380135121,31967.29189273769,22905.834444587108,15600.994256794504,21742.963773521526,26679.14835716113,30480.658548059106,27176.4679490444,18827.67925330626,7507.4989115298695,10963.660417127076,29822.912385450403,24144.003236812452,33379.25717727008,12786.099629575912,28727.1676441064,8848.874958816985,25799.715724355414,30810.211640313075,24767.13108690712,16621.40367944015,26530.972226672726,40458.19219408934,9962.433313200294,21688.22238717144,15738.412537663278,24211.67875912182,18509.727844243,36223.22282000082,8709.248323146443,17115.633114384324,7079.4410567858795,29378.67958928429,26430.64009872772,15619.225512468242,29090.842215035915,22524.856521593592,19695.578746281884,13747.720124295256,25342.084907526958,19458.610833868675,21759.966560928337,27112.990180341993,32717.134918304288,17490.445426243623,15257.755373991771,18496.50450270795,21109.739201922737,29110.7892370803,30043.01796970197,28731.78893985462,16934.190894629606,20139.02848845373,15556.328679152304,25550.12770443958,2583.154623508513,30966.620833043486,28702.794601266898,30615.412916572623],[6245.524947493273,7807.110252790593,21495.80582651103,17457.22350687627,5790.532044260464,20031.17373851435,19715.86115193726,21120.131053654877,19834.705777165473,7776.41512778796,22970.378922595406,0.0,9007.128018733074,8486.23927432327,20784.977004845114,14034.396143205331,6837.816876856712,21498.457430001192,17019.377743294077,9089.01189834331,5290.585187118237,18117.09464789152,13575.399098180882,12284.897528121268,16946.731515441563,12388.870751274155,19829.350161962415,10324.42465576852,13158.59490071826,9221.97904488147,11024.076282211767,20229.109768884064,8156.427836451519,15721.4784329839,9828.825888384365,22589.591674177143,6725.861534169865,22350.050020268856,12370.280561602061,20956.204009176574,23873.650722196613,13957.565359146503,15873.749745720694,15421.538239801052,14761.63937329953,7530.90471600932,20913.520410503177,9579.175970491295,8083.510545213599,4275.3478433690025,7218.711895366564,21428.499848900134,15060.171804312768,6917.216449571097,25539.6344369082,10446.963602682057,10592.368868346295,5760.807605434591,21720.480414113546,6211.069225682663,17351.54733868739,17250.1319304578,21351.53466570637,9325.604303839933,20279.68215837658,15345.487236698098,22268.225560270403,11056.05973372633,12746.955562510539,8215.826801625617,15486.419720885271,15008.53817240797,9536.098772427189,16250.434471821329,14650.239621488397,3634.6554030876505,7661.385646735421,8590.498486616825,10148.066627901499,4968.925213640362,11160.685941069538,6784.900244710309,19612.855878849245,10440.541347530958,10198.928684407176,18172.56565017087,6190.310068043849,19027.04519850357,9154.159703416393,19957.674267433555,16273.301884164423,9625.289993280643,9909.939060615352,19733.821759049155,4924.353022032104,7452.628748574767,26151.762100911725,21282.789792630905,8941.645855127908,12829.08051335569,13217.624701514149],[13158.651218110708,5471.359520516925,29109.880021000132,22451.757411480936,10557.384831147127,18767.976724369364,27018.608909879284,28649.06215176299,25756.478472398,13822.343273141434,22833.603892434607,9007.128018733074,0.0,8263.090605928992,19684.292905690996,21391.381070975876,5947.042722623697,29157.290434400125,18500.12828476766,17744.231497939803,4545.745165577987,23523.255940517847,18795.059323380156,12471.931346323849,13273.511264841982,18722.691993465352,22879.864688689377,2799.9138680534406,4621.363522586747,10549.405192677894,17995.789544455423,28534.14566110778,3117.0808095926577,23651.96123695108,18539.603024734595,29594.82520569925,11891.232201780256,30409.547101316428,11091.552411914086,28664.665163161695,29958.236979821206,20316.643073291478,21472.45057167876,24358.117426793175,22945.442794241528,11493.427725524947,28177.579780005788,3953.2320129417394,15324.830310354982,11403.41822815231,4615.195951757617,24217.425334499636,19009.68823644771,11663.708859989154,32727.696901565643,15770.794062195173,13856.09557397051,11488.137304387083,24974.10155210706,5042.428733550567,26347.650040772245,25570.41485659856,27183.613337513492,18332.71364776202,28048.623136252732,13065.667847614965,29343.406048692676,7152.395058018399,3757.950256378939,4494.311548921643,23270.20494969714,14152.807071775893,5724.554053807392,15838.49416952326,23654.4613092531,11331.626071529392,11948.010468218576,7521.287963011427,1255.25327450247,5613.077807074736,15861.782660650922,4036.934960403666,26454.650679465693,1935.809404761156,4308.721856091009,27173.704223707824,7334.009619548458,24694.122121624565,4338.795534021266,27184.378206214147,25224.289245124677,18099.806386273765,6249.395677354107,25847.79634514873,5208.366198690166,9871.343008295593,33562.18967888167,22057.737366552054,10421.029226601047,21835.79977953021,7790.137767798723],[14714.538176734535,2793.179353493205,29681.081922071287,25825.696866058584,4708.109800707392,25863.987127687295,28040.687890514488,29347.439301213195,28317.968860922232,16157.562383539309,29511.06152165656,8486.23927432327,8263.090605928992,0.0,26733.88352878998,14944.6752076556,2579.3033671786607,29662.46968679483,24206.84626602575,13575.118912713739,9030.34769994143,26553.30224036024,21934.087865380887,18591.90438708186,21086.218855961557,20870.597064319027,27716.37629543868,11025.40070448844,9425.857409937798,15850.301725914487,19499.280799417298,27956.276418192625,10298.535490146412,23839.76560217262,14392.060508927361,30969.90149307063,14809.884555815976,30254.6260034778,17840.453822561918,29102.796905300536,32358.429644759275,22443.349845153043,24317.09962363323,20473.87862534861,22734.161876985498,15229.734468931676,29238.214918132213,5084.649691847897,9637.97543011138,7137.20463243891,10837.121779627356,29252.03770405425,23134.640814653965,5105.556315044407,33849.33634729598,8458.186467970592,18249.515548334384,5856.8128302467985,29705.083084324964,3750.4294219917233,23477.770875606388,25033.396454210935,29833.87976368559,15723.400608116624,21625.029687006678,20376.237128494075,30633.920958299317,14673.284765099073,10405.749940930642,11401.12900108242,17126.441668929107,20896.711802667513,12995.45880222022,22447.989906581828,20767.40265506813,7695.887441211174,15504.088584662144,861.6322784408728,9346.99602352332,9845.986500491052,19338.5926861342,4443.127100747994,28044.689764959265,10161.910914876762,5307.994544922438,23703.870582924177,12108.962532106678,27494.12381595719,11803.66972954567,28302.544170108744,22815.701651717744,13506.259050375264,3213.452873423009,28220.059535702647,9385.283023910619,14410.365768410298,34377.20321631645,28253.094984100477,2275.50792460358,18847.227144215543,6143.511082260715],[17215.451724345075,24302.227189318106,24674.09102426472,13958.566795403609,26262.30483432196,929.8239780380779,22285.782241733756,24071.111355807585,17673.667911617365,15680.833247757348,3573.4266976394215,20784.977004845114,19684.292905690996,26733.88352878998,0.0,33985.556030362044,24163.84145009784,24863.59871437642,6001.177803714155,27724.59798179831,17730.371625971275,15333.049817609595,13719.182195592233,8501.788890071299,7395.72178418235,16147.484406507823,9705.22824225598,17220.832364072594,22813.133527801438,11563.256905195582,17476.400419426383,26997.626570877543,16783.444192944833,22414.111520672614,28127.772532731276,23021.83548889884,15085.071855315715,27269.024893185386,8893.67453404528,24706.11719484554,20655.236566424308,16560.66631989756,15073.769633154741,31258.707559167713,22948.94953013955,13771.217930422847,22893.160643288007,23588.01108124449,28589.906454638192,25052.42879320207,15923.588441284694,9688.982973706314,11046.472953167358,27491.2320043026,25819.428866175054,31229.504117322096,11331.737036580085,26479.716256680906,11051.11944430342,22990.03931173108,30550.4062993706,25075.18907095053,18240.198763530934,25456.920441148435,39263.90600582369,6640.79330017207,23067.69827934534,12535.488758347357,20830.801136584356,15496.787860614058,34843.007506932896,5875.753413695538,14018.817027523475,4541.979123745264,28851.860260613998,24354.823007397925,13893.902855800703,26255.3185977133,19284.028567648675,17049.28106579721,12908.98326362574,22450.62656946828,20558.48212946738,18491.404797355855,23989.008955616486,32361.80366289299,14951.65143145274,16493.262844151734,15376.022299180815,22149.085777136126,28866.571703762947,28595.97213917938,25721.20128447493,18221.384595414573,17459.24418608341,13344.513400168398,27181.686959831826,4602.19981255709,28325.821555215247,27961.20119365408,27424.930164331392],[16917.718156647887,16995.542142530263,24196.088014785528,26281.68007947105,10937.574914613195,33338.848166149466,23731.265910319366,24161.604093652313,26726.07644573206,18615.572692072015,35568.00633971806,14034.396143205331,21391.381070975876,14944.6752076556,33985.556030362044,0.0,16026.052258712534,24062.19075210083,29208.57277545562,6576.551226614427,19019.515270155072,26216.06180648321,23119.684412802744,25697.656856313934,30935.74679578034,20771.564123596578,30397.593780873267,23545.922752268903,24072.54051396712,22688.65697123309,18895.883135112603,20766.511054894043,21716.93286408845,19184.558726533494,6504.837050701802,26681.808767388364,18907.314479220207,23350.223071646356,26169.985650734816,23498.8426025872,29682.80073000294,21722.8024097136,24248.28509292807,9134.143928164023,17731.11208284471,20217.7849667414,24730.399406776636,19614.99412840813,6127.666892521903,10189.19944480671,21107.520010337463,32024.79293481178,25622.64062566511,10024.307318190095,28609.438453477756,6719.732678110736,22803.682589250628,9919.827323316256,31822.5089887266,16544.725440225902,13183.20901935394,18671.03272553461,28083.160318590377,9930.40358198026,6720.8886845027755,29180.302667664757,26257.326239685037,25070.49208102713,24589.83274884693,22073.76969920697,2313.2844617663004,28503.533583650904,23501.31316087195,29487.066238565698,11363.771722034664,10542.02830037511,20095.37686471984,15762.991441028393,22646.347530035026,18937.184956163557,22034.50213958332,17583.715966713207,24760.987356367008,23233.298313271243,20005.73586079382,12222.889293385679,20169.838091101,26519.747118684805,22941.24167341051,24106.23306910416,13610.606316467538,5625.167125386923,18144.042210249398,26308.28934816243,18805.037810455757,20899.389107285442,28508.458778305776,33465.6997908394,12956.79632157614,10136.725839094972,20925.113159372973],[12873.526197611876,1107.1759676464098,28326.094200632713,23769.025472763442,5119.019148415649,23291.321847925534,26551.730078044184,27955.34998831689,26455.20127696167,14181.616651902972,26968.13131849824,6837.816876856712,5947.042722623697,2579.3033671786607,24163.84145009784,16026.052258712534,0.0,28325.36767096851,21751.860570572553,13562.751387386383,6487.972658185228,24573.963241044316,19887.688414692417,16066.630522933088,18528.345730906127,19024.24860574926,25403.133861268834,8629.524470583892,8064.4733925746295,13382.64180113366,17783.10334286919,26914.135313917406,7745.914365177161,22533.088640157494,14391.253176403798,29412.35655728831,12681.60868732066,29107.6724358894,15271.677792645072,27779.603230539782,30559.285252227837,20623.097685482444,22357.639647975106,20473.635193781556,21526.683678084282,12966.461117471692,27749.07649478867,3639.111208312126,10221.85300822586,6861.690518057397,8258.988243685048,26913.731784581436,20912.730092667105,6023.193929620802,32375.698831206817,9978.168195232818,15931.937754709674,6225.673634135295,27418.533311785224,1173.8343186669929,23136.022445959243,23949.803237331253,27961.710495796076,15157.527899964203,22746.069677816882,17796.937735685522,29095.676392082038,12107.26382274621,8627.221075249663,8825.715142316285,18075.102742841136,18334.869940290642,10423.861865464123,19897.981950808724,20397.456337423977,7167.005977912087,13277.069183005791,2142.501408975004,7118.508484602081,7354.20924833611,17192.955645456022,1945.9621091704128,26410.707460998183,7880.619741436182,4116.926990291028,23582.968531232105,9633.892713463852,25571.91756719978,9250.788762019532,26790.761629087054,22304.628936805933,13675.208256691702,3104.441631083848,26399.807274518866,6879.73222748917,12011.778664120882,32987.940422477805,25754.222836735134,4522.9070896725525,18484.187956199345,6466.3843335670945],[16013.05929649094,29305.36555535227,235.86818121751764,10909.47593735066,25565.724629465483,24887.521412242324,2608.7724421028083,800.9559501065615,7532.433370115408,15435.610220351491,23792.06770307305,21498.457430001192,29157.290434400125,29662.46968679483,24863.59871437642,24062.19075210083,28325.36767096851,0.0,19006.363368504153,18729.439499976448,24612.465124289232,9570.277888197275,12165.341811919594,21338.75005069208,27698.64082582067,10895.674407627366,15721.45145911587,28984.839532100505,33762.344345974336,20558.82601056746,11199.184642642816,3956.7510495524234,26755.413845892115,5823.694135566928,18294.184149276163,3282.3113991398386,17432.766193831696,2561.717122069684,23325.196397303967,581.8917010636692,7268.972344531955,9541.9530990606,9987.955565294316,15641.489145106962,7024.311332485783,18230.952285301933,2086.1134426062285,30899.64949278381,22998.714416322327,22922.630290672023,25091.63896092635,16610.681753535122,14163.081723522899,26035.509655628994,4561.714491226694,26857.161521036654,17292.41707366898,24716.352923130205,15480.909215261745,27691.044623313584,12063.127064994784,5395.156758696057,7711.335309445919,15191.070448030761,251