{"problem":"50.20.2","tabu_size":4,"reset_after":250,"iterations":3641,"solution":{"truck_routes":[[[0,7,19,38,24,27,5,26,45,3,0]],[[0,40,25,42,18,37,0]],[[0,22,44,41,20,13,21,35,8,9,30,15,36,33,16,2,29,48,47,50,0]]],"drone_routes":[[[0,39,17,49,0],[0,28,34,0],[0,12,31,46,0],[0,32,1,6,0],[0,14,0],[0,43,0]],[[0,4,0],[0,11,0]],[[0,10,23,0]]],"truck_working_time":[4065.3832195800483,4283.049209672777,4239.061652606176],"drone_working_time":[3682.0659793235145,1240.927625338697,473.19465253257],"working_time":4283.049209672777,"energy_violation":0.0,"capacity_violation":0.0,"waiting_time_violation":0.0,"fixed_time_violation":0.0,"feasible":true},"config":{"customers_count":50,"trucks_count":3,"drones_count":3,"x":[0.0,7324.546656481919,5328.491001621583,-1169.8750861459446,8043.6802748328355,-9341.653214413142,8087.912196542885,-15082.14743053661,15257.691673171634,14479.55818225732,-4497.948377565283,-997.065933450816,-1277.6108444297383,11770.287776029223,6432.810237048054,11967.52203740107,6348.805399258929,4117.762749078361,4348.791200104873,-14919.080158194272,14167.743118522221,12682.976660447961,8855.254815668815,-2210.925610765942,-12988.953660727093,-11594.020254420866,-7010.340203970054,-15640.988182625568,2686.363390872626,2848.809793989129,12991.400199707106,-3297.9832535569853,5123.606651216789,7659.867202252514,7276.733966792004,11678.148634391799,7256.499692480104,15609.928686647338,-11178.097667796,7085.108902204163,-12750.578819873694,11183.609008069807,3311.8437140107485,556.8403638811714,9151.735213337133,-6938.741521110263,-2104.903918443895,3091.67646727402,4710.6203371882775,3650.7075228331773,2879.8981152401025],"y":[0.0,5897.377240839792,12983.262408550467,9105.702973559122,-3651.049328370516,10491.798325278916,2286.5614863596466,-4573.1031357735565,6868.864539304709,10315.606220971662,-2103.050584796204,10535.461397285842,-7062.685418425592,-431.60368593265844,-5943.986243683692,9840.500705273198,13151.995770225049,-1178.0603432648625,-12029.564693047298,-520.0146093567723,-3714.0076890029245,3181.247947179256,-7119.002313932663,-5396.944916485776,7890.700436493372,-13101.739392468759,15047.178430423546,9964.844176436523,6059.03858487459,12718.365710326605,10740.722320568071,2366.847283098728,3672.7312951515514,11437.949237927614,275.59094141128077,6343.803077850771,9491.073773574733,-11937.225166814487,1112.8911153268207,-3611.482620455989,-10517.820710585935,-5262.2085965717715,-10745.01083772905,6796.809412395092,-6762.6965951297625,15288.97409341167,1582.5963584902133,10237.189637235755,10946.448156652152,2778.1907134930666,8986.641181490157],"demands":[0.0,0.31420146617426953,0.31269279578550163,14.102247321624784,0.673980911950684,0.6661309023980235,0.8533312315028265,0.47364932426687484,0.33073263493503763,0.4185763917002328,0.5360192155048025,0.945587633668975,0.2032924964833388,0.7176616859987914,0.42072051625559115,0.424516022617809,0.9175313596729219,0.6122465002614397,0.030973718284959536,0.4487910463885852,0.8736926239228936,3.424199980797507,12.240755005741953,0.5020537036069321,0.913296968576449,0.6218005737299716,11.352596098897703,0.9470496962676327,0.13125832529558137,0.4338391923802082,1.0911566290387806,0.9318430278083129,0.40990044560747585,0.8595907058987746,0.42647546277159626,0.9072530321749929,0.9642044269013992,0.6156090309660275,0.37258042848189693,0.11668469024973932,13.578379237771118,0.059428201232582016,0.6494890292074227,0.9651423434749404,0.5730501115566239,0.13894912987151165,0.8250118441585136,12.210731175670139,1.0356803705000355,1.1336345285361011,0.08472418087788677],"dronable":[true,true,true,false,true,true,true,true,true,true,true,true,true,true,true,true,true,true,true,true,true,false,false,true,true,true,false,true,true,true,true,true,true,true,true,true,true,true,true,true,false,true,true,true,true,true,true,false,true,true,true],"distances":[[0.0,9403.618561158019,14034.169698405454,9180.546517493847,8833.513092871355,14047.92927362182,8404.920411871275,15760.21711166645,16732.556745843973,17778.33897920512,4965.315837834873,10582.536904228036,7177.312504652835,11778.198337277803,8758.539833269653,15493.774164036424,14604.188534036284,4282.965821725724,12791.497629531881,14928.140137357048,14646.46026131934,13075.864616571247,11362.030267351181,5832.255694662436,15197.896913026894,17495.053037018464,16600.073749607334,18545.582514164755,6627.857635829224,13033.51616348942,16856.44076062616,4059.3915310369052,6303.990821914203,13765.908917523486,7281.950809395272,13289.95835273745,11947.270364497574,19651.137836915314,11233.360766278263,7952.457159516694,16528.817645005405,12359.771428275442,11243.823490652425,6819.581319939652,11379.293591994827,16789.844035183676,2633.4828155480614,10693.854078255561,11916.990862101267,4587.592948138476,9436.817942453818],[9403.618561158019,0.0,7361.657883064254,9080.118652796229,9575.468819261218,17287.88371194581,3690.625605578896,24732.385635564482,7992.407486290193,8409.217398477456,14275.09139106582,9526.85996219126,15555.07434256023,7734.3786869717715,11874.892968542954,6091.423728783497,7319.942691575325,7768.222450171155,18172.241678921102,23150.84992024161,11798.646451508264,6007.506175384625,13106.075086863333,14781.303878647119,20411.066422398933,26811.911658969177,17006.111933974415,23322.95173682852,4640.999719406716,8158.315032109807,7454.610696856812,11193.872586025725,3129.406731385934,5550.709677449329,5621.989616651519,4376.430761478098,3594.340712662199,19665.212900573842,19111.231108328946,9511.873963627546,25932.01470530035,11807.993830282932,17119.31265741143,6827.212219796338,12791.250429668848,17077.5724585867,10369.757577092058,6062.27363903981,5685.571907521553,4819.3794800067635,5412.804481058376],[14034.169698405454,7361.657883064254,0.0,7567.313194426238,16854.452816701843,14880.205798223667,11046.891687247542,26922.483769782848,11660.827040966993,9531.968321371825,18004.325885910166,6782.6543719690335,21106.411487561043,14881.376885748226,18959.437294319487,7345.31716249404,1034.1723344627176,14212.984379875637,25032.00613845234,24337.268295643797,18892.623076131676,12254.303195482526,20409.289795895955,19866.42454410106,19012.17942260824,31093.386855890425,12510.25598720611,21185.60610137299,7411.188425066695,2493.79011791599,7984.307322762058,13679.339464724862,9312.78514788192,2797.017658894697,12856.148908910453,9186.978407366174,3989.0599110917933,26958.090842360976,20331.580955261026,16687.458435195625,29650.525684767534,19161.931506719007,23813.815686124988,7812.864422367016,20112.684884854054,12482.039101864544,13609.942925032849,3541.786967961874,2128.468100466471,10342.071634975126,4687.066071203504],[9180.546517493847,9080.118652796229,7567.313194426238,0.0,15736.083746682589,8288.499146509297,11498.144023883162,19510.5371110386,16579.15546138565,15696.134157502169,11692.40044494722,1440.1639328467866,16168.74732895777,16075.074905480336,16861.019235476368,13157.930342128793,8538.327801036843,11563.515980572269,21843.88282604767,16783.77428051556,19989.685181712477,15066.541370623434,19072.08145993049,14539.964993679845,11881.365641928513,24532.29094336115,8331.396245350626,14496.594008855518,4914.543629770419,5403.809787127464,14255.35008292697,7066.896092985378,8314.150205336504,9132.563797597739,12219.49602043617,13141.529764734938,8435.182426205722,26914.060254342436,12808.183346788452,15161.516087797492,22785.859227832025,18948.494719980867,20350.347471759418,2883.1468436670134,18929.916641283995,8456.515930692765,7580.990176680224,4409.204430794085,6161.864105360886,7954.585350053026,4051.5230090665],[8833.513092871355,9575.468819261218,16854.452816701843,15736.083746682589,0.0,22411.3801513123,5937.7755641400545,23144.202087827085,12755.804492021176,15378.166069894201,12636.801389780607,16822.37137182978,9926.012741328192,4924.676000772568,2802.2244692812615,14050.567835072941,16888.307358326,4639.881780765543,9157.058752168676,23175.239914966678,6124.3864565057,8258.532376582803,3561.6500593689075,10402.16771993018,23991.325055152804,21793.458302075334,24005.15057015793,27319.518221849587,11089.934692238447,17173.946198293066,15218.509245329858,12839.330637441379,7884.4525865031,15093.879229953796,4000.8387180301984,10635.15091001452,13165.67707700277,11220.910170520843,19803.329917638286,959.3876175969806,21898.715955813434,3529.1623138243353,8527.283690284557,12853.424606664601,3303.0492668856837,24149.481362737555,11418.616742128715,14744.677794915066,14973.183408119137,7786.741110099493,13651.954717722685],[14047.92927362182,17287.88371194581,14880.205798223667,8288.499146509297,22411.3801513123,0.0,19264.36248614401,16121.554821932279,24864.702252709492,23821.862984713916,13494.135600849866,8344.701513742435,19318.092008603577,23770.45990052489,22780.884784811024,21319.126119575263,15914.369040381527,17814.080931164433,26356.025126529214,12343.731827151203,27468.10223612911,23206.216149026906,25323.265212237464,17415.494192245573,4479.7891437797125,23700.805457234896,5117.275471870623,6321.337019707624,12818.835453081516,12392.13422616872,22334.440623247738,10126.24195017974,15991.979806814856,17027.827166958356,19507.477689712607,21425.170578917456,16628.293043755042,33550.59662918391,9557.009400604986,21650.428334567947,21284.380794745695,25874.21734846109,24720.70079798815,10565.657489520854,25292.746203171704,5365.340618839758,11477.997214572892,12435.936336181127,14059.626539784207,15109.638642778335,12313.887076420968],[8404.920411871275,3690.625605578896,11046.891687247542,11498.144023883162,5937.7755641400545,19264.36248614401,0.0,24164.160689967386,8509.009285017642,10262.489841997427,13329.387852640779,12271.1522426764,13233.345741634103,4576.932576765819,8395.31288474975,8491.959152064024,11003.733667685568,5269.315995223055,14796.367615421848,23177.544446985336,8542.31669210218,4681.354642688071,9436.813291386883,12849.215183186103,21809.187232397242,24983.559973343494,19768.4235674655,24940.263396228092,6588.4985359987395,11673.50561535049,9773.281435006318,11386.178507724308,3272.395774483464,9161.392923386993,2168.412473002242,5417.656966935382,7252.326802381778,16090.271558690922,19301.726301878894,5982.68658155174,24458.023454210917,8158.87666985219,13879.218543844296,8778.347185149247,9111.574575037106,19871.161404263334,10217.096811481744,9390.146934735709,9295.145907707565,4464.357133268248,8486.134490576273],[15760.21711166645,24732.385635564482,26922.483769782848,19510.5371110386,23144.202087827085,16121.554821932279,24164.160689967386,0.0,32425.675954657287,33099.36713967693,10868.598308775094,20655.707274968074,14027.23245331231,27169.933643935325,21558.588171156138,30650.22991775621,27811.23640581904,19497.765678873253,20812.50093148002,4056.367529980555,29262.504030219,28827.626966253454,24072.408041614613,12897.56048302886,12638.348770548439,9214.372881307394,21215.784704783036,14548.684306107945,20706.57901195859,24910.12087171446,31978.701140835277,13675.870618224473,21823.525917562547,27812.82128212448,22878.5797547386,28901.423611297978,26397.276894106115,31563.17204704045,6897.255626225662,22188.104185281707,6385.599363451466,26274.794530658015,19401.83895683974,19335.27477402251,24332.59927575146,21466.65254910039,14363.198997292759,23444.24550056761,25151.742051502548,20123.65215268482,22505.5936633123],[16732.556745843973,7992.407486290193,11660.827040966993,16579.15546138565,12755.804492021176,24864.702252709492,8509.009285017642,32425.675954657287,0.0,3533.4855242130016,21697.4785357274,16663.16528661369,21621.848061008324,8090.66265824404,15557.881525090908,4433.490468585504,10901.650916557397,13742.307539113192,21820.97012008158,31068.2006758654,10638.85202700307,4497.518596655672,15383.485197386428,21344.851168805133,28265.12199195054,33464.00237332915,23722.35363076492,31053.397668283942,12597.385159540037,13718.491660575899,4486.352607745814,19094.0103530296,10626.144500551012,8865.859894792347,10352.146765173828,3617.847136734956,8419.920093455366,18809.388106694612,27055.169342245073,13290.176286920294,32966.04374186199,12796.91701114246,21282.666403932202,14701.027894646724,14936.604810036955,23739.837645851385,18149.50018478412,12623.689633204871,11307.84691808224,12306.733661511838,12557.65707721618],[17778.33897920512,8409.217398477456,9531.968321371825,15696.134157502169,15378.166069894201,23821.862984713916,10262.489841997427,33099.36713967693,3533.4855242130016,0.0,22679.699999946086,15478.185627439374,23458.33318971172,11083.44111353174,18141.78876545548,2556.570132836445,8611.285995329032,15474.85624129985,24534.447269571596,31331.942407889714,14033.078603675123,7357.089991520899,18319.3439599997,22922.838229424975,27575.33881807749,35045.735376403885,22004.62470081313,30122.58865587329,12537.855136673581,11876.34460744923,1547.6879140072094,19473.668071385768,11474.389584255418,6911.428138269884,12356.479413356356,4860.361680222686,7269.967517365747,22281.522440139397,27258.122991787957,15768.376065793751,34285.741042995905,15922.675511625019,23838.36062604808,14360.501468617918,17890.05658645638,21988.132030208806,18743.261307141645,11388.15169880766,9789.285375788944,13193.81063743487,11675.541175745044],[4965.315837834873,14275.09139106582,18004.325885910166,11692.40044494722,12636.801389780607,13494.135600849866,13329.387852640779,10868.598308775094,21697.4785357274,22679.699999946086,0.0,13114.425759778442,5913.4213032957105,16353.875451550924,11585.951433812294,20341.094695336596,18718.133101057316,8665.222741782192,13296.634292046372,10540.682638651586,18735.079978978138,17975.20503740829,14264.214218414709,4010.014090273899,13113.818291947171,13089.132575137372,17333.276319376866,16425.633018710305,10873.547498391346,16542.34676896339,21698.84365817472,4628.164133676322,11222.030898933332,18198.108579516356,12012.538442007914,18248.710950048484,16510.323106128602,22383.87164319664,7413.9514132721515,11680.863972867106,11786.189608486657,15996.6096840028,11648.0182660792,10235.154966597218,14423.112114705624,17562.45978150464,4394.38905581744,14487.371536026038,15971.448123993023,9498.795165452479,13319.680264279628],[10582.536904228036,9526.85996219126,6782.6543719690335,1440.1639328467866,16822.37137182978,8344.701513742435,12271.1522426764,20655.707274968074,16663.16528661369,15478.185627439374,13114.425759778442,0.0,17600.382859313337,16830.978500447443,18076.92602353628,12983.201131362022,7797.953434170995,12781.551706188775,23189.622483986313,17777.683476972183,20809.103844805584,15531.517016718406,20217.52489980572,15978.580233028255,12280.07051296251,25903.912871531615,7517.649768351379,14655.035409462684,5797.069327061883,4422.197570304123,13989.972008733,8486.487910818085,9195.634689538387,8703.848322353999,13180.315116133825,13350.320738009963,8319.380448693844,27943.0476455283,13872.210995158668,16292.86884238672,24111.9421176508,19948.31369479179,21712.328315849205,4048.721211075857,20055.533766210665,7609.1649831776995,9021.147233244927,4099.607354653427,5722.463864491975,9043.066214651362,4174.888536919192],[7177.312504652835,15555.07434256023,21106.411487561043,16168.74732895777,9926.012741328192,19318.092008603577,13233.345741634103,14027.23245331231,21621.848061008324,23458.33318971172,5913.4213032957105,17600.382859313337,0.0,14636.218888523646,7791.154028593285,21474.432383412583,21605.452096190544,7983.662598628208,7505.084256383128,15129.316784118859,15804.195695333792,17315.778188701184,10133.022159174629,1909.3893979133516,18993.6647092374,11954.01505837934,22840.97776638254,22276.520658830512,13707.397001507074,20206.86346377086,22815.915570026085,9643.54663185071,12498.990256845656,20546.337788588615,11270.630642631186,18643.648716757794,18624.12376577569,17576.97724787497,12839.769896648932,9046.871410241985,11981.942832975565,12590.62019911496,5884.098370832914,13980.372248306503,10433.659592240865,23057.430114207404,8684.77465640786,17843.10366930902,18978.614406997545,11005.960429370412,16579.076122043058],[11778.198337277803,7734.3786869717715,14881.376885748226,16075.074905480336,4924.676000772568,23770.45990052489,4576.932576765819,27169.933643935325,8090.66265824404,11083.44111353174,16353.875451550924,16830.978500447443,14636.218888523646,0.0,7673.006447418528,10273.997760253285,14625.547693914195,7688.844960680692,13769.216061526833,26689.514368375796,4064.722396255361,3726.3518248577857,7295.116007971628,14836.742947929342,26120.50501865805,26578.62352650708,24337.310515518355,29316.619481728907,11164.502645565208,15890.703713384797,11238.860438086816,15325.929650338987,7811.781846153245,12561.12430897994,4548.862503687537,6776.033237532408,10901.092185125584,12129.39272939176,23000.301273450463,5662.378574235556,26514.235279986355,4866.100675023596,13338.35233561554,13341.340216975432,6851.244773650053,24436.946269074586,14020.625748422533,13752.8704356922,13390.256460560367,8731.000147444502,12951.539086278599],[8758.539833269653,11874.892968542954,18959.437294319487,16861.019235476368,2802.2244692812615,22780.884784811024,8395.31288474975,21558.588171156138,15557.881525090908,18141.78876545548,11585.951433812294,18076.92602353628,7791.154028593285,7673.006447418528,0.0,16726.717040553933,19096.166785203204,5298.442654199233,6432.526751572847,22030.04066588223,8049.968387220312,11060.491822622073,2692.3782241417075,8661.029016257087,23845.407701265893,19395.877080119273,24926.838711624325,27209.253242390318,12574.119015112128,19003.37968970779,17927.481757690013,12796.808034298714,9705.424784670418,17425.19296543814,6276.5713270048045,13360.51426080093,15457.022418802388,10960.767118578222,18972.179508243487,2421.9964287617777,19721.115015126503,4799.469733506324,5726.27882577752,14030.498775892496,2839.513984162346,25092.568642882532,11381.652281994671,16522.51880788077,16978.00672291148,9155.133335170329,15347.534650706717],[15493.774164036424,6091.423728783497,7345.31716249404,13157.930342128793,14050.567835072941,21319.126119575263,8491.959152064024,30650.22991775621,4433.490468585504,2556.570132836445,20341.094695336596,12983.201131362022,21474.432383412583,10273.997760253285,16726.717040553933,0.0,6521.96107201935,13528.762266555237,23159.11958814461,28813.706030444508,13731.921592272212,6697.575875928615,17242.70715166043,20813.652413449072,25032.526847272038,32886.05564478283,19679.145006479237,27608.790228261292,10021.944002539589,9562.06149140769,1363.3508161479558,16996.798147387894,9213.06449069376,4594.315182185314,10653.215078753894,3508.650917944217,4723.963454022568,22080.228041355705,24736.42821209503,14310.618904101924,32022.582045516505,15123.040299278115,22331.234912675292,11809.644911712836,16840.273633010842,19675.687129174083,16316.438229079176,8884.705774165264,7340.690842949519,10910.803182613306,9127.649458485315],[14604.188534036284,7319.942691575325,1034.1723344627176,8538.327801036843,16888.307358326,15914.369040381527,11003.733667685568,27811.23640581904,10901.650916557397,8611.285995329032,18718.133101057316,7797.953434170995,21605.452096190544,14625.547693914195,19096.166785203204,6521.96107201935,0.0,14502.691457887888,25260.859925233326,25283.33094954697,18590.26249799632,11812.600802399336,20425.3678548257,20428.710080744153,20040.712413754612,31799.427706032933,13492.905119498517,22219.562485694387,7982.701491225098,3526.755487095107,7066.703993515068,14469.967491375404,9558.115241018726,2157.970937281049,12909.796773843595,8646.00410908733,3771.7713074236644,26743.922894216375,21263.404525464208,16779.640955732026,30414.580217147883,19038.336282299715,24089.210470629117,8598.561078098268,20110.97679252228,13458.290363741686,14328.859130316898,4370.924807461821,2747.378855077786,10718.934812090762,5420.65462790369],[4282.965821725724,7768.222450171155,14212.984379875637,11563.515980572269,4639.881780765543,17814.080931164433,5269.315995223055,19497.765678873253,13742.307539113192,15474.85624129985,8665.222741782192,12781.551706188775,7983.662598628208,7688.844960680692,5298.442654199233,13528.762266555237,14502.691457887888,0.0,10853.963368213974,19048.212831236713,10364.995627908525,9610.747011479083,7598.593460624783,7606.003115841472,19361.874093330644,19723.95110563477,19674.68039376616,22684.19184181558,7377.296592814268,13954.243034473973,14859.300851415774,8219.468282988435,4953.978348236865,13103.823934635895,3477.384248509765,10664.795547068123,11121.245092299043,15742.601615899715,15466.473563101814,3837.536601988383,19281.391832692403,8161.277492567771,9600.835758131314,8733.76870847507,7518.5797087321735,19834.553431206616,6807.555058906079,11461.273278961042,12138.994459358626,3983.724765651007,10239.798139566254],[12791.497629531881,18172.241678921102,25032.00613845234,21843.88282604767,9157.058752168676,26356.025126529214,14796.367615421848,20812.50093148002,21820.97012008158,24534.447269571596,13296.634292046372,23189.622483986313,7505.084256383128,13769.216061526833,6432.526751572847,23159.11958814461,25260.859925233326,10853.963368213974,0.0,22443.72094392873,12867.023939656874,17344.378583952497,6664.970907481715,9328.533096862346,26408.60389514181,15978.823350317025,29362.899795991994,29721.125505072374,18164.835115325302,24793.345951463096,24355.300470378646,16301.221958248907,15721.400646389222,23699.945873197677,12648.703650305166,19781.307430102108,21716.18402684235,11261.516064851876,20342.28164663961,8851.640545554545,17166.06608832233,9618.307699620504,1650.859986834103,19204.45919838435,7127.98504172849,29558.60207045938,15064.564685916914,22302.21257760493,22978.861738432493,14824.201192657854,21067.476266883656],[14928.140137357048,23150.84992024161,24337.268295643797,16783.77428051556,23175.239914966678,12343.731827151203,23177.544446985336,4056.367529980555,31068.2006758654,31331.942407889714,10540.682638651586,17777.683476972183,15129.316784118859,26689.514368375796,22030.04066588223,28813.706030444508,25283.33094954697,19048.212831236713,22443.72094392873,0.0,29261.66229255891,27849.109234084488,24673.17657243577,13611.819908517624,8629.34040809116,13013.678261031966,17460.97553979523,10509.681962541263,18794.562604431823,22157.45082001718,30096.496640203357,11974.300182185265,20476.533221224523,25549.985582751066,22210.068727119084,27468.61067998148,24330.602794104827,32594.06507267452,4081.8293814380463,22220.29501760514,10230.274917717177,26529.96014929118,20902.562835795095,17118.41201078187,24867.151646818078,17709.035224054307,12985.533704299318,20978.67482527813,22733.34357068249,18860.412849938195,20178.7049114613],[14646.46026131934,11798.646451508264,18892.623076131676,19989.685181712477,6124.3864565057,27468.10223612911,8542.31669210218,29262.504030219,10638.85202700307,14033.078603675123,18735.079978978138,20809.103844805584,15804.195695333792,4064.722396255361,8049.968387220312,13731.921592272212,18590.26249799632,10364.995627908525,12867.023939656874,29261.66229255891,0.0,7053.302894624937,6310.033309242882,16464.904101008593,29532.277775986902,27418.934308608157,28292.990612909514,32797.430541746166,15077.616320951873,19953.47456309849,14502.517102635626,18494.009703038344,11677.342045999658,16490.42897128882,7962.594072350575,10361.353102623747,14904.343733533608,8348.724746947519,25801.368127148457,7083.37623113723,27764.868586251032,3361.8421199340437,12933.891802480382,17196.91687295535,5869.824473629527,28400.651585233445,17112.949951005023,17813.342170927437,17446.092310418044,12359.477246969707,16991.819400808094],[13075.864616571247,6007.506175384625,12254.303195482526,15066.541370623434,8258.532376582803,23206.216149026906,4681.354642688071,28827.626966253454,4497.518596655672,7357.089991520899,17975.20503740829,15531.517016718406,17315.778188701184,3726.3518248577857,11060.491822622073,6697.575875928615,11812.600802399336,9610.747011479083,17344.378583952497,27849.109234084488,7053.302894624937,0.0,10988.476234789592,17187.603604653686,26100.324694615847,29231.97317848537,22991.890643345472,29124.974888113786,10402.593706180041,13699.177098844202,7565.76353592229,16001.697666644242,7575.33040981037,9664.613020377907,6137.6137625201645,3318.3481306946455,8322.29260740891,15399.197299282334,23950.55256318429,8802.11974488371,28888.236818136967,8575.550230930377,16785.67295177756,12653.674019496008,10552.331458891475,23056.64452665766,14874.04110918028,11907.11352633609,11129.096982155226,9041.257706090191,11393.109302051718],[11362.030267351181,13106.075086863333,20409.289795895955,19072.08145993049,3561.6500593689075,25323.265212237464,9436.813291386883,24072.408041614613,15383.485197386428,18319.3439599997,14264.214218414709,20217.52489980572,10133.022159174629,7295.116007971628,2692.3782241417075,17242.70715166043,20425.3678548257,7598.593460624783,6664.970907481715,24673.17657243577,6310.033309242882,10988.476234789592,0.0,11199.367433498612,26503.97367596779,21306.477743707004,27259.06590693558,29865.0921970448,14550.463337693429,20726.759320462155,18332.415625282272,15416.956189364353,11418.700114842144,18595.413478715625,7561.199473781718,13755.575543350322,16686.840491138737,8297.041072774839,21658.69989536379,3928.881641775724,21871.53432158267,2978.072556890136,6623.997619008475,16202.268310833491,463.5238844474097,27414.735580674333,13994.388122846198,18288.14464137597,18534.791492362758,11182.206506118873,17178.377108999957],[5832.255694662436,14781.303878647119,19866.42454410106,14539.964993679845,10402.16771993018,17415.494192245573,12849.215183186103,12897.56048302886,21344.851168805133,22922.838229424975,4010.014090273899,15978.580233028255,1909.3893979133516,14836.742947929342,8661.029016257087,20813.652413449072,20428.710080744153,7606.003115841472,9328.533096862346,13611.819908517624,16464.904101008593,17187.603604653686,11199.367433498612,0.0,17109.27840887212,12141.100568273192,20999.918091771295,20404.68438421656,12458.852176224382,18808.6523034489,22170.588938989786,7839.525727815403,11664.235512283074,19515.281498042477,11054.10997406643,18186.576006879957,17643.277540982417,18983.100738353394,11080.980997252287,9465.945978975124,11717.835067402862,13395.212261516923,7687.833902514939,12503.926308304732,11444.445755532492,21219.31875829527,6980.346481968949,16508.89917716815,17748.642073486477,10059.402843183912,15257.91713331648],[15197.896913026894,20411.066422398933,19012.17942260824,11881.365641928513,23991.325055152804,4479.7891437797125,21809.187232397242,12638.348770548439,28265.12199195054,27575.33881807749,13113.818291947171,12280.07051296251,18993.6647092374,26120.50501865805,23845.407701265893,25032.526847272038,20040.712413754612,19361.874093330644,26408.60389514181,8629.34040809116,29532.277775986902,26100.324694615847,26503.97367596779,17109.27840887212,0.0,21038.73497101536,9325.180756581783,3366.8025423666645,15781.969135911033,16557.20698800737,26136.208819434447,11154.723712083356,18597.20690671361,20951.295355912924,21649.20293309363,24715.558401056514,20308.608428322448,34800.03886850238,7015.546922459192,23135.863996316435,18410.064459072866,27519.298719425973,24758.95251718943,13589.890850544596,26550.55834411949,9557.171131512616,12579.93306227879,16250.928492943956,17961.41736714944,17407.357064513126,15906.650898418602],[17495.053037018464,26811.911658969177,31093.386855890425,24532.29094336115,21793.458302075334,23700.805457234896,24983.559973343494,9214.372881307394,33464.00237332915,35045.735376403885,13089.132575137372,25903.912871531615,11954.01505837934,26578.62352650708,19395.877080119273,32886.05564478283,31799.427706032933,19723.95110563477,15978.823350317025,13013.678261031966,27418.934308608157,29231.97317848537,21306.477743707004,12141.100568273192,21038.73497101536,0.0,28519.672112505865,23418.907467113164,23896.961517184813,29585.01592574616,34247.71349220092,17552.817541900404,23682.523434083898,31191.481213162184,23131.327928572762,30326.93467454996,29424.094022148915,27228.86210200487,14220.714189913864,20951.72641212684,2830.9474509261686,24088.97336789778,15091.02216969127,23315.13796452751,21692.621637656113,28769.849362173703,17483.507808348895,27574.90338070442,29054.373667646712,22013.039435135117,26408.159143561195],[16600.073749607334,17006.111933974415,12510.25598720611,8331.396245350626,24005.15057015793,5117.275471870623,19768.4235674655,21215.784704783036,23722.35363076492,22004.62470081313,17333.276319376866,7517.649768351379,22840.97776638254,24337.310515518355,24926.838711624325,19679.145006479237,13492.905119498517,19674.68039376616,29362.899795991994,17460.97553979523,28292.990612909514,22991.890643345472,27259.06590693558,20999.918091771295,9325.180756581783,28519.672112505865,0.0,10015.897663251175,13221.67608472465,10130.459385809898,20460.08757073642,13212.584612145201,16631.61789837645,15107.664303443877,20550.43272795977,20615.730828407388,15310.552556612678,35211.28515380355,14544.227901712156,23384.339155006208,26201.51752184073,27267.031179477013,27781.00984631098,11195.12441557078,27145.595046433948,252.17357916150456,14330.327125477115,11188.687725407539,12417.604631554987,16253.799501389432,11599.436441331194],[18545.582514164755,23322.95173682852,21185.60610137299,14496.594008855518,27319.518221849587,6321.337019707624,24940.263396228092,14548.684306107945,31053.397668283942,30122.58865587329,16425.633018710305,14655.035409462684,22276.520658830512,29316.619481728907,27209.253242390318,27608.790228261292,22219.562485694387,22684.19184181558,29721.125505072374,10509.681962541263,32797.430541746166,29124.974888113786,29865.0921970448,20404.68438421656,3366.8025423666645,23418.907467113164,10015.897663251175,0.0,18738.920273529187,18693.70241695372,28642.898794837092,14494.113545511575,21696.983272438243,23347.374588788192,24881.79287692814,27558.069146160455,22902.388726620615,38161.76681820145,9913.347807045064,26472.478879113834,20685.59951169766,30845.13171628615,28073.2600816135,16504.729440018204,29908.02156032941,10201.737907370687,15921.295666135102,18734.64429701337,20375.267255124156,20586.828585006788,18546.70079442137],[6627.857635829224,4640.999719406716,7411.188425066695,4914.543629770419,11089.934692238447,12818.835453081516,6588.4985359987395,20706.57901195859,12597.385159540037,12537.855136673581,10873.547498391346,5797.069327061883,13707.397001507074,11164.502645565208,12574.119015112128,10021.944002539589,7982.701491225098,7377.296592814268,18164.835115325302,18794.562604431823,15077.616320951873,10402.593706180041,14550.463337693429,12458.852176224382,15781.969135911033,23896.961517184813,13221.67608472465,18738.920273529187,0.0,6661.308174650569,11318.654788997252,7031.691216884121,3410.9554660063154,7325.87332509494,7383.750311931444,8996.293274567539,5715.331254769622,22155.903253411056,14720.314372928744,10623.932532551575,22651.522000064753,14155.346015636065,16815.686207584233,2253.7023131787246,14359.593511965415,13335.454775088505,6557.040295398701,4197.7642747358595,5290.027269023298,3419.6377527444956,2933.992613018343],[13033.51616348942,8158.315032109807,2493.79011791599,5403.809787127464,17173.946198293066,12392.13422616872,11673.50561535049,24910.12087171446,13718.491660575899,11876.34460744923,16542.34676896339,4422.197570304123,20206.86346377086,15890.703713384797,19003.37968970779,9562.06149140769,3526.755487095107,13954.243034473973,24793.345951463096,22157.45082001718,19953.47456309849,13699.177098844202,20726.759320462155,18808.6523034489,16557.20698800737,29585.01592574616,10130.459385809898,18693.70241695372,6661.308174650569,0.0,10333.596349539594,12038.97830044558,9327.282707983723,4978.527867592656,13207.163072743813,10890.007948298311,5462.887833946715,27762.282270979114,18205.52590607228,16870.39349394751,27986.80554321471,19818.424012643736,23467.944934461957,6349.641947237794,20475.318248831598,10119.49545209103,12187.889013362637,2493.0340805273804,2570.2198963876936,9972.468046336367,3731.854022176888],[16856.44076062616,7454.610696856812,7984.307322762058,14255.35008292697,15218.509245329858,22334.440623247738,9773.281435006318,31978.701140835277,4486.352607745814,1547.6879140072094,21698.84365817472,13989.972008733,22815.915570026085,11238.860438086816,17927.481757690013,1363.3508161479558,7066.703993515068,14859.300851415774,24355.300470378646,30096.496640203357,14502.517102635626,7565.76353592229,18332.415625282272,22170.588938989786,26136.208819434447,34247.71349220092,20460.08757073642,28642.898794837092,11318.654788997252,10333.596349539594,0.0,18315.72538641662,10576.326037761615,5376.929372535763,11923.773938507564,4588.848276068929,5869.472320302319,22828.622246587693,26016.52860940242,15519.989161082376,33385.25326625462,16104.71691559065,23565.452321339708,13045.026919787822,17919.617767853313,20442.532700256103,17657.000571019627,9912.52112944445,8283.33497156368,12273.974469481134,10262.51796815233],[4059.3915310369052,11193.872586025725,13679.339464724862,7066.896092985378,12839.330637441379,10126.24195017974,11386.178507724308,13675.870618224473,19094.0103530296,19473.668071385768,4628.164133676322,8486.487910818085,9643.54663185071,15325.929650338987,12796.808034298714,16996.798147387894,14469.967491375404,8219.468282988435,16301.221958248907,11974.300182185265,18494.009703038344,16001.697666644242,15416.956189364353,7839.525727815403,11154.723712083356,17552.817541900404,13212.584612145201,14494.113545511575,7031.691216884121,12038.97830044558,18315.72538641662,0.0,8522.236184072977,14225.307634170338,10779.517492772738,15495.183242499852,12733.880529743783,23708.977679159587,7979.261197140416,11981.194896618836,15980.182484810122,16368.231671354852,14683.686046831122,5872.327442212242,15438.39568509059,13425.218138435073,1427.7562161038572,10137.555924350469,11736.578829589847,6960.855329887147,9054.716420965959],[6303.990821914203,3129.406731385934,9312.78514788192,8314.150205336504,7884.4525865031,15991.979806814856,3272.395774483464,21823.525917562547,10626.144500551012,11474.389584255418,11222.030898933332,9195.634689538387,12498.990256845656,7811.781846153245,9705.424784670418,9213.06449069376,9558.115241018726,4953.978348236865,15721.400646389222,20476.533221224523,11677.342045999658,7575.33040981037,11418.700114842144,11664.235512283074,18597.20690671361,23682.523434083898,16631.61789837645,21696.983272438243,3410.9554660063154,9327.282707983723,10576.326037761615,8522.236184072977,0.0,8168.918366684255,4022.004453016767,7077.898351738019,6196.96231404493,18805.15063952511,16501.464948626995,7543.690307068489,22822.319612223517,10796.146508535947,14531.131172447447,5533.10205994658,11185.882842504243,16746.263469161466,7524.628170823361,6871.7431265565065,7285.431674022686,1723.262804863815,5768.177032177655],[13765.908917523486,5550.709677449329,2797.017658894697,9132.563797597739,15093.879229953796,17027.827166958356,9161.392923386993,27812.82128212448,8865.859894792347,6911.428138269884,18198.108579516356,8703.848322353999,20546.337788588615,12561.12430897994,17425.19296543814,4594.315182185314,2157.970937281049,13103.823934635895,23699.945873197677,25549.985582751066,16490.42897128882,9664.613020377907,18595.413478715625,19515.281498042477,20951.295355912924,31191.481213162184,15107.664303443877,23347.374588788192,7325.87332509494,4978.527867592656,5376.929372535763,14225.307634170338,8168.918366684255,0.0,11168.931632699765,6488.213218452442,1988.2226790878433,24690.124666711756,21481.98653943035,15060.40326032493,29977.36047176566,17067.865361879783,22605.06637841348,8484.87885280442,18261.686091456246,15098.005467458268,13873.670581998898,4723.366406472933,2989.9214678626895,9542.786754224291,5371.872639997105],[7281.950809395272,5621.989616651519,12856.148908910453,12219.49602043617,4000.8387180301984,19507.477689712607,2168.412473002242,22878.5797547386,10352.146765173828,12356.479413356356,12012.538442007914,13180.315116133825,11270.630642631186,4548.862503687537,6276.5713270048045,10653.215078753894,12909.796773843595,3477.384248509765,12648.703650305166,22210.068727119084,7962.594072350575,6137.6137625201645,7561.199473781718,11054.10997406643,21649.20293309363,23131.327928572762,20550.43272795977,24881.79287692814,7383.750311931444,13207.163072743813,11923.773938507564,10779.517492772738,4022.004453016767,11168.931632699765,0.0,7496.375764927618,9215.505046157603,14784.958962823117,18473.81612559325,3891.794064534479,22750.626201149116,6777.233676880615,11712.1312446109,9363.934022660687,7283.757349169094,20675.623739464772,9472.243270206229,10805.006008833294,10975.068695370255,4405.799971799957,9757.794924606193],[13289.95835273745,4376.430761478098,9186.978407366174,13141.529764734938,10635.15091001452,21425.170578917456,5417.656966935382,28901.423611297978,3617.847136734956,4860.361680222686,18248.710950048484,13350.320738009963,18643.648716757794,6776.033237532408,13360.51426080093,3508.650917944217,8646.00410908733,10664.795547068123,19781.307430102108,27468.61067998148,10361.353102623747,3318.3481306946455,13755.575543350322,18186.576006879957,24715.558401056514,30326.93467454996,20615.730828407388,27558.069146160455,8996.293274567539,10890.007948298311,4588.848276068929,15495.183242499852,7077.898351738019,6488.213218452442,7496.375764927618,0.0,5427.36512477939,18699.061154549003,23447.18394575241,10963.746043956207,29682.942607119654,11616.543222010367,19026.891996910756,11130.530642645272,13347.775037508085,20654.410753145694,14582.236697390243,9427.935255266018,8350.496529772729,8783.700947345716,9186.610116893027],[11947.270364497574,3594.340712662199,3989.0599110917933,8435.182426205722,13165.67707700277,16628.293043755042,7252.326802381778,26397.276894106115,8419.920093455366,7269.967517365747,16510.323106128602,8319.380448693844,18624.12376577569,10901.092185125584,15457.022418802388,4723.963454022568,3771.7713074236644,11121.245092299043,21716.18402684235,24330.602794104827,14904.343733533608,8322.29260740891,16686.840491138737,17643.277540982417,20308.608428322448,29424.094022148915,15310.552556612678,22902.388726620615,5715.331254769622,5462.887833946715,5869.472320302319,12733.880529743783,6196.96231404493,1988.2226790878433,9215.505046157603,5427.36512477939,0.0,22998.951529130183,20249.15614267579,13103.67730302249,28295.565890749815,15267.007836176253,20616.969495644113,7221.114565439704,16363.892228870687,15333.640181991354,12254.790597620296,4231.127672290526,2932.510236404829,7620.008933657395,4405.575286595025],[19651.137836915314,19665.212900573842,26958.090842360976,26914.060254342436,11220.910170520843,33550.59662918391,16090.271558690922,31563.17204704045,18809.388106694612,22281.522440139397,22383.87164319664,27943.0476455283,17576.97724787497,12129.39272939176,10960.767118578222,22080.228041355705,26743.922894216375,15742.601615899715,11261.516064851876,32594.06507267452,8348.724746947519,15399.197299282334,8297.041072774839,18983.100738353394,34800.03886850238,27228.86210200487,35211.28515380355,38161.76681820145,22155.903253411056,27762.282270979114,22828.622246587693,23708.977679159587,18805.15063952511,24690.124666711756,14784.958962823117,18699.061154549003,22998.951529130183,0.0,29797.716203490505,11915.978403197862,28396.00491332887,8009.254154412727,12355.738302532412,24032.46803114527,8275.506563219444,35351.215739996194,22284.543259903166,25463.921742927334,25346.74391853373,18962.237087839298,24492.077521326737],[11233.360766278263,19111.231108328946,20331.580955261026,12808.183346788452,19803.329917638286,9557.009400604986,19301.726301878894,6897.255626225662,27055.169342245073,27258.122991787957,7413.9514132721515,13872.210995158668,12839.769896648932,23000.301273450463,18972.179508243487,24736.42821209503,21263.404525464208,15466.473563101814,20342.28164663961,4081.8293814380463,25801.368127148457,23950.55256318429,21658.69989536379,11080.980997252287,7015.546922459192,14220.714189913864,14544.227901712156,9913.347807045064,14720.314372928744,18205.52590607228,26016.52860940242,7979.261197140416,16501.464948626995,21481.98653943035,18473.81612559325,23447.18394575241,20249.15614267579,29797.716203490505,0.0,18864.36909662901,11736.53077152982,23252.69493