{"problem":"50.10.4","tabu_size":4,"reset_after":250,"iterations":5184,"solution":{"truck_routes":[[[0,29,33,4,45,0]],[[0,11,35,12,17,40,49,42,23,44,13,0]],[[0,20,24,14,36,21,6,10,46,48,0]]],"drone_routes":[[[0,30,32,0],[0,27,3,28,0],[0,25,37,31,0]],[[0,22,15,0],[0,50,26,47,0],[0,43,18,7,8,0]],[[0,5,41,19,9,0],[0,38,0],[0,16,34,1,39,2,0]]],"truck_working_time":[1455.8578212932475,1455.673172241442,1439.9789916955594],"drone_working_time":[1441.7839114161065,1369.5820596760518,1443.3832283645543],"working_time":1455.8578212932475,"energy_violation":0.0,"capacity_violation":0.0,"waiting_time_violation":0.0,"fixed_time_violation":0.0,"feasible":true},"config":{"customers_count":50,"trucks_count":3,"drones_count":3,"x":[0.0,3659.390217465699,-1513.258941139895,1604.1637267004264,-7325.4432192130025,-2887.6125514456253,-5476.088431103651,6192.628288696619,5799.361668385197,662.5158539290147,-5392.475639707598,-1771.2025457403527,-4668.308279747603,-3352.1511709453575,-379.60139237455274,974.2856165555019,2103.073207724925,-5406.33319096374,5260.235799866303,-1560.1562738449888,1113.2672393634632,-3327.354850751781,-297.6762624321938,-6083.053006800134,1316.9111546188149,6478.921595125315,6587.795269096368,3192.8134377346864,1638.266874786594,-7397.662294427537,4356.73541093258,6588.946693420618,4381.566978552429,-7923.039175222548,3560.644885687358,-3382.8905803954094,-2476.7334642256365,7695.780727073353,519.7537228596148,552.2214463908167,-5600.105415661445,-3080.5129499856225,-7600.712319845745,5501.886609585185,-6002.389114368545,-7387.180997602155,-2622.2133539755728,3233.445997314294,-1362.6381565353836,-6493.002460827913,7487.176822015569],"y":[0.0,-7687.619580367542,-4036.710014037842,4418.727627088742,-2364.7987285463428,6263.018528819027,-4714.879743119154,7470.309336710921,7356.431024898679,5731.466453592885,-4366.561670225309,1000.0801358719327,6146.7917116466515,-407.3105134844761,-5258.024620989662,2220.1666679522714,-6820.21645845151,6188.248931814882,4282.442302192132,7748.353525246351,359.7931142236598,-5396.828375281163,838.3038284249161,3061.8767168016816,-175.17706439445817,-3504.8608596633403,1162.3412309372627,1686.286645948268,4129.971589317196,-5812.301029713193,-3823.0799289260544,-6581.118802955843,-2989.844430010507,-4590.802452834177,-6835.352973730448,2754.2133679284843,-7550.019187831734,-3050.4681205813004,-2831.2740060570272,-8029.435304995585,4799.858039456947,6215.426631205562,4023.3097542524383,3165.695622133073,2358.6639722826512,-16.27306505435769,-3032.8522087630863,112.96142234700321,-2689.7483682745938,5426.816648857582,3167.429672818003],"demands":[0.0,0.9544012964863762,0.21068871721100046,0.9907954592899325,0.23410787978962447,0.3564418694941377,0.37702130410033335,0.8030020157109681,0.24534390916151022,0.5000221693182143,0.214525846500148,0.6265738883517639,0.11299070370849153,1.1264780271224875,0.7500057350465849,1.6295089798798232,0.14193256275580204,0.7338852221266726,0.38788189835854986,0.4740857322481556,17.011444461451124,0.9269705772717249,0.38633182469069144,0.15383386917724845,1.0780761971581585,0.7428168780067964,0.45097042419750516,0.4235011031937344,0.36690899461055687,22.01569336769198,0.8887820136597662,0.9462736973033841,1.0299107694170995,0.8075315221785968,0.5494940742316154,0.912431843094708,24.318458222267903,0.13518621859129143,0.19322240201187343,0.16672012609106432,12.596799216336061,0.7736425008825997,0.5115776091955377,0.8008264635987274,19.725000468759273,24.248342350064174,1.0391233728995046,0.7061203176878132,1.1074606032946992,0.9741283441688451,0.5221758824899033],"dronable":[true,true,true,true,true,true,true,true,true,true,true,true,true,true,true,true,true,true,true,true,false,true,true,true,true,true,true,true,true,false,true,true,true,true,true,true,false,true,true,true,false,true,true,true,false,false,true,true,true,true,true],"distances":[[0.0,8514.143032398157,4311.030081125998,4700.90364764677,7697.687404957944,6896.6446435637645,7226.177101160931,9703.306998550339,9367.479553477946,5769.630401106114,6938.706964897761,2034.0400035895875,7718.558838353699,3376.8060837521184,5271.709412707246,2424.5355217264246,7137.105117425641,8217.229667827485,6783.022389893736,7903.864241686811,1169.9636880188657,6340.114101107434,889.5866826608138,6810.185233342218,1328.5111941753898,7366.170964713025,6689.550332022717,3610.764503603447,4443.037663760037,9407.882369715298,5796.299128222345,9312.644266123207,5304.460283874875,9156.965487161098,7707.15526491177,4362.297554615452,7945.879333934192,8278.308810009232,2878.5858385326355,8048.402316172043,7375.623218783626,6936.9365171470645,8599.87494953954,6347.628300138979,6449.183732414062,7387.198921376128,4009.2636972350615,3235.418566505188,3015.2162493396704,8462.234923271462,8129.601927300938],[8514.143032398157,0.0,6331.306340680483,12279.56019716618,12206.514140087538,15410.501254327231,9606.984556999663,15368.152269571552,15195.490660869145,13749.659120780238,9641.872283886463,10245.363054540008,16147.49200517215,10107.651198510019,4713.426024771616,10265.184609164333,1781.7156930100107,16574.89269604848,12076.633970233575,16294.56753928097,8440.591999183933,7352.709092134844,9399.45451071107,14507.476369820428,7869.180434815052,5044.3262885378645,9321.875482329016,9385.510738960691,11989.17847978472,11214.955635988617,3926.952639950583,3131.556340898579,4752.960197347099,11989.28467248954,857.9679535604588,12594.665305439592,6137.666307729611,6147.814408962619,5782.8548015134975,3125.913588304384,15545.911252979613,15450.598327176769,16246.100302264245,11008.59863196966,13938.35690019843,13449.025725589694,7818.273640164892,7812.201511647753,7085.159535390816,16584.91829056394,11510.171353157844],[4311.030081125998,6331.306340680483,0.0,9011.811682061769,6047.873463361651,10391.018039764,4020.439248138022,13848.905817336761,13538.023596963874,10007.56051501223,3893.215163529512,5043.390716312034,10661.052655627773,4068.6687463414773,1666.3699490288834,6733.229814892077,4563.525647676987,10941.015152124375,10727.932059212213,11785.15685024092,5121.316191535408,2267.3477734705352,5024.281163806192,8442.330920888762,4787.619397164774,8009.857255111688,9625.861684289042,7409.440465070114,8753.673707594357,6146.456400165047,5873.880447083309,8492.334910366366,5987.0610632009875,6433.6848757122025,5794.5580038281805,7043.590195790937,3643.024088212925,9261.699880860637,2363.517814893534,4495.33808298415,9735.87433517678,10371.23863967008,10100.544901298512,10054.198826649714,7813.648196399476,7118.066702844632,1495.831000801485,6304.837888692591,1355.3568887610809,10693.745013848395,11528.550323194122],[4700.90364764677,12279.56019716618,9011.811682061769,0.0,11214.014001511732,4855.662989038748,11556.502680794278,5510.549697370992,5121.502418570179,1615.544472586997,11230.951449502008,4804.19068546761,6506.159431801001,6917.781544606114,9877.998689934566,2287.01043388062,11250.012214578097,7230.3715451184435,3658.611306761844,4593.400666993202,4088.511800277342,10984.762861137064,4054.1867152737636,7806.045445714357,4602.876747708857,9303.038148000927,5953.203819071222,3160.702709807608,290.76291726922426,13627.428924450824,8689.306224735046,12076.617188180984,7912.07360611805,13112.559910080312,11422.878301689363,5257.501153672812,12645.339940174692,9638.29252493639,7330.652681517953,12492.53148664518,7214.343647679906,5017.402004671403,9213.365200969614,4094.18280945132,7880.577922070656,10025.642677183027,8566.697454570049,4603.714079657072,7702.749145014936,8159.677919149938,6014.614671781692],[7697.687404957944,12206.514140087538,6047.873463361651,11214.014001511732,0.0,9702.24570201499,2990.4838918406767,16717.284706202932,16332.875168101493,11373.521884346635,2782.699864897077,6493.997169006678,8916.699944941098,4429.312566632997,7524.325534435822,9481.951615272928,10428.21505153167,8765.70633668146,14233.240308939708,11641.06447326975,8867.65103696445,5017.75989667738,7723.300744454797,5567.076416669926,8915.42103072049,13851.362012096457,14353.35924187642,11271.42474636053,11069.333319178328,3448.2586491409793,11772.845093944414,14539.174722475442,11723.684143625784,2304.823964467193,11768.295096860324,6461.26970135926,7099.049056000489,15036.865077523978,7859.053011936884,9702.871128019247,7369.470614614014,9572.862696953955,6394.0365236499,13968.77798161574,4905.2596313007225,2349.3370012326664,4750.438571089095,10845.710527773246,5971.652743073173,7835.957363693223,15811.997456699411],[6896.6446435637645,15410.501254327231,10391.018039764,4855.662989038748,9702.24570201499,0.0,11278.938684494862,9160.148732952286,8755.5166599458,3589.7018404493015,10920.728652377218,5380.045708801682,1784.4847855397732,6686.48529958784,11790.86745043717,5590.966698963986,14002.784797279704,2519.830183280354,8385.112697242424,1992.074351160894,7131.276841914721,11668.136231500464,6011.2643896122745,4523.068494325719,7689.498169018015,13533.049533154679,10761.053027595153,7610.391247339726,5003.3462629434525,12890.06947711462,12418.130273891515,15961.73671374618,11766.75163221449,11964.988557671786,14599.567116676473,3543.5877275795624,13819.14731761447,14097.845468594087,9711.658027194691,14700.567829998725,3081.9565467494863,198.6845552008013,5218.19938501432,8942.991969202376,4994.578815083438,7724.999619581637,9299.658569208505,8677.013320850323,9081.716909198789,3701.0903775410125,10826.768904390683],[7226.177101160931,9606.984556999663,4020.439248138022,11556.502680794278,2990.4838918406767,11278.938684494862,0.0,16871.2116576776,16518.241994962005,12116.460350687468,358.2130354824092,6810.79627077789,10891.667253648502,4802.734861845302,5125.347451079844,9471.124224632964,7866.13843206545,10903.351810140577,14007.871429291354,13063.946883003819,8316.9653576872,2254.353551739256,7593.009967589373,7800.406850483561,8170.296431760954,12016.089647866096,13419.35230589913,10776.121322260402,11351.01081451999,2212.8668266480026,9873.182446258703,12208.518369747595,10007.453072934872,2450.0945120767256,9282.184859209588,7756.856911385493,4127.244345601672,13276.611132716575,6284.750886704755,6879.447546995569,9515.545979272025,11189.744381456505,8992.773896890147,13513.674706807446,7093.096157737147,5072.393864131702,3312.6755926569003,9958.11429331714,4584.935140950805,10192.55217552915,15171.586856729908],[9703.306998550339,15368.152269571552,13848.905817336761,5510.549697370992,16717.284706202932,9160.148732952286,16871.2116576776,0.0,409.4226478254159,5797.04391162785,16562.79409600851,10260.919426197566,10941.281554170184,12375.771064357807,14324.967306053675,7402.371125943976,14864.171294172584,11669.600948123592,3321.423186376408,7757.768818672145,8738.383696069734,16006.039856090285,9279.415403372095,13043.259923534788,9067.859718865702,10978.903619974433,6320.333738486915,6515.6586487713585,5648.014178025398,19003.255938917162,11441.640781104308,14057.016078888932,10615.778817051421,18566.703680294195,14545.766077250759,10673.899137574022,17342.66710134923,10627.616174799788,11760.277429028383,16494.12844938585,12091.31416980421,9357.664187024755,14217.526200599483,4359.68155935653,13222.986341698432,15506.777109079372,13711.959584089785,7930.153098561581,12661.31208157686,12849.166894339585,4493.398414013771],[9367.479553477946,15195.490660869145,13538.023596963874,5121.502418570179,16332.875168101493,8755.5166599458,16518.241994962005,409.4226478254159,0.0,5387.735589233664,16207.584029112673,9885.172691694845,10537.330848521715,12001.077865060624,14046.496920880942,7047.167548056349,14650.593238896148,11266.42120122627,3120.9074592870074,7369.94624052895,8420.95143382287,15682.556543783392,8925.236897653582,12634.673530339207,8764.55834706292,10882.530178946612,6244.067257676472,6240.563352522772,5265.429742268544,18643.415604475907,11272.206336178333,13959.89755391091,10442.966895062642,18194.523150775545,14367.274824993037,10271.035182607677,17049.809634967638,10578.27750961127,11474.47575518015,16255.994685981084,11682.633060665446,8952.880221717103,13808.391662134223,4201.280117607142,12816.356621538074,15107.669346392086,13373.860024932826,7684.51528166464,12337.745413647574,12442.894660222342,4516.2431644629205],[5769.630401106114,13749.659120780238,10007.56051501223,1615.544472586997,11373.521884346635,3589.7018404493015,12116.460350687468,5797.04391162785,5387.735589233664,0.0,11774.25555937338,5320.620427770267,5346.978680915652,7334.993794962145,11038.79171075226,3525.113695971804,12634.078890607052,6086.015031373677,4820.653450789867,3001.3505039209113,5390.552038183213,11821.929370386835,4986.482665833995,7254.612919902735,5942.783090282431,10915.141684092983,7482.3687057050165,4771.360973431853,1875.3335316700375,14079.241438794888,10243.85741364323,13664.638238718882,9481.1710666996,13426.130884777664,12896.670206052093,5022.882554367725,13647.444710454143,11251.186143730889,8563.93047644556,13761.343759453779,6331.53373232866,3774.1862805708906,8437.934531706594,5477.471065215238,7469.722539316301,9891.11363678378,9359.632876592043,6178.776625538613,8661.299431502213,7162.000688100155,7290.423989212872],[6938.706964897761,9641.872283886463,3893.215163529512,11230.951449502008,2782.699864897077,10920.728652377218,358.2130354824092,16562.79409600851,16207.584029112673,11774.25555937338,0.0,6474.138019539109,10538.264453758504,4454.053621139236,5091.523780967769,9160.820874528901,7886.930603475118,10554.81969891797,13721.717484692701,12706.60623122617,8041.338194421839,2307.8503756795285,7283.378718268418,7460.468750004695,7910.978199304906,11902.629986440883,13194.531380038417,10504.48291358766,11028.255425751986,2472.030706896534,9764.3478283524,12184.364752374711,9870.524781543683,2540.479430316837,9287.265347911141,7398.910004494239,4316.938058426266,13154.260030651541,6108.31926534208,6982.554454478833,9168.770932786685,10831.604123595282,8675.61247144983,13244.698136881101,6752.825659619801,4785.797782302703,3074.594942320545,9719.704276619277,4364.77868744552,9855.01994846728,14921.342871599165],[2034.0400035895875,10245.363054540008,5043.390716312034,4804.19068546761,6493.997169006678,5380.045708801682,6810.79627077789,10260.919426197566,9885.172691694845,5320.620427770267,6474.138019539109,0.0,5906.086832940334,2116.635772974049,6410.961621933386,3004.3828642618932,8727.373684968221,6334.924645411208,7759.834186305651,6751.572725418858,2954.6799168891494,6583.467816922575,1482.3802755201339,4779.44134179666,3304.190629053352,9399.949027146307,8360.572536101632,5011.220815197311,4628.250451289132,8835.473187600992,7798.364996042115,11285.68441217134,7333.216951686223,8312.825153732994,9477.47904492938,2382.125462030798,8579.15918503303,10297.121610702228,4464.0514317729,9323.64993680456,5394.331219332282,5377.186327537264,6566.818219795903,7588.657081173718,4443.949799344732,5707.204902647986,4121.742676603729,5082.665309794175,3712.379189972197,6472.355876612568,9508.679852250201],[7718.558838353699,16147.49200517215,10661.052655627773,6506.159431801001,8916.699944941098,1784.4847855397732,10891.667253648502,10941.281554170184,10537.330848521715,5346.978680915652,10538.264453758504,5906.086832940334,0.0,6684.947682107878,12184.53291459993,6874.390890280021,14628.564800836688,739.1883864615735,10102.068415001442,3496.5138544809456,8180.218105268346,11621.244374423033,6876.224824501781,3393.847841041534,8705.75332080781,14745.003602594816,12310.345799243085,9038.436817182086,6621.212395447002,12266.591724431655,13448.03904471511,16991.924423050186,12859.951872998081,11220.035723786794,15370.48310337014,3627.9314326587523,13871.035613395996,15409.7464414605,10369.264746080258,15106.93029866995,1637.826675743096,1589.2780629571444,3620.520553423591,10598.103508737962,4016.1777155701066,6736.144022933778,9404.911852366586,9942.07365770018,9434.611573750795,1961.5995884753006,12515.287300641548],[3376.8060837521184,10107.651198510019,4068.6687463414773,6917.781544606114,4429.312566632997,6686.48529958784,4802.734861845302,12375.771064357807,12001.077865060624,7334.993794962145,4454.053621139236,2116.635772974049,6684.947682107878,0.0,5689.066666759248,5061.78739332378,8419.31325469198,6908.0437294392095,9806.476982441407,8350.215663315588,4530.82879336308,4989.579476336991,3298.6924766499333,4415.097380110153,4674.829295085452,10307.512303116075,10063.117898030629,6871.659973751552,6744.71653604297,6751.302298870968,8431.750294673331,11702.1936210288,8153.5193533761085,6196.339399536555,9439.622830988636,3161.6733170961556,7196.15476263775,11359.71308437027,4568.068138720723,8563.930865693206,5671.675468949114,6628.3055610573165,6138.458095713198,9547.793350519421,3830.714817455704,4053.9333970953103,2725.119889158841,6606.116328812518,3027.8184548426243,6625.857421612263,11413.57957603802],[5271.709412707246,4713.426024771616,1666.3699490288834,9877.998689934566,7524.325534435822,11790.86745043717,5125.347451079844,14324.967306053675,14046.496920880942,11038.79171075226,5091.523780967769,6410.961621933386,12184.53291459993,5689.066666759248,0.0,7599.760192726912,2933.277434374649,12501.408353484836,11082.791736169596,13059.846182518744,5812.790453620763,2951.019643035323,6096.8788974406925,10087.126379136724,5358.497373862542,7079.048011144718,9474.476972945024,7809.328184325813,9602.40934288639,7039.914854754437,4948.934489730406,7093.041705671291,5273.837846868799,7572.888418917631,4244.232022891857,8556.617529020803,3106.638379538242,8371.684542408068,2588.0413772530346,2923.869180087736,11332.019496474015,11787.06947797192,11759.575281951918,10273.799874028698,9467.295648361836,8751.121716543086,3159.2246951507286,6473.1447162762115,2749.9825799360897,12310.138325201611,11527.11930759134],[2424.5355217264246,10265.184609164333,6733.229814892077,2287.01043388062,9481.951615272928,5590.966698963986,9471.124224632964,7402.371125943976,7047.167548056349,3525.113695971804,9160.820874528901,3004.3828642618932,6874.390890280021,5061.78739332378,7599.760192726912,0.0,9110.581128454116,7513.852089284783,4756.295802975389,6081.4673907681035,1865.5577318569258,8747.726801782183,1878.1458752888486,7107.355644052245,2419.723921323657,7942.100317203363,5712.309977090307,2281.861865065687,2021.936188150316,11602.157089879984,6925.445548277959,10439.686056030729,6225.253562764087,11204.984998414538,9417.62657201515,4389.782487667367,10361.759713121963,8541.550655168867,5071.848984879408,10258.288296182429,7062.395133147839,5692.406660560948,8762.529007025183,4625.277911139785,6978.049283605047,8655.390610425613,6366.240033501639,3089.355850836315,5437.690537737873,8126.6841534953555,6581.417708559937],[7137.105117425641,1781.7156930100107,4563.525647676987,11250.012214578097,10428.21505153167,14002.784797279704,7866.13843206545,14864.171294172584,14650.593238896148,12634.078890607052,7886.930603475118,8727.373684968221,14628.564800836688,8419.31325469198,2933.277434374649,9110.581128454116,0.0,15020.364718289129,11542.820590675135,15022.06648915339,7247.913721803747,5613.874110950694,8025.990967036872,12832.319662653363,6691.382467197203,5489.957363762552,9156.088642655855,8576.020570991233,10960.048503936294,9554.049852986373,3749.9094259438684,4492.240935049138,4456.824400844505,10270.989062594477,1457.6502702956607,11034.740829980668,4637.590018129427,6744.581523552937,4291.685272671922,1966.5582636856932,13941.488164494463,14028.455232680917,14551.478079242936,10548.47726555023,12245.422222879512,11677.26725660936,6055.779144751339,7024.720504777241,5391.838453100463,14962.698180174963,11346.43763358705],[8217.229667827485,16574.89269604848,10941.015152124375,7230.3715451184435,8765.70633668146,2519.830183280354,10903.351810140577,11669.600948123592,11266.42120122627,6086.015031373677,10554.81969891797,6334.924645411208,739.1883864615735,6908.0437294392095,12501.408353484836,7513.852089284783,15020.364718289129,0.0,10835.487665336113,4150.542521192027,8745.06071955682,11770.138790620196,7397.316285161777,3198.7736612571052,9257.17046076395,15336.74211688727,13004.570955405059,9706.33747431135,7339.134533785911,12164.64512336605,13983.712457113746,17519.80284850602,13417.912933343914,11068.954682539308,15812.049279624238,3985.839968225035,14047.155067350915,16031.820916398028,10792.140665177874,15415.80093358721,1401.8476896748662,2325.9790241289106,3082.5738277967803,11319.235297799763,3875.6939541327865,6513.05237524607,9632.239070511037,10561.955441342225,9755.526925382173,1326.887042515941,13242.656434806582],[6783.022389893736,12076.633970233575,10727.932059212213,3658.611306761844,14233.240308939708,8385.112697242424,14007.871429291354,3321.423186376408,3120.9074592870074,4820.653450789867,13721.717484692701,7759.834186305651,10102.068415001442,9806.476982441407,11082.791736169596,4756.295802975389,11542.820590675135,10835.487665336113,0.0,7650.509044843813,5708.285635255887,12939.667462125039,6538.537781394759,11408.767738002367,5951.485501552033,7882.086373683705,3390.7882327252755,3318.773781818954,3625.1767146620114,16190.312754933879,8155.722137981071,10944.516093639491,7325.176667693391,15891.293577031602,11246.954302071565,8777.193019450839,14137.462230060995,7726.801043178427,8548.516247669631,13181.340196159932,10872.6597648809,8561.80577473981,12863.558458503097,1142.5927801542955,11425.744746902621,13357.997808709522,10753.908054512744,4635.994791964603,9616.335174468857,11808.818834157477,2490.485791927958],[7903.864241686811,16294.56753928097,11785.15685024092,4593.400666993202,11641.06447326975,1992.074351160894,13063.946883003819,7757.768818672145,7369.94624052895,3001.3505039209113,12706.60623122617,6751.572725418858,3496.5138544809456,8350.215663315588,13059.846182518744,6081.4673907681035,15022.06648915339,4150.542521192027,7650.509044843813,0.0,7857.354403888602,13263.438393123313,7024.431834088708,6513.037673241732,8429.700706009731,13829.73633067914,10476.863666523053,7703.205561860373,4829.347623847427,14763.733555550321,12996.448722390678,16484.588450301377,12272.447617910728,13883.12101323198,15456.619933341375,5316.370591222058,15325.805734583033,14222.760586586734,10782.140061022403,15918.56651852345,5001.481250408124,2159.015814013166,7096.778736912744,8418.6224018169,6984.424535117551,9707.916523028105,10833.391081304757,9015.422081027662,10439.970524201257,5451.8350096884715,10140.961467691353],[1169.9636880188657,8440.591999183933,5121.316191535408,4088.511800277342,8867.65103696445,7131.276841914721,8316.9653576872,8738.383696069734,8420.95143382287,5390.552038183213,8041.338194421839,2954.6799168891494,8180.218105268346,4530.82879336308,5812.790453620763,1865.5577318569258,7247.913721803747,8745.06071955682,5708.285635255887,7857.354403888602,0.0,7270.338060960316,1489.8771992566326,7686.890195694558,572.4193709433931,6612.5484499840695,5533.040812064538,2466.5963352091944,3806.556232508991,10513.356631008743,5293.062693289251,8840.776194748292,4679.941758497189,10303.554245349564,7599.9858270083105,5093.985030556208,8686.38219890865,7413.4584038420335,3245.792300873431,8407.967997777356,8048.822829800831,7202.5159605362005,9452.766469668215,5208.941241805061,7391.079085736005,8508.762894835456,5046.1725645083125,2134.498500767949,3928.0797831661557,9139.478445326267,6964.879497376809],[6340.114101107434,7352.709092134844,2267.3477734705352,10984.762861137064,5017.75989667738,11668.136231500464,2254.353551739256,16006.039856090285,15682.556543783392,11821.929370386835,2307.8503756795285,6583.467816922575,11621.244374423033,4989.579476336991,2951.019643035323,8747.726801782183,5613.874110950694,11770.138790620196,12939.667462125039,13263.438393123313,7270.338060960316,0.0,6932.230950149799,8896.26686661751,6988.193553496197,9987.121648058413,11888.351770630963,9627.206911360665,10743.245165526569,4091.4569791973936,7843.591481082984,9986.770255294641,8075.954896054934,4665.832422820482,7036.610930663235,8151.230932614609,2315.1214694844516,11270.089813836865,4624.101382820165,4688.467925850732,10446.904276904326,11614.878271409041,10344.108779307862,12299.281359950584,8203.86920084935,6740.368223551279,2466.9024801036003,8567.490378286513,3344.905656796212,11277.083683281955,13794.948757270522],[889.5866826608138,9399.45451071107,5024.281163806192,4054.1867152737636,7723.300744454797,6011.2643896122745,7593.009967589373,9279.415403372095,8925.236897653582,4986.482665833995,7283.378718268418,1482.3802755201339,6876.224824501781,3298.6924766499333,6096.8788974406925,1878.1458752888486,8025.990967036872,7397.316285161777,6538.537781394759,7024.431834088708,1489.8771992566326,6932.230950149799,0.0,6197.972286498028,1906.314781826287,8048.935211002122,6893.092081911951,3592.0179851701632,3818.763213219971,9728.32702131354,6587.263966052198,10122.914991203073,6045.6626102407035,9360.627893734774,8589.042484426996,3631.7016330263154,8666.732562722178,8889.201421638092,3759.520350280785,8908.373782787743,6618.887118841135,6054.554456421788,7967.345756488725,6249.134505505745,5903.832965970403,7140.8248162846,4515.453659846158,3604.8503463156467,3685.281012152003,7709.508194937163,8125.808559488444],[6810.185233342218,14507.476369820428,8442.330920888762,7806.045445714357,5567.076416669926,4523.068494325719,7800.406850483561,13043.259923534788,12634.673530339207,7254.612919902735,7460.468750004695,4779.44134179666,3393.847841041534,4415.097380110153,10087.126379136724,7107.355644052245,12832.319662653363,3198.7736612571052,11408.767738002367,6513.037673241732,7686.890195694558,8896.26686661751,6197.972286498028,0.0,8077.003576366738,14174.810344324815,12812.440481533858,9377.3101868221,7794.844922798684,8971.021583735937,12505.671122357913,15923.785322480913,12088.49040520007,7870.771726671048,13818.685342271834,2717.633872545697,11207.938050057655,15073.719463915082,8850.2136783001,12924.552968440845,1803.834098160141,4354.32243356098,1796.5642977572113,11585.404795707324,707.8240089147881,3343.0159879865514,7008.7896086755745,9772.065038032333,7440.665795335702,2400.2082070291817,13570.640332475223],[1328.5111941753898,7869.180434815052,4787.619397164774,4602.876747708857,8915.42103072049,7689.498169018015,8170.296431760954,9067.859718865702,8764.55834706292,5942.783090282431,7910.978199304906,3304.190629053352,8705.75332080781,4674.829295085452,5358.497373862542,2419.723921323657,6691.382467197203,9257.17046076395,5951.485501552033,8429.700706009731,572.4193709433931,6988.193553496197,1906.314781826287,8077.003576366738,0.0,6142.73114863204,5437.938445642695,2642.736559084588,4317.125713879527,10378.870699608626,4748.444673609598,8296.41177137635,4161.065692612195,10240.821728209554,7027.964442086644,5538.001864700654,8293.373007390435,6996.947597358035,2773.140987133214,7891.395495089606,8520.33406141364,7757.393528110636,9856.5359025711,5354.946299101109,7745.48299505895,8705.542526193354,4866.519200100955,1938.0736804382448,3674.65009942503,9611.299820734735,7017.492301806483],[7366.170964713025,5044.3262885378645,8009.857255111688,9303.038148000927,13851.362012096457,13533.049533154679,12016.089647866096,10978.903619974433,10882.530178946612,10915.141684092983,11902.629986440883,9399.949027146307,14745.003602594816,10307.512303116075,7079.048011144718,7942.100317203363,5489.957363762552,15336.74211688727,7882.086373683705,13829.73633067914,6612.5484499840695,9987.121648058413,8048.935211002122,14174.810344324815,6142.73114863204,0.0,4668.471787575737,6143.819597537583,9040.055566507524,14067.1198396174,2145.911828668865,3078.2248871590123,2159.661619437627,14442.844012673446,4428.150480134028,11680.383108946084,9826.854198675608,1298.9299089388196,5997.116055171434,7456.376369548624,14658.487286235295,13633.296656619883,15965.883751669633,6741.729832899383,13789.997841978562,14298.21827755956,9113.366530995574,4860.221180172497,7883.810481771044,15749.46592204436,6748.039682188576],[6689.550332022717,9321.875482329016,9625.861684289042,5953.203819071222,14353.35924187642,10761.053027595153,13419.35230589913,6320.333738486915,6244.067257676472,7482.3687057050165,13194.531380038417,8360.572536101632,12310.345799243085,10063.117898030629,9474.476972945024,5712.309977090307,9156.088642655855,13004.570955405059,3390.7882327252755,10476.863666523053,5533.040812064538,11888.351770630963,6893.092081911951,12812.440481533858,5437.938445642695,4668.471787575737,0.0,3435.174003334762,5771.01908418755,15628.136738753577,5461.8725938933,7743.460119499408,4701.923971416031,15609.70782931415,8551.41813006175,10096.961583059756,12572.625231977325,4356.075574106896,7264.302503889021,10996.222408438916,12719.137220495075,10909.16384887371,14474.076429702454,2278.7335152502824,12646.894121131241,14024.588882156324,10120.46969431579,3514.6631445676076,8834.477117280841,13758.379986075355,2197.559291007887],[3610.764503603447,9385.510738960691,7409.440465070114,3160.702709807608,11271.42474636053,7610.391247339726,10776.121322260402,6515.6586487713585,6240.563352522772,4771.360973431853,10504.48291358766,5011.220815197311,9038.436817182086,6871.659973751552,7809.328184325813,2281.861865065687,8576.020570991233,9706.33747431135,3318.773781818954,7703.205561860373,2466.5963352091944,9627.206911360665,3592.0179851701632,9377.3101868221,2642.736559084588,6143.819597537583,3435.174003334762,0.0,2896.2408599461696,12976.401402665491,5630.971001171583,8937.768958019968,4824.86650803461,12765.736440450335,8529.574536973163,6661.8579103409065,10837.578490080077,6535.561194503086,5249.152549110619,10068.166620234371,9327.901628173655,7737.424182046916,11043.63505772895,2742.3475038324186,9219.752775599482,10716.108987001198,7488.979110556692,1573.8498226063248,6316.7888735846,10382.995440792256,4542.613954794882],[4443.037663760037,11989.17847978472,8753.673707594357,290.76291726922426,11069.333319178328,5003.3462629434525,11351.01081451999,5648.014178025398,5265.429742268544,1875.3335316700375,11028.255425751986,4628.250451289132,6621.212395447002,6744.71653604297,9602.40934288639,2021.936188150316,10960.048503936294,7339.134533785911,3625.1767146620114,4829.347623847427,3806.556232508991,10743.245165526569,3818.763213219971,7794.844922798684,4317.125713879527,9040.055566507524,5771.01908418755,2896.2408599461696,0.0,13434.909779458,8404.825972847206,11799.859662643197,7630.0377199852055,12941.038338410199,11132.559453682285,5206.22059400564,12383.675235743018,9394.263595308212,7050.532739456689,12207.811871666461,7269.304043112162,5159.070242438546,9239.59486697921,3982.1332971177667,7843.287232964052,9932.273356644555,8334.130821028582,4322.148437350358,7450.772530884923,8234.035955517747,5927.582518346919],[9407.882369715298,11214.955635988617,6146.456400165047,13627.428924450824,3448.2586491409793,12890.06947711462,2212.8668266480026,19003.255938917162,18643.415604475907,14079.241438794888,2472.030706896534,8835.473187600992,12266.591724431655,6751.302298870968,7039.914854754437,11602.157089879984,9554.049852986373,12164.64512336605,16190.312754933879,14763.733555550321,10513.356631008743,4091.4569791973936,9728.32702131354,8971.021583735937,10378.870699608626,14067.1198396174,15628.136738753577,12976.401402665491,13434.909779458,0.0,11921.529516114615,14007.723289221862,12112.658813102655,1329.6915582913798,11005.958910241085,9460.632158624212,5218.735953175552,15344.045856984978,8460.023552364584,8253.26213609867,10763.323410627841,12779.045783916943,9837.706481008843,15716.322273597552,8289.237378120672,5796.037441622542,5525.418385167292,12170.833933487727,6794.987230922381,11275.467866447523,17383.7279952367],[5796.299128222345,3926.952639950583,5873.880447083309,8689.306224735046,11772.845093944414,12418.130273891515,9873.182446258703,11441.640781104308,11272.206336178333,10243.85741364323,9764.3478283524,7798.364996042115,13448.03904471511,8431.750294673331,4948.934489730406,6925.445548277959,3749.9094259438684,13983.712457113746,8155.722137981071,12996.448722390678,5293.062693289251,7843.591481082984,6587.263966052198,12505.671122357913,4748.444673609598,2145.911828668865,5461.8725938933,5630.971001171583,8404.825972847206,11921.529516114615,0.0,3548.1749731835944,833.6054242886742,12303.749906451168,3115.693987034084,10156.89901488084,7783.724886410651,3427.266057608511,3963.0931686304502,5671.662195175443,13171.70218509023,12493.36932695844,14301.971447831434,7081.973945931833,12063.391670290172,12345.499224797353,7023.54509581358,4093.1895418705385,5830.580968533058,14257.538307351915,7659.431305279728],[9312.644266123207,3131.556340898579,8492.334910366366,12076.617188180984,14539.174722475442,15961.73671374618,12208.518369747595,14057.016078888932,13959.89755391091,13664.638238718882,12184.364752374711,11285.68441217134,16991.924423050186,11702.1936210288,7093.041705671291,10439.686056030729,4492.240935049138,17519.80284850602,10944.516093639491,16484.588450301377,8840.776194748292,9986.770255294641,10122.914991203073,15923.785322480913,8296.41177137635,3078.2248871590123,7743.460119499408,8937.768958019968,11799.859662643197,14007.723289221862,3548.1749731835944,0.0,4215.421310780867,14647.835779570325,3038.954894747532,13659.647336451062,9117.309069925932,3700.0778125606776,7134.174045727804,6208.032892809739,16676.31929430035,16039.015706832482,17714.41017752795,9807.246864588944,15442.197171807013,15441.157495415197,9870.950574398197,7487.99672705328,8852.709499693365,17757.47469347096,9789.842427150106],[5304.460283874875,4752.960197347099,5987.0610632009875,7912.07360611805,11723.684143625784,11766.75163221449,10007.453072934872,10615.778817051421,10442.966895062642,9481.1710666996,9870.524781543683,7333.216951686223,12859.951872998081,8153.5193533761085,5273.837846868799,6225.253562764087,4456.824400844505,13417.912933343914,7325.176667693391,12272.447617910728,4679.941758497189,8075.954896054934,6045.6626102407035,12088.49040520007,4161.065692612195,2159.661619437627,4701.923971416031,4824.86650803461,7630.0377199852055,12112.658813102655,833.6054242886742,4215.421310780867,0.0,12408.319756935687,3932.1557754464698,9658.209004301261,8235.986813083158,3314.768167269551,3865.067425181289,6329.404663309099,12661.486814282069,11849.879837802258,13883.780061534622,6256.659604710901,11680.457451192187,12138.597760397606,7003.912379187741,3308.41139294726,5752.038793353066,13751.234279454256,6896.146523760772],[9156.965487161098,11989.28467248954,6433.6848757122025,13112.559910080312,2304.823964467193,11964.988557671786,2450.0945120767256,18566.703680294195,18194.523150775545,13426.130884777664,2540.479430316837,8312.825153732994,11220.035723786794,6196.339399536555,7572.888418917631,11204.984998414538,10270.989062594477,11068.954682539308,15891.293577031602,13883.12101323198,10303.554245349564,4665.832422820482,9360.627893734774,7870.771726671048,10240.821728209554,14442.844012673446,15609.70782931415,12765.736440450335,12941.038338410199,1329.6915582913798,12303.749906451168,14647.835779570325,12408.319756935687,0.0,11700.98314893462,8634.941034562113,6198.32312664701,15694.590309895682,8624.192267970642,9146.26910254853,9673.702793283763,11841.648840379186,8620.14058574312,15504.57657321109,7209.9916955628005,4605.80754115756,5525.030619842739,12107.541286260142,6830.290488581891,10119.174742591225,17252.968521301926],[7707.15526491177,857.9679535604588,5794.5580038281805,11422.878301689363,11768.295096860324,14599.567116676473,9282.184859209588,14545.766077250759,14367.274824993037,12896.670206052093,9287.265347911141,9477.47904492938,15370.48310337014,9439.622830988636,4244.232022891857,9417.62657201515,1457.6502702956607,15812.049279624238,11246.954302071565,15456.619933341375,7599.9858270083105,7036.610930663235,8589.042484426996,13818.685342271834,7027.964442086644,4428.150480134028,8551.41813006175,8529.574536973163,11132.559453682285,11005.958910241085,3115.693987034084,3038.954894747532,3932.1557754464698,11700.98314893462,0.0,11839.445400432704,6079.530009595809,5605.773967822186,5027.88896491644,3236.733570121028,14808.696141290071,14643.354318424941,15571.97646124571,10187.70790940855,13265.804419250318,12897.85805363564,7258.563775248183,6956.014092804135,6436.206449346913,15856.753413647266,10745.85100032083],[4362.297554615452,12594.665305439592,7043.590195790937,5257.501153672812,6461.26970135926,3543.5877275795624,7756.856911385493,10673.899137574022,10271.035182607677,5022.882554367725,7398.910004494239,2382.125462030798,3627.9314326587523,3161.6733170961556,8556.617529020803,4389.782487667367,11034.740829980668,3985.839968225035,8777.193019450839,5316.370591222058,5093.985030556208,8151.230932614609,3631.7016330263154,2717.633872545697,5538.001864700654,11680.383108946084,10096.961583059756,6661.8579103409065,5206.22059400564,9460.632158624212,10156.89901488084,13659.647336451062,9658.209004301261,8634.941034562113,11839.445400432704,0.0,10343.999675288755,12507.249302783557,6813.831650597222,11479.206652221861,3016.7372686192916,3474.396276370529,4404.614156036868,8894.300611128723,2649.1945745609532,4869.285042044239,5836.844852462871,7124.0523264204985,5806.732234342784,4100.683382808331,10877.918599051214],[7945.879333934192,6137.666307729611,3643.024088212925,12645.339940174692,7099.049056000489,13819.14731761447,4127.244345601672,17342.66710134923,17049.809634967638,13647.444710454143,4316.938058426266,8579.15918503303,13871.035613395996,7196.15476263775,3106.638379538242,10361.759713121963,4637.590018129427,14047.155067350915,14137.462230060995,15325.805734583033,8686.38219890865,2315.1214694844516,8666.732562722178,11207.938050057655,8293.373007390435,9826.854198675608,12572.625231977325,10837.578490080077,12383.675235743018,5218.735953175552,7783.724886410651,9117.309069925932,8235.986813083158,6198.32312664701,6079.530009595809,10343.999675288755,0.0,11123.219173376647,5589.766681435647,3066.660669840077,12738.717356002508,13778.680933394024,12656.899387864514,13359.82493039172,10517.235840795765,8992.765182106485,4519.509034741475,9556.53814490204,4986.32537988207,13584.133575074,14633.633119389922],[8278.308810009232,6147.814408962619,9261.699880860637,9638.29252493639,15036.865077523978,14097.845468594087,13276.611132716575,10627.616174799788,10578.27750961127,11251.186143730889,13154.260030651541,10297.121610702228,15409.7464414605,11359.71308437027,8371.684542408068,8541.550655168867,6744.581523552937,16031.820916398028,7726.801043178427,14222.760586586734,7413.4584038420335,11270.089813836865,8889.201421638092,15073.719463915082,6996.947597358035,1298.9299089388196,4356.075574106896,6535.561194503086,9394.263595308212,15344.045856984978,3427.266057608511,3700.0778125606776,3314.768167269551,15694.590309895682,5605.773967822186,12507.249302783557,11123.219173376647,0.0,7179.373902022855,8707.499837502146,15440.473086649517,14212.153635723636,16852.923572986725,6591.954419971816,14727.476599982736,15385.12508961206,10318.009118861539,5469.891928867099,9065.598237878377,16528.337043254836,6221.3960296998675],[2878.5858385326355,5782.8548015134975,2363.517814893534,7330.652681517953,7859.053011936884,9711.658027194691,6284.750886704755,11760.277429028383,11474.47575518015,8563.93047644556,6108.31926534208,4464.0514317729,10369.264746080258,4568.068138720723,2588.0413772530346,5071.848984879408,4291.685272671922,10792.140665177874,8548.516247669631,10782.140061022403,3245.792300873431,4624.101382820165,3759.520350280785,8850.2136783001,2773.140987133214,5997.116055171434,7264.302503889021,5249.152549110619,7050.532739456689,8460.023552364584,3963.0931686304502,7134.174045727804,3865.067425181289,8624.192267970642,5027.88896491644,6813.831650597222,5589.766681435647,7179.373902022855,0.0,5198.262694675394,9781.9656598973,9736.77115556525,10626.725143609818,7796.492340945829,8335.094685018228,8393.083281577145,3148.426731515672,4004.0789225868753,1887.7046097739865,10833.965596984128,9193.988822573192],[8048.402316172043,3125.913588304384,4495.33808298415,12492.53148664518,9702.871128019247,14700.567829998725,6879.447546995569,16494.12844938585,16255.994685981084,13761.343759453779,6982.554454478833,9323.64993680456,15106.93029866995,8563.93086