{"problem":"50.30.2","tabu_size":4,"reset_after":250,"iterations":3064,"solution":{"truck_routes":[[[0,36,38,10,32,45,23,47,8,17,1,0],[0,19,37,12,41,0]],[[0,16,26,49,44,14,46,0],[0,33,2,20,43,9,48,22,31,0]],[[0,15,40,18,24,11,4,27,0],[0,5,6,28,3,21,30,35,34,7,0]]],"drone_routes":[[[0,25,13,0],[0,29,0],[0,42,0],[0,50,39,0]],[],[]],"truck_working_time":[8037.201633097809,7956.595205463436,7944.862448323842],"drone_working_time":[2184.8011660199613,-0.0,-0.0],"working_time":8037.201633097809,"energy_violation":0.0,"capacity_violation":0.0,"waiting_time_violation":0.0,"fixed_time_violation":0.0,"feasible":true},"config":{"customers_count":50,"trucks_count":3,"drones_count":3,"x":[0.0,10969.520600640277,-17072.290868702785,11379.794989421478,-7737.978288665186,-3313.196925916128,3291.8025574258586,11498.790158553593,11909.632500553727,-17744.24286924293,22672.269447533374,-9131.61781312797,22186.766588158986,10511.862029715072,-11926.822990388362,-12105.569356768587,3095.2325863232413,9665.556730600014,-23241.97272039052,13017.682594221485,-14572.011961033593,9291.606624248408,-15068.939798096388,15098.271814210188,-20895.302581196465,7984.359952383205,1762.0812011022676,-5661.837819084569,5800.056162410622,-378.98845754891613,6653.31144660377,-3799.5449591408224,18603.991894489387,-10747.835854714063,10448.768363936153,10465.633566039842,22535.04895649498,22759.792051900156,19885.669558282738,-7314.333955530299,-14474.76354472709,13021.708787981552,-2291.8394900905932,-16104.140168879596,-1461.7382256480123,14365.226296052455,-12575.924965618631,14763.160563543686,-15241.759444994726,3846.12467021379,-7676.986240766727],"y":[0.0,-6691.584782327031,4585.045583516199,12853.812021624813,-8712.218378722282,21840.41440442683,16561.07859231456,3401.3092850637704,-14444.910659564976,18915.38939009983,-23044.79414415755,-9802.711280697173,-805.422321912749,-1796.4582714389085,-22632.16979927452,-1439.7510501961706,-12369.091686615602,-9383.616613644454,-4541.198427845213,-1010.0569344867306,7729.770218846343,11127.358546975178,15708.325722017453,-21813.521605030204,-12887.112321675757,-1376.5560692769122,-15596.720979442785,-4829.5471083962075,15691.270939160242,-5671.154743769072,9230.636945591566,5243.216977047895,-23448.162803359326,3578.4607066724743,6854.696464931422,7009.574871363705,-11256.525067921464,-396.97097326607326,-18656.98142876344,5520.812100710464,-3704.322136241499,-3094.3287567710504,-8022.824498460745,8798.959614205798,-23984.171993040494,-23031.10096930574,-20571.00779031384,-14678.017360633688,15722.036116512121,-19886.585457663063,5524.614825810704],"demands":[0.0,0.4606211267984826,0.1086846217388806,0.3526389003009653,0.9282148307309462,0.04675283659025187,1.0346913766978403,1.1323547240526803,0.15995516649036404,0.5814679638338145,1.0270124774954936,0.3075601430345526,0.02268891093364414,0.4013143682461834,1.07929093693996,0.7472906339652923,0.5003137996339198,0.8555239439919056,20.647479169486843,0.49938041810772604,0.33832756397413893,0.632548161279514,0.3487409392385601,25.75134415310381,3.986516597102149,0.8638331991812399,0.5119173162722882,1.0339325439150737,0.6025596470279136,0.026204728817653344,19.11785339223809,26.304433524684306,14.651636199822544,20.927354824892962,0.6725127025892536,0.9176106709120422,0.8056030709816469,0.7887433893189364,0.013864392439468708,0.21675556193238935,11.615219194901007,10.405551731236963,0.3736661891836529,17.810556408094655,0.8461117562875952,0.4915260451499985,0.11925486784525807,27.05793347117128,0.045260819191743996,0.8146221429039701,0.9596275672043011],"dronable":[true,true,true,true,true,true,true,true,true,true,true,true,true,true,true,true,true,true,false,true,true,true,true,false,false,true,true,true,true,true,false,false,false,false,true,true,true,true,true,true,false,false,true,false,true,true,true,false,true,true,true],"distances":[[0.0,12849.423687735652,17677.266714866128,17167.417321441473,11652.427089426483,22090.291424673305,16885.061096066398,11991.291838793266,18721.506089550046,25935.499046322202,32327.918879014673,13396.999378134778,22201.380965022945,10664.26301498546,25582.498245231058,12190.885633869082,12750.486026632101,13471.274908645855,23681.464884935664,13056.809531229355,16495.23810766822,14496.62243050837,21767.50889807211,26528.99426267218,24549.77258451171,8102.154680150451,15695.943280665508,7441.836652455795,16728.916138628116,5683.804041197212,11378.541717936827,6475.173060616658,29932.00382973166,11327.901685178771,12496.544480356813,12596.175047047946,25190.03350685286,22763.253726112034,27267.614670418767,9163.997351831493,14941.244331206457,13384.310599129723,8343.754621358457,18351.15857027414,24028.67422127298,27143.90057444126,24110.58378078023,20818.143612340547,21897.343460520446,20255.097041084824,9458.196800367874],[12849.423687735652,0.0,30224.254877333828,19549.70233272161,18816.30874598539,31907.224848556234,24487.41938966821,10106.761940429098,7810.113478241301,38473.33282770984,20109.24630624726,20340.47378057675,12667.814178258808,4916.473830413523,27898.8315260867,23665.196684001145,9707.651434855978,2991.2133249229514,34279.008689407514,6039.430953139159,29331.644441948953,17897.769042119602,34347.59686701851,15675.444486628798,32461.53905625161,6095.958851275965,12809.308762979605,16735.270155706785,22972.061135802258,11394.293980207529,16496.872619208516,18988.543665713045,18413.800773103547,24023.268007393162,13556.287047781865,13710.42224001731,12433.829899155053,13365.353115410555,14922.07857978976,21987.313957371498,25619.04240573584,4141.464387105348,13328.010753215996,31191.987323092995,21297.177476048353,16688.63704424043,27331.78351202671,8841.651966458288,34487.702205678805,14995.026255520028,22291.876328665177],[17677.266714866128,30224.254877333828,0.0,29629.270799094367,16246.434077153499,22069.44537753686,23624.59878380845,28595.592364739066,34671.18568487442,14346.089122332949,48404.9389846519,16433.55823183923,39627.398812445834,28312.70178866901,27699.32585605623,7808.104575036238,26347.139747674646,30166.8032416749,11016.047562803778,30605.74578713039,4017.547466824474,27163.522413904306,11302.246526760788,41615.255050803564,17885.517057603494,25756.095290948408,27605.022602157416,14793.004912868519,25426.21679216224,19592.243121798027,24176.13956626386,13289.054652722942,45372.435732074504,6404.0568656327205,27614.489247674486,27644.45015624701,42657.90347325086,40142.437877710436,43658.70656080141,9802.72319786867,8686.815607123319,31058.35806340669,19427.30374909314,4323.700641303789,32555.94487583213,41844.581918227115,25554.732001752698,37209.69714852843,11286.425626619946,32193.801180885657,9442.168152113292],[17167.417321441473,19549.70233272161,29629.270799094367,0.0,28819.835571026764,17223.32818623506,8897.159490880902,9453.251706950938,27303.86397220563,29748.147864815488,37632.83013584092,30562.004242281764,17417.385509530275,14675.95745709186,42455.310002990125,27493.058828755667,26548.612876871684,22303.40433917434,38746.00867043407,13960.284317956812,26452.827606709827,2709.4597706136874,26602.327347925537,34866.188358900035,41282.89124129307,14629.84467085352,30032.203491566546,24558.46979966886,6259.765050411542,21941.818106339615,5955.421421873952,16980.386279662725,37013.81359866847,23993.0029131438,6070.9305744608255,5915.302103569286,26565.918874404855,17466.75651401006,32638.62751486698,20080.919920427295,30702.28010727564,16032.438217858038,24954.91017281275,27781.44200418059,39012.0755866497,36008.88474325841,41122.92667144294,27738.939989515602,26775.620813775302,33595.979157933034,20417.591493376072],[11652.427089426483,18816.30874598539,16246.434077153499,28819.835571026764,0.0,30871.37930333028,27575.271626930837,22733.03351410062,20466.860299309832,29383.839808377747,33618.534998552685,1769.5778856559195,30951.70075822964,19516.260131179584,14536.556245744334,8483.197084982543,11433.773666290152,17416.480894734355,16055.256172655258,22138.67090858122,17805.70148232419,26146.04319771543,25497.17574220596,26327.522955810746,13803.800997324735,17349.462852899796,11732.327406292752,4402.8962561984035,27907.143667643984,7962.587479350384,23001.201651951043,14500.53216472377,30183.5625998025,12653.854549032156,23939.227045906722,24052.988744752838,30379.757653985875,31611.03185851125,29359.22738243727,14239.33394332259,8394.242095731228,21506.401170923993,5489.59850403302,19407.061068228788,16511.322070824885,26335.945996998038,12807.677945573152,23278.57399281491,25560.50712290288,16095.27635602521,14236.963852015633],[22090.291424673305,31907.224848556234,22069.44537753686,17223.32818623506,30871.37930333028,0.0,8455.61380338524,23651.544537163292,39349.197587078546,14724.498577297893,51864.50047089615,32173.613796794685,34103.98891999574,27383.09706774905,45299.06510882826,24885.174633854516,34804.57262783742,33814.02311902576,33062.752461014636,28086.325254681506,18051.902817349852,16542.38913649173,13258.959313828147,47377.71955557187,38924.690773153365,25819.808469375595,37779.59176350075,26773.1761496563,10993.786754723225,27667.598673029115,16072.889494451802,16604.321631816685,50313.202952057385,19717.322558109194,20346.0912904964,20243.763755327804,41994.514137371196,34268.09102756323,46671.47389382279,16802.931794220145,27876.766927287514,29808.900704266696,29880.699603300018,18267.122709668645,45861.97354909344,48228.41008731426,43411.13754922845,40747.39940985351,13406.161144995716,42336.72641109208,16889.285747892787],[16885.061096066398,24487.41938966821,23624.59878380845,8897.159490880902,27575.271626930837,8455.61380338524,0.0,15509.164184607895,32181.3356220083,21167.38024710288,44093.39692171809,29144.309739155047,25663.495859421735,19726.338192565305,42044.23008034971,23687.737960445207,28930.8380819055,26716.13653936825,33902.02539567839,20083.265326917288,19927.5657504175,8094.625523851206,18380.534467301775,40149.75288364109,38107.8994841436,18541.273746905757,32194.16283622404,23188.93149456839,2654.788409724,22533.240019706172,8064.435302489135,13355.942540421585,42839.2639917096,19122.23349685461,12059.685466808012,11945.504370745068,33824.86667192146,25818.173057473512,38931.58324150688,15309.396328304327,26950.646332715856,21931.851570578692,25210.024785617035,20891.459625225747,40822.953041219116,41111.57252811869,40380.398906803304,33278.71948350825,18552.5446441659,36451.8790696002,15560.136894279163],[11991.291838793266,10106.761940429098,28595.592364739066,9453.251706950938,22733.03351410062,23651.544537163292,15509.164184607895,0.0,17850.948370942227,33103.49924358865,28709.632982856674,24494.07871668294,11486.053759796516,5290.634621945133,35021.44178412079,24095.677066606942,17869.67617718172,12915.69103984865,35637.11596328525,4665.531711833113,26427.680511425013,8035.141339863893,29279.804108445205,25470.45278367555,36258.65307578904,5931.207045640192,21347.802117623723,19032.44990947457,13546.908378591674,14946.278078759537,7580.219318842523,15408.818297295627,27773.693365041603,22247.331336597992,3609.491485409805,3753.2643240159673,18348.054833542785,11884.321459922443,23598.896908146296,18932.140162101565,26927.96854336855,6671.775979631693,17907.883705506083,28125.724732650324,30297.52268471953,26587.379863116592,33974.4594404751,18371.667482915134,29442.44050269949,24513.04409135575,19292.97351203533],[18721.506089550046,7810.113478241301,34671.18568487442,27303.86397220563,20466.860299309832,39349.197587078546,32181.3356220083,17850.948370942227,0.0,44634.7616085389,13776.5144358455,21547.25573793959,17077.913431317334,12725.451273092067,25203.329593377555,27310.51256774751,9055.532577184125,5536.4766305443645,36520.115903127014,13480.469933363818,34539.744721831674,25705.933397967987,40460.61081542241,8028.93815757884,32841.901610280955,13645.13306182553,10212.710922569777,20030.271725942075,30749.249818214143,15099.304550934892,24252.019821578393,25187.310819055987,11219.31356455965,28951.732032389173,21349.64607864854,21503.024957426464,11093.479054975815,17750.227370925866,9019.906169744927,27716.258254764918,28486.779328340683,11404.929776245543,15586.0513717138,36401.22201902807,16425.317710347827,8930.431396275211,25240.277147539375,2863.033555576037,40586.238583680824,9727.89715910943,27971.728259600164],[25935.499046322202,38473.33282770984,14346.089122332949,29748.147864815488,29383.839808377747,14724.498577297893,21167.38024710288,33103.49924358865,44634.7616085389,0.0,58259.34663279958,29981.7714035587,44535.33351023403,35034.099069559445,41952.85507139481,21121.704034581428,37589.925425604546,39397.09195998488,24092.25073705583,36651.322888181276,11626.741812705406,28135.219605472725,4176.422379695344,52320.8845642164,31958.227304338794,32767.7288453031,39643.189085854574,26642.194374970346,23764.026524930738,30100.66798643415,26249.47783301791,19529.027069883043,55819.93125118784,16857.375019660845,30664.412536837706,30619.365569006655,50326.59110296574,44872.53177276367,53176.060010623376,16976.3865622154,22854.777281529903,37828.18359741016,31055.50092492273,10248.516394012086,45885.6439895368,52825.43008389765,39823.197664706735,46746.6389707557,4057.0837332461306,44404.24779877766,16752.984792424624],[32327.918879014673,20109.24630624726,48404.9389846519,37632.83013584092,33618.534998552685,51864.50047089615,44093.39692171809,28709.632982856674,13776.5144358455,58259.34663279958,0.0,34450.54431284951,22244.670644325503,24481.97879925543,34601.55280298621,40942.34921190941,22298.676983784208,18862.723748733424,49502.53214015918,24057.02997477857,48313.66586560366,36698.476223632635,54094.39134221344,7673.426367353395,44736.02387880867,26177.227252087443,22197.066616292563,33684.07426618734,42251.08660469816,28865.27043042122,36032.07553645349,38742.33512805915,4088.225596004678,42728.22412955577,32301.602397152095,32438.66607097908,11789.0677017695,22647.99228598959,5197.887971873372,41414.85535154593,41880.256895308936,22162.003298821972,29135.310313875038,50176.03607463551,24152.282648067656,8307.05443726015,35334.89533466632,11513.338225037884,54224.90862438617,19089.21185602084,41680.792335644466],[13396.999378134778,20340.47378057675,16433.55823183923,30562.004242281764,1769.5778856559195,32173.613796794685,29144.309739155047,24494.07871668294,21547.25573793959,29981.7714035587,34450.54431284951,0.0,32585.15628495033,21212.411168569168,13130.42946224076,8876.006511988586,12493.285359681908,18801.845951058298,15059.403477881675,23830.70034612798,18357.17287646443,27883.382536220073,26192.8387409052,27043.43018184073,12161.324315389196,19077.651493735222,12338.688204254093,6063.970241658659,29544.84755652299,9678.754054834615,24727.157872224296,15962.799192417293,30910.554720201984,13478.42440767891,25707.212132922763,25820.63568692825,31700.021432583697,33249.51088226784,30338.112437163403,15430.906954538726,8107.993368665313,23146.755184749854,7067.571327257471,19865.5034691733,16122.682184493338,26964.64308765856,11305.72693283014,24387.06712672357,26245.886543472177,16434.91157204118,15396.196887106506],[22201.380965022945,12667.814178258808,39627.398812445834,17417.385509530275,30951.70075822964,34103.98891999574,25663.495859421735,11486.053759796516,17077.913431317334,44535.33351023403,22244.670644325503,32585.15628495033,0.0,11716.891597263657,40498.690094546175,34298.202248737434,22320.508948485418,15177.816496575862,45582.083961550146,9171.36721609947,37736.683904874444,17569.18921748354,40751.58319375185,22171.761176091077,44744.07130742017,14213.885746174623,25218.05482459934,28137.84547061725,23252.207790385437,23084.381143621664,18493.531686932256,26680.974967235707,22924.440473340648,33225.08793785829,14016.348388236553,14087.552677918571,10456.904380155947,703.6978657826611,17999.25582034683,30171.777794138136,36775.962418650975,9446.553718056599,25520.443760094706,39477.05273511516,33113.53524233644,23561.77590671439,39989.03715984857,15734.00201846464,40915.17375556808,26466.392511549533,30527.25181405505],[10664.26301498546,4916.473830413523,28312.70178866901,14675.95745709186,19516.260131179584,27383.09706774905,19726.338192565305,5290.634621945133,12725.451273092067,35034.099069559445,24481.97879925543,21212.411168569168,11716.891597263657,0.0,30620.60515898724,22620.244087188425,12914.602960691334,7634.212753716615,33865.247066330776,2626.3213368252204,26831.87961423649,12981.296715293638,30996.69151395562,20535.77315837701,33307.84586488488,2562.1445334518885,16340.315644401813,16455.643247589458,18111.371772298404,11559.58031628424,11682.689824175122,15949.087673118833,23114.473277277066,21928.62303379906,8651.384807259716,8806.154483257254,15298.689083388908,12327.625664583178,19291.073291066743,19269.55393888279,25059.357576043054,2825.5616338485784,14237.359621828482,28647.416169822995,25212.333157940346,21581.43801221677,29757.84968673958,13564.958672703355,31147.1774753878,19279.127474022713,19606.945521979724],[25582.498245231058,27898.8315260867,27699.32585605623,42455.310002990125,14536.556245744334,45299.06510882826,42044.23008034971,35021.44178412079,25203.329593377555,41952.85507139481,34601.55280298621,13130.42946224076,40498.690094546175,30620.60515898724,0.0,21193.17254919097,18193.210989167106,25332.88423231391,21338.13156239887,33011.27267462212,30476.949098530058,39873.89508779562,38469.03293366615,27037.49126793163,13243.857874971518,29124.84027800634,15391.024594232884,18872.822096083877,42224.736287279055,20518.979363285147,36884.412010460255,29036.00930098297,30541.717406154294,26237.13326919244,37015.434220590854,37149.09336377987,36290.851617692104,41201.52096614934,32059.89402259934,28528.327062019744,19098.571104232604,31688.428021889416,17500.453627532625,31707.505026675713,10552.057101112967,26295.07561805167,2160.954002617979,27850.02267730314,38497.193600685256,16010.125273744641,28475.702499181127],[12190.885633869082,23665.196684001145,7808.104575036238,27493.058828755667,8483.197084982543,24885.174633854516,23687.737960445207,24095.677066606942,27310.51256774751,21121.704034581428,40942.34921190941,8876.006511988586,34298.202248737434,22620.244087188425,21193.17254919097,0.0,18722.042261996776,23175.136055743904,11560.210020307419,25126.926306773017,9495.444140405261,24814.74125575213,17402.244147185953,33987.34324828674,14432.653610351148,20090.028702128067,19817.455173982577,7280.96102488759,24780.704986599852,12466.654595517035,21581.306470549527,10660.774031333469,37781.57408236898,5198.6430440429285,24031.146655971515,24100.83629070451,36004.74259372364,34880.952057619215,36330.04802128059,8450.170178631806,3277.401913712883,25181.694429698982,11817.197210903003,10991.804429155602,24930.745211404515,34159.76308206546,19137.037880901906,29952.968841781763,17445.99171801022,24387.337738813756,8253.16548181519],[12750.486026632101,9707.651434855978,26347.139747674646,26548.612876871684,11433.773666290152,34804.57262783742,28930.8380819055,17869.67617718172,9055.532577184125,37589.925425604546,22298.676983784208,12493.285359681908,22320.508948485418,12914.602960691334,18193.210989167106,18722.042261996776,0.0,7216.801283962195,27475.885722551226,15082.529120121442,26759.965990093093,24299.75771067443,33440.67174489058,15273.185888675542,23996.12725008658,12030.769123377613,3492.1173330563656,11555.562060420376,28190.424283217093,7545.367529287918,21890.82461126043,18913.787930121023,19059.575863289694,21117.645967292643,20582.23795723373,20732.957535459165,19471.62717871903,23022.3059954954,17929.203304072173,20698.01278164308,19590.380175132228,13585.144724547747,6921.747180250749,28578.003955270065,12477.021820364718,15514.225735160187,17687.753016985775,11894.186859543759,33546.337177228066,7554.902482453818,20886.01041873625],[13471.274908645855,2991.2133249229514,30166.8032416749,22303.40433917434,17416.480894734355,33814.02311902576,26716.13653936825,12915.69103984865,5536.4766305443645,39397.09195998488,18862.723748733424,18801.845951058298,15177.816496575862,7634.212753716615,25332.88423231391,23175.136055743904,7216.801283962195,0.0,33261.90776930825,9019.603622442395,29670.31757430525,20514.383751933565,35233.519391401656,13565.284046954635,30761.024106027602,8181.6527161847935,10053.237851840171,15989.639543789994,25371.087490063812,10708.653564853259,18856.40626467537,19880.976444955304,16664.545679426043,24181.026555959743,16257.190166213884,16412.703921254153,13005.06117749829,15881.397876613883,13800.217433245454,22593.332711537318,24799.384039859306,7128.737502453122,12034.57849529148,31538.6010560493,18357.36665293128,14434.01272212476,24896.61080113213,7349.574416751095,35364.78754465042,12007.420374246778,22869.61218224002],[23681.464884935664,34279.008689407514,11016.047562803778,38746.00867043407,16055.256172655258,33062.752461014636,33902.02539567839,35637.11596328525,36520.115903127014,24092.25073705583,49502.53214015918,15059.403477881675,45582.083961550146,33865.247066330776,21338.13156239887,11560.210020307419,27475.885722551226,33261.90776930825,0.0,36431.189436807974,15024.809186704373,36110.0742542453,21836.705233271226,42051.248482180665,8669.552437434055,31386.28384260202,27339.11650726485,17582.499484137377,35394.80552731248,22890.89012421402,32914.91250145417,21765.633049992426,45919.03806099101,14900.74899053776,35565.88892771203,35631.77073021656,46266.957166956236,46188.061047855765,45378.94730209392,18839.685042501198,8807.060727466653,36292.534058477104,21237.46224158873,15129.7214158195,29196.02431330084,41906.776466999436,19254.073930058577,39333.7673507858,21785.364046796545,31132.714679863144,18536.16466716744],[13056.809531229355,6039.430953139159,30605.74578713039,13960.284317956812,22138.67090858122,28086.325254681506,20083.265326917288,4665.531711833113,13480.469933363818,36651.322888181276,24057.02997477857,23830.70034612798,9171.36721609947,2626.3213368252204,33011.27267462212,25126.926306773017,15082.529120121442,9019.603622442395,36431.189436807974,0.0,28940.90227208561,12696.475759187744,32685.817659314434,20907.247398949574,35932.64543807586,5046.648237458584,18424.422126112964,19066.01657556472,18194.188194372186,14184.37972056021,12057.239785709742,17942.201013093345,23123.050114139234,24204.42854706397,8273.67308734288,8415.904499437407,13984.647713947907,9761.381617437055,18936.29290661767,21355.16675969256,27624.149935887166,2084.275710985615,16839.25103311799,30729.421841258194,27156.280857336435,22062.235934097484,32212.785447880604,13778.963515159929,32841.42204952618,20986.68158236833,21701.872112899873],[16495.23810766822,29331.644441948953,4017.547466824474,26452.827606709827,17805.70148232419,18051.902817349852,19927.5657504175,26427.680511425013,34539.744721831674,11626.741812705406,48313.66586560366,18357.17287646443,37736.683904874444,26831.87961423649,30476.949098530058,9495.444140405261,26759.965990093093,29670.31757430525,15024.809186704373,28940.90227208561,0.0,24104.2713731665,7994.015586201338,41870.41713542182,21564.78263179865,24325.19460070449,28476.79390404042,15398.949800756933,21872.50907751122,19519.905379486794,21278.321237594133,11055.722153308983,45527.03306123537,5644.262002955784,25036.078010446923,25048.001414841787,41682.29094775763,38206.11879350836,43400.374171189724,7586.394795899082,11434.505902711859,29640.758144969746,19973.65455403286,1868.3101478144686,34316.95511020229,42232.62902308414,28371.083856931327,36914.24239035407,8020.279039488815,33194.74141816396,7239.066928173533],[14496.62243050837,17897.769042119602,27163.522413904306,2709.4597706136874,26146.04319771543,16542.38913649173,8094.625523851206,8035.141339863893,25705.933397967987,28135.219605472725,36698.476223632635,27883.382536220073,17569.18921748354,12981.296715293638,39873.89508779562,24814.74125575213,24299.75771067443,20514.383751933565,36110.0742542453,12696.475759187744,24104.2713731665,0.0,24787.52674741937,33448.751035234425,38573.88103988315,12572.063259132341,27764.548972243647,21868.43247272811,5746.3223848910575,19383.25199793352,3249.3313585318087,14352.747883043883,35807.64158763934,21414.133498018833,4426.586106598588,4281.878286358042,26008.21044387289,17725.749338313315,31612.35640126597,17526.854412394277,28014.623019017603,14702.722602206142,22380.92345184838,25502.26258140232,36721.30175147999,34533.20102596223,38509.41918916475,26379.069889660965,24959.910109122917,31488.378752081742,17869.635727224286],[21767.50889807211,34347.59686701851,11302.246526760788,26602.327347925537,25497.17574220596,13258.959313828147,18380.534467301775,29279.804108445205,40460.61081542241,4176.422379695344,54094.39134221344,26192.8387409052,40751.58319375185,30996.69151395562,38469.03293366615,17402.244147185953,33440.67174489058,35233.519391401656,21836.705233271226,32685.817659314434,7994.015586201338,24787.52674741937,0.0,48145.089918868754,29182.96729585583,28694.037973209073,35542.78009464191,22589.771757186296,20869.002929351373,25939.869995329584,22667.524148484135,15379.133950919235,51643.94371474269,12876.550958234286,27010.001496937977,26975.59458566585,46272.704139471934,41114.395715151324,49018.35422394941,12803.099060691342,19421.738910016113,33802.72701181412,26952.21295307204,6986.4855127199735,41960.1037831548,48652.98874715042,36364.889152229225,42582.67321251152,173.3626409330047,40308.52720864005,12583.677722003162],[26528.99426267218,15675.444486628798,41615.255050803564,34866.188358900035,26327.522955810746,47377.71955557187,40149.75288364109,25470.45278367555,8028.93815757884,52320.8845642164,7673.426367353395,27043.43018184073,22171.761176091077,20535.77315837701,27037.49126793163,33987.34324828674,15273.185888675542,13565.284046954635,42051.248482180665,20907.247398949574,41870.41713542182,33448.751035234425,48145.089918868754,0.0,37083.934263392686,21639.715855052495,14714.026984053411,26822.332890498765,38640.21581319304,22363.398520871426,32172.303861032175,33002.94807283222,3868.090630860097,36232.223880841855,29042.80650421003,29193.01676130649,12913.397312424622,22745.71461430591,5734.363351265522,35348.13568671755,34677.19028037496,18834.019615902933,22194.578118565645,43711.72062457096,16701.6662530172,1421.2161130527452,27702.075878685497,7143.368979138902,48264.226817351664,11415.94929325531,35582.1034086247],[24549.77258451171,32461.53905625161,17885.517057603494,41282.89124129307,13803.800997324735,38924.690773153365,38107.8994841436,36258.65307578904,32841.901610280955,31958.227304338794,44736.02387880867,12161.324315389196,44744.07130742017,33307.84586488488,13243.857874971518,14432.653610351148,23996.12725008658,30761.024106027602,8669.552437434055,35932.64543807586,21564.78263179865,38573.88103988315,29182.96729585583,37083.934263392686,0.0,31089.030433467742,22818.83035864502,17233.18907877348,39107.11147928354,21748.314624042225,35328.7555328859,24919.345279365407,40886.795562303676,19341.307507946203,37043.08029282213,37140.09258589285,43460.95085797783,45406.72767694095,41187.12272244692,22875.6287422141,11204.77385352042,35302.44000300855,19228.888033612766,22209.028643086298,22378.743416712947,36690.67187156091,11324.941213248501,35703.40788640989,29162.406011012903,25712.46481024785,22665.294690984312],[8102.154680150451,6095.958851275965,25756.095290948408,14629.84467085352,17349.462852899796,25819.808469375595,18541.273746905757,5931.207045640192,13645.13306182553,32767.7288453031,26177.227252087443,19077.651493735222,14213.885746174623,2562.1445334518885,29124.84027800634,20090.028702128067,12030.769123377613,8181.6527161847935,31386.28384260202,5046.648237458584,24325.19460070449,12572.063259132341,28694.037973209073,21639.715855052495,31089.030433467742,0.0,15521.914924742858,14076.287178594013,17207.030593243722,9401.551701759872,10690.380431930957,13515.983506526209,24493.517640587972,19376.46384161394,8592.253901092778,8745.50804124029,17587.960026920595,14807.868877315279,20982.237033745034,16781.64839818737,22579.43141713191,5322.182475019515,12238.184465608636,26149.511611440867,24501.695217788772,22575.091807634704,28127.4295444968,14929.19991866049,28841.194097976964,18966.976016474287,17114.436137509652],[15695.943280665508,12809.308762979605,27605.022602157416,30032.203491566546,11732.327406292752,37779.59176350075,32194.16283622404,21347.802117623723,10212.710922569777,39643.189085854574,22197.066616292563,12338.688204254093,25218.05482459934,16340.315644401813,15391.024594232884,19817.455173982577,3492.1173330563656,10053.237851840171,27339.11650726485,18424.422126112964,28476.79390404042,27764.548972243647,35542.78009464191,14714.026984053411,22818.83035864502,15521.914924742858,0.0,13078.478764276831,31547.48294375831,10153.868444191245,25304.581301659087,21569.29993246608,18582.117600488196,22895.100293270923,24073.31882243272,24223.881519347826,21221.533637250905,25921.73337614567,18380.14278938561,22985.46313405314,20126.20872260699,16825.249617308375,8590.586759652319,30238.238997476667,8985.674498989698,14632.473205785878,15176.361557162913,13033.4984147662,35636.991213531,4769.294960750753,23134.53739261787],[7441.836652455795,16735.270155706785,14793.004912868519,24558.46979966886,4402.8962561984035,26773.1761496563,23188.93149456839,19032.44990947457,20030.271725942075,26642.194374970346,33684.07426618734,6063.970241658659,28137.84547061725,16455.643247589458,18872.822096083877,7280.96102488759,11555.562060420376,15989.639543789994,17582.499484137377,19066.01657556472,15398.949800756933,21868.43247272811,22589.771757186296,26822.332890498765,17233.18907877348,14076.287178594013,13078.478764276831,0.0,23504.871558550458,5349.467336903326,18690.951743241865,10243.471629150441,30585.67216990491,9826.595109023425,19901.587360440208,20006.50250617636,28920.070358266355,28765.20077658031,29049.49350816132,10481.44452060437,8884.469094079415,18763.952050307224,4642.618789790906,17169.096477466217,19609.704002514165,27062.5176216737,17192.969070821546,22675.381479471816,22674.709952034988,17807.744229665852,10548.435548515596],[16728.916138628116,22972.061135802258,25426.21679216224,6259.765050411542,27907.143667643984,10993.786754723225,2654.788409724,13546.908378591674,30749.249818214143,23764.026524930738,42251.08660469816,29544.84755652299,23252.207790385437,18111.371772298404,42224.736287279055,24780.704986599852,28190.424283217093,25371.087490063812,35394.80552731248,18194.188194372186,21872.50907751122,5746.3223848910575,20869.002929351373,38640.21581319304,39107.11147928354,17207.030593243722,31547.48294375831,23504.871558550458,0.0,22238.116455179585,6516.735085827769,14188.52259004098,41180.529913009654,20507.386521414166,9984.767076462258,9855.93522314597,31721.344445930157,23376.57308661794,37124.20969486821,16595.947130252847,28058.10658087091,20125.879423771505,25056.67770626355,22962.965233606115,40334.531478632016,39658.34370767122,40652.54655088357,31664.34765381424,21041.838098231456,35631.47083785877,16881.693293747157],[5683.804041197212,11394.293980207529,19592.243121798027,21941.818106339615,7962.587479350384,27667.598673029115,22533.240019706172,14946.278078759537,15099.304550934892,30100.66798643415,28865.27043042122,9678.754054834615,23084.381143621664,11559.58031628424,20518.979363285147,12466.654595517035,7545.367529287918,10708.653564853259,22890.89012421402,14184.37972056021,19519.905379486794,19383.25199793352,25939.869995329584,22363.398520871426,21748.314624042225,9401.551701759872,10153.868444191245,5349.467336903326,22238.116455179585,0.0,16477.761907948654,11437.819584201869,26007.2212778799,13894.904905278965,16557.091117938566,16685.524576908327,23584.941642287897,23732.26027814244,24068.40375245774,13166.591777081108,14232.333112119972,13646.197962569508,3031.394020550175,21369.71234895867,18344.997896768244,22776.294730571106,19255.4117325627,17618.406601507668,26049.38725977407,14830.038817343446,13364.356621213781],[11378.541717936827,16496.872619208516,24176.13956626386,5955.421421873952,23001.201651951043,16072.889494451802,8064.435302489135,7580.219318842523,24252.019821578393,26249.47783301791,36032.07553645349,24727.157872224296,18493.531686932256,11682.689824175122,36884.412010460255,21581.306470549527,21890.82461126043,18856.40626467537,32914.91250145417,12057.239785709742,21278.321237594133,3249.3313585318087,22667.524148484135,32172.303861032175,35328.7555328859,10690.380431930957,25304.581301659087,18690.951743241865,6516.735085827769,16477.761907948654,0.0,11187.570113507962,34795.441026081404,18296.0931249806,4477.788112334682,4412.132894634398,25922.06383953671,18764.582375529677,30867.694435920854,14451.917466532048,24773.14512305606,13873.040916182812,19434.445118954223,22761.545407759524,34191.77626291074,33170.670236440346,35466.90798423593,25246.651331099627,22837.08371365205,29252.22962575899,14801.757725383877],[6475.173060616658,18988.543665713045,13289.054652722942,16980.386279662725,14500.53216472377,16604.321631816685,13355.942540421585,15408.818297295627,25187.310819055987,19529.027069883043,38742.33512805915,15962.799192417293,26680.974967235707,15949.087673118833,29036.00930098297,10660.774031333469,18913.787930121023,19880.976444955304,21765.633049992426,17942.201013093345,11055.722153308983,14352.747883043883,15379.133950919235,33002.94807283222,24919.345279365407,13515.983506526209,21569.29993246608,10243.471629150441,14188.52259004098,11437.819584201869,11187.570113507962,0.0,36402.11171423338,7144.9394545552495,14339.152649039,14374.12044495549,31076.555862128153,27151.613259269106,33648.31155605758,3525.7340713419926,13929.061276119435,18774.164335293353,13351.443075986934,12808.058751318604,29320.73679722269,33606.487023861795,27265.345153839065,27229.205163917763,15515.473660120297,26267.1512442602,3887.638826041467],[29932.00382973166,18413.800773103547,45372.435732074504,37013.81359866847,30183.5625998025,50313.202952057385,42839.2639917096,27773.693365041603,11219.31356455965,55819.93125118784,4088.225596004678,30910.554720201984,22924.440473340648,23114.473277277066,30541.717406154294,37781.57408236898,19059.575863289694,16664.545679426043,45919.03806099101,23123.050114139234,45527.03306123537,35807.64158763934,51643.94371474269,3868.090630860097,40886.795562303676,24493.517640587972,18582.117600488196,30585.67216990491,41180.529913009654,26007.2212778799,34795.441026081404,36402.11171423338,0.0,39899.47581825998,31381.06038149641,31526.285232238934,12809.7322492274,23422.8119519432,4959.6488381881745,38871.083363606216,38523.02306019128,21105.46007736526,25972.616946957212,47376.48504840448,20072.887961267854,4259.234012345007,31312.38151869546,9574.311275456601,51767.1649518929,15181.550586113552,39116.64166688067],[11327.901685178771,24023.268007393162,6404.0568656327205,23993.0029131438,12653.854549032156,19717.322558109194,19122.23349685461,22247.331336597992,28951.732032389173,16857.375019660845,42728.22412955577,13478.42440767891,33225.08793785829,21928.62303379906,26237.13326919244,5198.6430440429285,21117.645967292643,24181.026555959743,14900.74899053776,24204.42854706397,5644.262002955784,21414.133498018833,12876.550958234286,36232.223880841855,19341.307507946203,19376.46384161394,22895.100293270923,9826.595109023425,20507.386521414166,13894.904905278965,18296.0931249806,7144.9394545552495,39899.47581825998,0.0,21448.304155475667,21489.156085719278,36439.36366470488,33742.63156557251,37852.69529170179,3944.827528501067,8181.009469718756,24688.40561365887,14355.963671219297,7479.545758233245,29084.881476736893,36588.72316952247,24218.5618583008,31370.526448792516,12948.427432307879,27633.16983803252,3635.6063052700306],[12496.544480356813,13556.287047781865,27614.489247674486,6070.9305744608255,23939.227045906722,20346.0912904964,12059.685466808012,3609.491485409805,21349.64607864854,30664.412536837706,32301.602397152095,25707.212132922763,14016.348388236553,8651.384807259716,37015.434220590854,24031.146655971515,20582.23795723373,16257.190166213884,35565.88892771203,8273.67308734288,25036.078010446923,4426.586106598588,27010.001496937977,29042.80650421003,37043.08029282213,8592.253901092778,24073.31882243272,19901.587360440208,9984.767076462258,16557.091117938566,4477.788112334682,14339.152649039,31381.06038149641,21448.304155475667,0.0,155.79395309511085,21773.711763825162,14288.036424919439,27201.117864960976,17813.114593157134,27067.975850108753,10276.33812638329,19587.335666349863,26623.995018511134,33058.977222361595,30141.325966425116,35809.2970723557,21960.686345051177,27177.802184833603,27544.347198834286,18174.490286019955],[12596.175047047946,13710.42224001731,27644.45015624701,5915.302103569286,24052.988744752838,20243.763755327804,11945.504370745068,3753.2643240159673,21503.024957426464,30619.365569006655,32438.66607097908,25820.63568692825,14087.552677918571,8806.154483257254,37149.09336377987,24100.83629070451,20732.957535459165,16412.703921254153,35631.77073021656,8415.904499437407,25048.001414841787,4281.878286358042,26975.59458566585,29193.01676130649,37140.09258589285,8745.50804124029,24223.881519347826,20006.50250617636,9855.93522314597,16685.524576908327,4412.132894634398,14374.12044495549,31526.285232238934,21489.156085719278,155.79395309511085,0.0,21893.40528239746,14352.81346022632,27340.61430185408,17842.18763648035,27144.262692737175,10422.20653541557,19716.13931761978,26629.960084137016,33209.55498876666,30292.72236733021,35938.86419359231,22109.28300772479,27143.637124969122,27698.76059441349,18203.289806823897],[25190.03350685286,12433.829899155053,42657.90347325086,26565.918874404855,30379.757653985875,41994.514137371196,33824.86667192146,18348.054833542785,11093.479054975815,50326.59110296574,11789.0677017695,31700.021432583697,10456.904380155947,15298.689083388908,36290.851617692104,36004.74259372364,19471.62717871903,13005.06117749829,46266.957166956236,13984.647713947907,41682.29094775763,26008.21044387289,46272.704139471934,12913.397312424622,43460.95085797783,17587.960026920595,21221.533637250905,28920.070358266355,31721.344445930157,23584.941642287897,25922.06383953671,31076.555862128153,12809.7322492274,36439.36366470488,21773.711763825162,21893.40528239746,0.0,10861.879422718655,7860.404922419577,34241.27191998955,37772.50310075954,12534.954718051777,25036.59739885064,43534.0028265436,27163.188165521995,14331.316755990689,36325.47423152364,8491.69351199042,46421.22377302315,20585.28195845123,34559.712482796924],[22763.253726112034,13365.353115410555,40142.437877710436,17466.75651401006,31611.03185851125,34268.09102756323,25818.173057473512,11884.321459922443,17750.227370925866,44872.53177276367,22647.99228598959,33249.51088226784,703.6978657826611,12327.625664583178,41201.52096614934,34880.952057619215,23022.3059954954,15881.397876613883,46188.061047855765,9761.381617437055,38206.11879350836,17725.749338313315,41114.395715151324,22745.71461430591,45406.72767694095,14807.868877315279,25921.73337614567,28765.20077658031,23376.57308661794,23732.26027814244,18764.582375529677,27151.613259269106,23422.8119519432,33742.63156557251,14288.036424919439,14352.81346022632,10861.879422718655,0.0,18484.81977037349,30650.827258353864,37381.15437213731,10104.75158859665,26186.59742890225,39937.08010146665,33808.853587979436,24140.682983438423,40689.122116823375,16367.479985590933,41278.81182557794,27158.27473488483,31007.46121843557],[27267.614670418767,14922.07857978976,43658.70656080141,32638.62751486698,29359.22738243727,46671.47389382279,38931.58324150688,23598.896908146296,9019.906169744927,53176.060010623376,5197.887971873372,30338.112437163403,17999.25582034683,19291.073291066743,32059.89402259934,36330.04802128059,17929.203304072173,13800.217433245454,45378.94730209392,18936.29290661767,43400.374171189724,31612.35640126597,49018.35422394941,5734.363351265522,41187.12272244692,20982.237033745034,18380.14278938561,29049.49350816132,37124.20969486821,24068.40375245774,30867.694435920854,33648.31155605758,4959.6488381881745,37852.69529170179,27201.117864960976,27340.61430185408,7860.404922419577,18484.81977037349,0.0,36392.38781813186,37472.94201079835,17009.118602834937,24595.26786211091,45266.931669292004,2200