{"problem":"6.20.4","tabu_size":1,"reset_after":90,"iterations":361,"solution":{"truck_routes":[[[0,5,4,3,0],[0,2,0]]],"drone_routes":[[[0,1,0],[0,6,0]]],"truck_working_time":[6174.786067461169],"drone_working_time":[1084.0845267661539],"working_time":6174.786067461169,"energy_violation":0.0,"capacity_violation":0.0,"waiting_time_violation":0.0,"fixed_time_violation":0.0,"feasible":true},"config":{"customers_count":6,"trucks_count":1,"drones_count":1,"x":[0.0,7399.5137717077,-14803.585833729438,6287.088542400816,13391.840832508062,8668.387091250637,-1885.3357951530559],"y":[0.0,-7239.803783238454,-2961.062078343975,12592.916610830664,10370.07346729352,-15953.305675010533,-6335.261553280703],"demands":[0.0,1.0634435876287902,0.5047660369230601,0.8531474034188046,0.7224305328158832,0.1561683977390143,0.24148023704237961],"dronable":[true,true,true,true,true,true,true],"distances":[[0.0,10352.176721708616,15096.8222539845,14075.120997963835,16937.52710995012,18156.23575315335,6609.843417885331],[10352.176721708616,0.0,22611.617869276095,19863.894082483515,18601.498874617708,8805.404858322161,9328.80636121317],[15096.8222539845,22611.617869276095,0.0,26205.777964091358,31188.158968226006,26827.81964055448,13351.644324046458],[14075.120997963835,19863.894082483515,26205.777964091358,0.0,7444.362749393278,28645.372917303954,20617.091166442107],[16937.52710995012,18601.498874617708,31188.158968226006,7444.362749393278,0.0,26743.80871744499,22637.586970840748],[18156.23575315335,8805.404858322161,26827.81964055448,28645.372917303954,26743.80871744499,0.0,14278.929914056684],[6609.843417885331,9328.80636121317,13351.644324046458,20617.091166442107,22637.586970840748,14278.929914056684,0.0]],"truck":{"V_max (m/s)":15.6464,"M_t (kg)":400.0},"drone":{"config":"Endurance","_data":{"speed_type":"high","range_type":"high","capacity [kg]":2.27,"FixedTime (s)":700.0,"V_max (m/s)":31.2928}},"problem":"problems/data/6.20.4.txt","config":"endurance","tabu_size_factor":0.5,"speed_type":"high","range_type":"high","waiting_time_limit":3600.0,"strategy":"random","fix_iteration":null,"reset_after_factor":30.0,"max_elite_size":10,"penalty_exponent":0.4,"verbose":false,"outputs":"outputs/","disable_logging":true,"extra":"https://github.com/Serious-senpai/min-timespan-delivery-v2/actions/runs/14262331507"},"last_improved":2,"elapsed":0.002763}