{"problem":"100.30.3","tabu_size":6,"reset_after":375,"iterations":5703,"solution":{"truck_routes":[[[0,70,73,4,85,18,89,6,37,19,79,86,69,8,23,34,0],[0,11,97,65,80,75,72,3,15,55,0]],[[0,41,61,45,95,47,30,12,0],[0,52,96,71,27,42,21,82,63,5,90,35,32,31,17,68,0]],[[0,40,59,64,13,29,87,38,50,0],[0,20,81,84,62,36,94,1,0]],[[0,60,39,56,7,25,91,58,24,48,26,67,43,0],[0,33,88,66,44,46,28,22,51,53,98,83,9,78,0]]],"drone_routes":[[[0,10,77,0],[0,74,57,16,0],[0,93,0],[0,2,0],[0,49,14,0],[0,100,99,0],[0,54,0]],[[0,76,0]],[],[[0,92,0]]],"truck_working_time":[9026.783650332121,9042.95831049161,9026.76383997144,9003.962882899643],"drone_working_time":[3832.9274885237123,692.7024581284769,-0.0,581.7005177789111],"working_time":9042.95831049161,"energy_violation":0.0,"capacity_violation":0.0,"waiting_time_violation":0.0,"fixed_time_violation":0.0,"feasible":true},"config":{"customers_count":100,"trucks_count":4,"drones_count":4,"x":[0.0,11034.39526938539,4501.264830636004,10405.214620942394,-17965.208519951542,-19295.407784804567,-23908.201287082906,16311.796508204872,-19347.27155663917,9543.679967749084,-3159.3507843792404,-4636.646529843412,-7849.920196501041,1090.097978590169,-3436.9797326099856,4047.228630356715,3060.0421973046514,-15487.916265015301,-20253.07361904737,-23158.053023951867,23206.19063239629,-14560.425041236631,18830.092782902146,-17746.552610774357,20609.367756700372,21457.095120682254,16071.36322949498,-12060.253985212965,23300.74106589139,4996.724068879403,-17640.280534665657,-20172.45860248286,-22340.691735613458,12293.050533987509,-11942.585157050427,-23441.154079862557,15056.577758559244,-23063.78089905398,3138.1095132277123,11687.955413033456,-7776.305574216736,-9112.048856272124,-11278.472309518014,11208.461611961697,19288.139076833562,-18184.541931527394,22743.708574631022,-23208.011601186547,20131.877510704046,-2111.662847293526,1100.9879811875028,16076.768732065124,-9262.128967545666,13733.953218089646,572.1707506333806,2745.157590613092,14061.058865835641,5894.404338112526,24093.626671294114,974.7784129846037,7283.685482031804,-16036.223023525765,21570.988692496132,-18282.797327790824,-1921.7080905620826,1545.7765272378256,17246.76529861976,13669.07157923842,-11585.52214092836,-21948.944081159843,-18477.63475453001,-12528.257711146098,9411.908406383975,-16883.079660690502,2456.822068921881,7724.181989571798,5138.090769271673,-6094.682924421001,8599.143186211453,-19737.01638168862,4012.810750540984,18462.81945978408,-15381.842669360814,12096.228739629223,22596.924168521175,-18359.917020103203,-20333.01989596039,6604.477805165655,15586.81514643979,-22926.70450265583,-19097.61925961229,23115.398225053363,-7284.995646069604,-7956.0874212777335,14260.57202318866,-23413.87154728934,-11264.367259525408,-1599.6281735576447,13827.496377987081,5098.874845579753,7195.290184959116],"y":[0.0,15364.45513112316,71.72623300011861,15871.59310921988,-20718.654088891002,23095.327226524467,-20611.006868803244,-23007.25315464297,-6129.482292891805,6007.967767346276,3263.324356954604,13799.129259374278,-1302.5464315347917,-21627.612105634056,4663.445766146268,11031.933294063287,-635.4703952868739,7108.3039185065245,-18967.854462812404,-12217.473809215728,6132.0372086690195,23504.43459799037,-10821.98357156147,-6580.782719834776,-16735.650260827657,-21631.55561155631,-17309.24025411976,21053.305378695903,-9068.90322262887,-21493.969132625505,-1177.8371083193028,10964.720539552962,12721.259985461296,-5852.551940433172,-5230.16641298072,16407.564833957862,23992.481574991016,-17775.022465996353,-14853.590165907019,-23426.77193787215,-12765.70706124385,15119.631804550747,21972.330868967845,-10105.186713774598,-8293.84482717027,4495.407660462479,-6947.924060129481,1388.3416094868971,-17871.97879895551,9965.181153252073,-12923.032326519691,-9664.745452977937,17887.307631316395,-1996.4654723923481,-5690.551697321348,6523.498520516878,-23542.206030130408,-7429.565838723531,-19126.8867120114,-17373.082263927186,-19544.27490757716,13943.245485012048,22827.21708104071,22785.819833345995,-20773.36468217083,23017.99099774816,-6916.456523960573,-15476.154398763518,5789.198760470327,-8219.651141009132,-15969.45405503737,19668.026572929317,22831.57538558685,-20754.10686242466,-6681.356791841782,22363.527262847594,9542.995573690765,-4391.326081790325,7391.401335587837,-12188.606011835669,23739.443985069083,16699.64194210771,24100.65813370876,2303.9782601918173,22022.57114190423,-20225.789052884338,-9734.465936996925,-14741.436117394389,-6805.88777577321,-22110.131860917085,16276.798390903668,-20127.520588988387,-5455.867135945827,1091.1130101232397,22843.103170160466,2655.6013695890165,18592.780714499433,21025.055799016765,2743.989718948498,7062.556498266181,4106.858981048788],"demands":[0.0,0.7620323656624458,0.8737153124333515,0.0359031434110755,22.75743404110466,0.6684506087158236,0.07109581531891936,0.36317943683626763,0.23338066048467587,0.5376146063525257,0.6032627112351646,0.43220324136244614,19.47273019720733,0.17014180981846333,0.877611905842029,0.9543608371878258,0.08041469202422465,1.0772135046562297,0.3359387954706884,0.30967028260975704,0.6449765134355403,0.5727562305282397,0.6306725716807353,0.14930281831662057,0.5740011691330008,0.5232008748610072,0.6218055158768926,0.9916168990324075,1.1031397201025002,19.587921833249492,0.5032470558674065,0.8524744216247054,0.4017837660402577,0.011936292399037284,0.8838530152533961,0.8787695298725119,0.8333681894759551,0.42298456661755096,0.7920595064765513,0.4084798015712611,0.6810339533214779,0.6671696038503414,0.8410118815168361,0.16790982642387142,0.3891206392393091,16.509125456818623,0.7813785459175852,0.5653571831666253,0.07389915771986046,0.876938627044104,1.0806798642558428,0.18411101025249413,0.21033409759274263,1.0398273885421796,1.7701598974662978,0.7116726885097775,11.403494349717816,0.6578417539986869,14.569447483901255,0.7285092863343756,0.132844637001784,0.014728326425152375,28.418526920885324,0.4689491844478479,0.010539361500665352,0.6329056594717611,0.9113380859851895,1.1115102097248284,9.394398424296671,0.623654941201797,0.9633271934216989,0.2996302358457417,0.04019376006453931,0.15896786165627372,0.3993936046610285,0.3355100902474532,0.18150603741874727,0.6223421288932756,0.4662999122960904,0.13057899548969495,0.5760036443770457,0.27347433779367547,0.8256478701784866,0.9630523676122786,1.0484610965394514,0.6016002000820437,0.5174915588663154,0.5280320475223778,0.6322054738559534,0.12089226229488553,0.682505389052938,0.7946989738606847,1.0996881638045397,1.122465052554542,0.5378569852207591,20.891617611835787,0.6283164383257852,0.4664975801094726,0.7815350931497727,0.7061168014204445,0.8481349912461374],"dronable":[true,true,true,true,false,true,true,true,true,true,true,true,false,true,true,true,true,true,true,true,true,true,true,true,true,true,true,true,true,false,true,true,true,true,true,true,true,true,true,true,true,true,true,true,true,false,true,true,true,true,true,true,true,true,true,true,false,true,false,true,true,true,false,true,true,true,true,true,false,true,true,true,true,true,true,true,true,true,true,true,true,true,true,true,true,true,true,true,true,true,true,true,true,true,true,false,true,true,true,true,true],"distances":[[0.0,18916.24593933298,4501.836261795953,18978.302324826353,27422.825245048316,30094.964716412927,31566.05285634438,28202.985711568086,20295.010959967804,11277.300387073448,4542.112200006832,14557.282004537396,7957.252936644591,21655.066820370128,5793.1473394139875,11750.898339745823,3125.3289223010006,17041.23043767617,27748.270107179385,26183.240558399917,24002.69076573747,27648.949765817102,21718.372927911747,18927.409510354504,26548.597495605332,30468.526862877035,23619.875406724805,24262.963412503243,25003.39056770353,22067.123974246773,17679.558750020828,22959.816693070075,25708.69430452286,13615.11864240039,13037.637091930148,28612.862289124234,28325.60159865672,29118.540709078166,15181.46475587056,26180.56426370776,14947.715717027982,17653.12154448251,24697.92018474353,15091.203074210673,20995.71792210147,18731.95812757499,23781.29366693643,23249.500960352718,26920.254796273875,10186.459414230743,12969.847302377631,18758.192811013658,20143.058539079866,13878.304845301884,5719.244529460796,7077.564775011711,27421.685600881716,9483.799399665064,30762.650104791253,17400.407475217417,20857.390916989378,21250.28337494742,31406.836721273805,29213.93954273848,20862.062271112947,23069.836034193537,18581.93434800348,20648.362472910798,12951.41480943964,23437.551304643035,24422.25315030873,23319.273370976753,24695.441976970094,26753.903088823576,7118.743095394853,23659.888821466448,10838.299740861401,7511.917511916708,11339.227365243918,23197.23975309997,24076.209229027107,24894.853753319876,28590.956723811658,12313.694228170052,31553.36149411231,27316.095910595483,22543.103716393503,16153.298916386879,17007.90742054131,31851.08648475339,25092.891966515905,30650.264601842373,9101.518981375955,8030.557555728866,26929.004379500297,23563.989464161798,21738.846898005653,21085.81944448467,14097.132178600757,8710.81104043061,8284.835033722162],[18916.24593933298,0.0,16629.773013520098,808.1195562558664,46292.200108895195,31299.57406517547,50151.95828894679,38732.918307344546,37216.05869937106,9474.496709538145,18652.072084685078,15749.025244691897,25187.423681368444,38305.37934881319,17998.119231678065,8221.389366168953,17877.02222879613,27777.635644046364,46450.11508595525,43930.47147894552,15277.111737951847,26858.035900900297,27322.19741623486,36193.04387883932,33497.71431466913,38436.14812988781,33059.664492532516,23784.99193466815,27339.57277724589,37349.65746472002,33104.14573739291,31515.478626484444,33479.58950120645,21254.307849223933,30855.794691786537,34491.3261673798,9519.495380129125,47549.03356982046,31232.700656783847,38796.73231574689,33840.0427185955,20147.931639984145,23270.755925849833,25470.23664591644,25056.72452168431,31175.02981667155,25198.219842969986,36984.783052756386,34459.02963694122,14211.650273462807,29980.902705214274,25532.06634834524,20452.718177251187,17569.552564592577,23511.09215724826,12119.157358735849,39024.21011683227,23366.362548487905,36880.837666036874,34248.24442201239,35109.646207613776,27107.8994320603,12911.724009019003,30241.93174754752,38390.13721168168,12190.590506433611,23130.770967734206,30952.943566527527,24563.106444689416,40547.63548430975,43043.85880725657,23952.439179250174,7641.357766472791,45650.14706387235,23655.709360576213,7742.384817544002,8285.879442574713,26147.58518682058,8336.668371424117,41304.36966408616,10929.002125491323,7547.463797377735,27823.351159391997,13103.569987398954,13342.51038434557,46159.40939883503,40173.00801457225,30430.06501155337,22632.91035961505,50573.718154299575,30145.823422149115,37491.74539724506,27732.398071891723,23756.403939306267,8144.8384231105,36717.81652828602,22531.242673075933,13844.16657940057,12925.84856103339,10205.484976797841,11894.20862972552],[4501.836261795953,16629.773013520098,0.0,16866.902988774353,30610.167244586202,33111.445608361384,35140.762849634484,25925.43052838491,24641.584263126893,7788.768450087827,8298.875236189853,16490.694887738515,12427.405076324752,21965.82217052244,9170.584224409065,10969.607453894736,1605.3814966814118,21191.52628762049,31229.519771425075,30266.521139019616,19662.187527616825,30206.619176765482,17999.672880128815,23221.138134765737,23280.010405538007,27541.470978310193,20879.77904542247,26730.330505529026,20903.861211868116,21571.386057917727,22176.777036072683,26971.280151610004,29673.242769523476,9788.207002468378,17277.449697424694,32367.242659304928,26146.073646682966,32838.0600097666,14987.436806434409,24572.91065001473,17763.401381218617,20291.91394690172,26993.26930242662,12188.356976625544,16989.244513386137,23113.08689513138,19546.412560637757,27740.538502789706,23796.903223489684,11900.053055872653,13432.260892087706,15125.844487626242,22512.795237461265,9461.498390322515,6974.35496915532,6686.499703763556,25475.624799465768,7629.562270051671,27430.774351221655,17797.6810272672,19812.353858853898,24783.2091085634,28446.227104053996,32172.09251081333,21812.207508828316,23135.815908790442,14535.559171358249,18049.5227836996,17072.61570969339,27719.316193511644,28024.084127379887,25961.88793238608,23283.581206003037,29849.71546668772,7055.769025863382,22523.5784938289,9492.654539170053,11497.519071193312,8388.69779075014,27162.658612173607,23672.757570252812,21712.037870542532,31188.58015596932,7916.212850335128,28448.06635058967,30571.600586055043,26700.245368845775,14961.727294512997,13045.727279760702,35275.03834507735,28627.114663336833,27468.08209906138,13018.07299400214,12498.990940457303,24774.57738272942,28034.46539029509,24322.512499924695,21823.44875015694,9701.52498389503,7016.3270681832555,4851.810889153717],[18978.302324826353,808.1195562558664,16866.902988774353,0.0,46300.40063770757,30566.4735598706,50083.835839855325,39324.95894975632,37003.48297926272,9901.17906329868,18519.337881376792,15183.961712558292,25063.9385605764,38638.863723023176,17810.92112681333,7990.387536466884,18067.50407429834,27335.864071168668,46408.16463652361,43766.29542640272,16084.897761122798,26106.386822662047,27991.527433432784,36008.76530287978,34166.60740271865,39097.701039232306,33661.14886244846,23055.312223819274,28077.08958512865,37754.96009401912,32821.2258952339,30968.879511108044,32897.09686131856,21806.01757710353,30736.109217824556,33850.61210555206,9358.632833457863,47458.06992265826,31572.895083230975,39319.294491562265,33921.41856792285,19531.743891489346,22525.569473632273,25989.195749405455,25746.35386897713,30769.981720729193,25941.642139375857,36600.73156460858,35117.46881671955,13840.44521496442,30260.52027557466,26158.576283861174,19770.369467013843,18175.478484047246,23698.414301671633,12085.666971550876,39582.98573554007,23733.761137354675,37580.13057797095,34556.35350754319,35553.16654741538,26511.660628223308,13155.045247141887,29509.46561297374,38662.72048198641,11382.47100226243,23792.898557332675,31517.202224634355,24191.882504955887,40338.314724899086,42989.199487344275,23245.58152103408,7030.505708924694,45673.766028366015,23912.601142510874,7023.755763515123,8233.695430093574,26131.064141150062,8670.383298616483,41181.6568939286,10137.351954377631,8100.04077820426,27068.2440300557,13672.589419753853,13655.486532932066,46156.83911711982,40006.36600710511,30848.065721732706,23261.924324850297,50533.43709039807,29505.616385764755,38177.02128645892,27709.278225897917,23571.168928278224,7966.538346662927,36309.68227506644,21839.771996461535,13064.242351387547,13566.354823491296,10283.791510173583,12194.776914371014],[27422.825245048316,46292.200108895195,30610.167244586202,46300.40063770757,0.0,43834.16919244383,5943.96761045754,34353.32239222316,14654.488456802466,38354.28609262658,28184.19261683771,37001.72877044984,21893.01930818544,19076.9733036865,29245.861668763035,38634.792460409146,29075.684600616525,27937.010735972315,2880.907156146778,9961.711709855197,49153.26775829674,44353.964011627024,38102.99575225505,14139.562130935945,38779.66289716305,39432.87224543012,34206.904553787834,42187.262127555194,42878.84432289781,22975.018207415153,19543.518272404825,31760.166573447957,33724.95673341338,33712.95350549499,16618.220201278684,37527.884449864876,55583.48694871261,5887.309014843003,21903.17344199687,29776.56853165678,12925.289538813631,36915.595238471586,43211.48733635598,31044.302515733012,39270.69890334313,25215.01570583774,42974.98035530244,22720.17259962402,38203.292060155,34537.40950856093,20598.33895444009,35791.69053506601,39574.788363775544,36815.176238695996,23863.74429365629,34220.668363255165,32150.493747854212,27310.82188908703,42088.945591763906,19233.199314097063,25276.190669974265,34715.53351335337,58816.271438861586,43505.63312838309,16043.593714527828,47891.25871123335,37820.41456437413,32065.736860315454,27264.75125465273,13118.506916291783,4776.764763670031,40751.00500573233,51440.538668232526,1082.7094565010636,24781.143007912833,50159.93555393469,38072.69202917305,20186.406757162105,38676.09077370666,8712.119334340452,49593.90905552812,52221.931220090424,44893.70253415148,37864.64855762886,58924.51902618157,631.4354629016522,11236.499457952514,25286.293140621325,36322.21577207962,5152.926622457713,37012.77966146348,41084.8596121789,18628.46243259027,23996.842418975906,54186.046424436216,24000.911379023943,39878.44254605044,44837.144593295445,39512.93129066686,36107.44525967119,35346.241586137025],[30094.964716412927,31299.57406517547,33111.445608361384,30566.4735598706,43834.16919244383,0.0,43949.07853353772,58252.21811541698,29224.8555393691,33521.19979485603,25567.179612534554,17357.954319976696,26949.12661235299,49149.87434101263,24315.098076217284,26275.542772322606,32602.40634784423,16434.168854078875,42074.08201827153,35523.42811769834,45761.76434805465,4752.623530564343,51028.7934926171,29716.501373790998,56381.715818302684,60508.35100606458,53696.718384607375,7517.799128119478,53375.7399695488,50777.09148622903,24329.5284179633,12162.271035081727,10811.800287794546,42846.3581558905,29264.27156990008,7868.505459260688,34363.698821524566,41043.70987029723,44083.81822867323,55895.210042642255,37665.68061148589,12934.933959298516,8095.206929658652,45086.1417075687,49739.02100605395,18633.062840229806,51670.922695024514,22056.783382946905,56857.98966511881,21625.95260290068,41392.45323890995,48212.16893593222,11304.430632673519,41479.353286965845,34976.384922974896,27575.569418043156,57338.58540006774,39576.45425543686,60541.91656120586,45261.160117477324,50245.23727719545,9715.085460842685,40867.27595632044,1058.8554028221772,47183.76384780839,20841.327798890437,47286.75900867831,50738.7041075385,18945.828541534356,31427.203582806604,39073.33987906983,7585.559299718747,28708.527791136792,43915.73973986418,36875.60731349351,27029.49801166165,27940.321129515385,30492.21616955778,32011.23650005792,35286.69668475496,23317.116839139093,38296.06396108223,4040.628929480937,37652.556825825086,41906.06497996116,43331.21575336769,32846.18635477813,45852.20533319274,45944.01087452707,45351.07327461423,6821.396908470439,60554.859752861994,30974.5169335347,24754.10328789892,33556.92771767192,20850.518863317906,9207.091669556949,17816.471026367064,38875.48994578394,29191.27887359452,32593.235574804166],[31566.05285634438,50151.95828894679,35140.762849634484,50083.835839855325,5943.96761045754,43949.07853353772,0.0,40291.31691711447,15182.774254027903,42750.41719290411,31630.657417460396,39439.19739448292,25113.443333037787,25018.961856633916,32524.89612479374,42222.99994102302,33560.51569982194,28970.00846351833,4007.4815157343382,8426.987577958515,54175.23726271912,45094.93426708261,43845.03115663691,15323.612631509348,44685.93002732506,45376.77421215313,40115.67326760267,43316.149070814165,48599.427925290256,28918.408189129066,20418.984242571187,31795.948401838246,33369.10397115647,39094.02288439097,19487.07834691389,37021.51785119349,59226.0515941372,2959.0291185932724,27652.319522922255,35707.350850258095,17938.41655111402,38673.04832517819,44416.78406791538,36654.498636524026,44918.106611868265,25750.579157249318,48611.52667405291,22010.48838770922,44125.172127513535,37549.86500531387,26164.183541990602,41456.223494377205,41190.14024908433,41993.248828710275,28668.94831746017,38035.285225515254,38082.23529525773,32587.508184585076,48024.7654860013,25092.764584653356,31210.122032673542,35439.58799863601,62890.667202021636,43759.91016354572,21987.092648647704,50511.3298321424,43373.63235674104,37926.483437817464,29134.503232541996,12545.29336331747,7143.883074873322,41855.74812127619,54749.31655202752,7026.578931014772,29818.611768981977,53361.20552980046,41868.25701560768,24091.481508813213,42905.27135388809,9398.703086619838,52407.49377853212,56456.956292582436,45517.37886318653,42678.04499986468,63090.004498625254,5561.641041357832,11449.06391897115,31072.100768894543,41838.23175346886,1791.8458861802296,37200.15962762907,47026.08499610138,22494.64883268574,26934.21511807815,57836.96858661652,23271.858989141092,41192.27475866243,47235.941282461354,44378.35895888292,40090.35513932615,39729.08347700299],[28202.985711568086,38732.918307344546,25925.43052838491,39324.95894975632,34353.32239222316,58252.21811541698,40291.31691711447,0.0,39451.59419484791,29794.13443376118,32699.67614032839,42350.289870616376,32478.96008271512,15284.093546906366,33995.319409806114,36181.291288732806,26002.031769619185,43796.90069269088,36787.31397118287,40918.068874448385,29943.795905280484,55825.004800682844,12442.773442425341,37812.697280885695,7602.770645863769,5326.034316601456,5703.083304322333,52405.21030843053,15592.400227601058,11415.817659654353,40364.17892697075,49851.73886296129,52635.933530632065,17619.139960681947,33381.65508638687,55980.57660949788,47016.493263166965,39721.68594274731,15492.845096221445,4642.833454139626,26174.910282871708,45826.09812986952,52767.280699039984,13874.701636712598,15011.428969181257,44117.9523284942,17299.46657547931,46443.086427354945,6400.317302590266,37770.428628917565,18249.937143890103,13344.577543877062,48232.67322174636,21168.336615261167,23400.93947580765,32497.984337805818,2313.4378128166927,18739.96802926992,8695.638240880697,16339.15559871143,9669.488458060165,49109.40558940185,46135.21176083494,57391.56258859656,18369.837986784194,48335.89189583173,16117.93730131216,7981.318407443083,40093.590893192755,41018.98881932962,35494.15647329803,51506.584309208905,46355.222551059305,33271.25594386895,21412.501226202185,46176.34501357576,34414.682799884424,29130.792322668713,31361.811428578003,37637.216113457755,48337.55004278953,39765.11559096218,56777.12629456464,25659.880111699145,45466.338162253465,34783.10310392724,38974.471770889824,12749.735985330988,16217.578059455933,39248.75524389242,52887.27097186339,7387.953435911413,29408.497941060286,34200.3134813994,45896.216586984294,47293.877032732344,49909.9952520382,47535.916588627966,25870.799304847453,32092.414442892205,28605.69461573424],[20295.010959967804,37216.05869937106,24641.584263126893,37003.48297926272,14654.488456802466,29224.8555393691,15182.774254027903,39451.59419484791,0.0,31336.955403314558,18715.597657845807,24769.982783201584,12469.498711180193,25649.134511950506,19225.625659867128,29014.079753587495,23071.0181049451,13788.894337316277,12870.286607129412,7182.318295261353,44284.78299326787,30018.04340488789,38464.6684135506,1663.1215286350748,41340.341365068336,43649.86388426141,37141.17227801502,28142.575764931236,42749.18918592144,28787.107858616462,5237.614760842786,17114.108336030567,19086.933981464375,31641.533977016847,7459.09845276993,22905.85879882692,45726.98934940848,12224.199262759443,24118.50783189404,35530.00903632645,13338.917982447689,23585.68705067208,29237.260888708624,30813.293480460055,38695.98713040987,10688.321977841113,42098.93651076403,8451.21233425999,41188.46240485829,23581.865893654627,21547.242055208015,35600.010055993065,26048.345423575298,33338.40519033062,19924.277700847462,25459.248792744253,37673.856844855276,25275.134405217934,45343.623151263586,23225.078154369094,29818.86204553346,20343.97804841682,50127.781323815536,28934.88901716221,22761.668514002155,35862.16191843105,36602.49802683439,34313.833850514166,14223.21032833518,3337.2901789454695,9878.32538679531,26683.52325887917,40814.62108119735,14830.774946031755,21811.0766422665,39302.864916544124,29071.627589621716,13366.08740316286,31045.392429059542,6071.645680548309,37918.94252740302,44167.54346810848,30489.11308109915,32554.83017590244,50515.87540195825,14130.843331260501,3737.3261648857965,27343.354651785172,34940.6344841577,16376.61444960637,22407.671462033642,44710.43950944847,12081.070214280446,13486.885205103252,44372.26451850348,9680.647211872943,26010.067860021536,32439.910367292185,34340.992022089566,27778.480184958615,28448.02746207787],[11277.300387073448,9474.496709538145,7788.768450087827,9901.17906329868,38354.28609262658,33521.19979485603,42750.41719290411,29794.13443376118,31336.955403314558,0.0,12996.155498443542,16179.735998253615,18867.4572883005,28899.624969250166,13050.105963870057,7446.556715554062,9282.932153100342,25055.76878895745,38879.79192825954,37437.54881560994,13663.073991158388,29784.79863688924,19221.985460493972,30053.84223387092,25292.718463107598,30097.719402290935,24213.691141211773,26326.64327413273,20410.01638672479,27875.28190344082,28117.672384249443,30126.70392807692,32583.45364328327,12175.014014329628,24247.788535621337,34585.41450230655,18810.496509908608,40359.34995288408,21822.83052792008,29512.739938867275,25542.763471158396,20761.951726229905,26237.814594552565,16198.927287180868,17305.962175426466,27769.44593924142,18495.834349056942,33075.886178076435,26122.05534061334,12308.79985692177,20728.2853254654,16979.84653902849,22243.58706042084,9034.895760436433,14742.568816118828,6818.04066208786,29893.468911619395,13924.242242769073,29042.41482340075,24901.79861817531,25651.991751005433,26782.4582422808,20677.120269432766,32493.21711723493,29132.368443008923,18796.47173654017,15045.872087599228,21876.6167676009,21130.33463122884,34557.35101664057,35611.811926999726,25957.034489190395,16824.123663267186,37610.932758291885,14534.184278678413,16456.4546395472,5648.507570798642,18780.407517087926,1675.123329613388,34474.25816474064,18574.06156869115,13923.467453821944,30799.79096400078,4498.337859914163,20660.46237162647,38299.0955737009,33770.42217209934,20956.54243725873,14167.370139438834,42952.92067323079,30426.51645861815,29449.19842847596,20362.314053296446,18177.38483318415,17483.44516088739,33127.61027196534,24317.73727811285,18699.899713181723,5385.595207314315,4568.199860497128,3021.4481940370606],[4542.112200006832,18652.072084685078,8298.875236189853,18519.337881376792,28184.19261683771,25567.179612534554,31630.657417460396,32699.67614032839,18715.597657845807,12996.155498443542,0.0,10638.871540789321,6545.885537275566,25251.06993324694,1427.381446345917,10596.51224123395,7340.398461985871,12914.23225124448,28043.192972001456,25290.377678650628,26521.147931891963,23231.165231217725,26113.818714231944,17598.09368264869,31063.016061673094,35010.347865215284,28161.157223385682,19892.448379838206,29192.81243387484,26066.168455320847,15146.657769731384,18675.045938143205,21386.359836130858,17940.900400290357,12218.207376871993,24168.62848061447,27595.615804897563,28962.016076798613,19180.21371175541,30541.835922990194,16680.71100813741,13266.749437109342,20394.780190198806,19625.267419952717,25247.929828398548,15075.62264966599,27843.097499951607,20136.14563044989,31451.269529001725,6783.253978113565,16737.641084753963,23176.783276835915,15846.286264035038,17693.193865685553,9700.316972223085,6744.772399948984,31860.303951063488,14011.009333908656,35271.04098140978,21046.43205968342,25084.72823598147,16729.451693490442,31533.087212657276,24695.069649165805,24068.53089411923,20307.266608468177,22804.33100041035,25186.581016174427,8796.613281954864,22020.616307116798,24587.590146961586,18891.550275115744,23258.396461512893,27661.846226311674,11420.949201768768,21983.380920321368,10405.854454419277,8198.161264072576,12462.07045389888,22662.328847189514,21695.883851731975,25456.88269047639,24157.478899965947,15285.713969151728,31863.69469142033,27978.485710754736,21537.814728509882,20481.7906557189,21279.28029985209,32164.585392380155,20576.173318206525,35178.033810800545,9645.996361945163,5265.660879611143,26207.278549969466,20263.635867349392,17340.228495618576,17830.082401454227,16994.78405228574,9090.239568839017,10388.943173679703],[14557.282004537396,15749.025244691897,16490.694887738515,15183.961712558292,37001.72877044984,17357.954319976696,39439.19739448292,42350.289870616376,24769.982783201584,16179.735998253615,10638.871540789321,0.0,15439.745345381485,35886.621551882905,9214.114895790211,9114.113303463711,16358.382699794985,12748.223351018583,36298.04426250084,31935.96927836338,28879.194617526715,13880.717980672318,34013.04236621633,24232.425584970624,39619.86872395864,44002.46338271946,37370.47393305227,10379.45175919974,36103.248264834394,36584.2127590538,19834.415013062375,15792.255366076397,17736.82662765792,25938.450544547777,20383.592249905905,18984.55794443158,22174.92986017366,36557.98597075154,29688.805331187767,40648.0054681719,26749.72873986103,4666.149692757515,10531.622583373039,28678.977913615385,32565.24021582194,16434.862500338357,34352.93389347482,22336.58995244576,40206.204356909635,4590.7189717495485,27331.197734545047,31298.54610567761,6173.191247831812,24227.664931416148,20173.73146582401,10364.643492228533,41760.980690913064,23697.26836476047,43698.41102328488,31673.251508843245,35410.12449447208,11400.487433518241,27719.064083459492,16339.462631085298,34678.9306073192,11099.989486841128,30133.357058263966,34527.40286719516,10604.04917263226,28009.6829119079,32828.97359929154,9834.708064498667,16701.705865543536,36659.25873387377,21674.122950092464,15037.918567683699,10661.152058624883,18248.79545742175,14705.274786718412,30056.339667181783,13176.606850439897,23280.857003741396,14885.588239147512,20300.92636501434,28448.064422349897,36688.1890954665,28287.916850047695,30674.529309196245,28871.354820839522,40298.89892855769,14671.693038516472,43831.422039573394,19436.27122740384,13134.396248893769,20949.90055203224,21834.88935594177,8179.595121024021,7838.207374950369,21520.70360325314,11838.99442592254,15294.928230338439],[7957.252936644591,25187.423681368444,12427.405076324752,25063.9385605764,21893.01930818544,26949.12661235299,25113.443333037787,32478.96008271512,12469.498711180193,18867.4572883005,6545.885537275566,15439.745345381485,0.0,22204.328848839574,7420.721423193185,17137.13921019471,10930.337134434174,11361.399013916793,21584.74745423592,18800.919401000752,31933.603832325913,25698.583289170652,28327.420921150617,11216.198618889204,32374.554276606945,35667.48885249725,28782.669227797684,22748.8685602903,32104.205252441454,23931.77426718198,9791.15457780152,17387.662054078388,20165.55494451197,20650.467790835246,5672.398540120575,23595.22441177049,34125.44637680372,22423.292001456768,17446.133760600096,29516.265644368217,11463.396998059774,16470.607358915975,23526.04690433831,20993.05583033719,28024.14163502314,11849.923124602414,31110.133557335892,15592.044447216933,32519.641632488467,12644.733383140228,14668.144042139575,25345.863874774426,19241.74712874435,21595.0252422251,9496.641834584167,13172.040574889403,31220.08107823493,15048.1501763123,36580.012205154424,18334.051038667527,23702.03954572215,17304.615717732595,38050.43189015721,26250.605984388934,20353.291186496168,26072.354281376858,25716.91290506788,25767.38577840275,8015.458299781547,15704.42014408719,18112.605995916183,21486.08326420835,29671.9827884664,21446.70541370017,11625.856399336826,28330.82602061184,16920.821795472708,3552.6634528381196,18605.279195592564,16118.602572858528,27709.667438408367,31881.641338857524,26496.276310470133,20269.58010749912,38354.54916437735,21645.996039420028,15064.03148739523,19736.59994982139,24074.204649089777,25695.622903820753,20869.693303939748,36238.52365890548,4191.564459884822,2396.012729986096,32739.67411085219,16059.374697205558,20186.195555228383,23185.943408405892,22051.86713548448,15415.7789316006,15988.121288634416],[21655.066820370128,38305.37934881319,21965.82217052244,38638.863723023176,19076.9733036865,49149.87434101263,25018.961856633916,15284.093546906366,25649.134511950506,28899.624969250166,25251.06993324694,35886.621551882905,22204.328848839574,0.0,26677.971373786044,32793.14756784577,21084.370842217337,33175.0422156121,21508.26084472545,26010.06593224629,35492.52997920583,47768.61428231161,20771.832458244495,24108.639115287275,20122.951656297544,20366.99752386753,15591.236126937434,44660.86065086614,25515.364687959194,3908.9113386674694,27731.21664641916,38914.73319474072,41579.405004901884,19348.350554354536,20945.812348952386,45259.883035436644,47710.119522731155,24459.19687494559,7076.844246266247,10749.491071800741,12535.807631621326,38137.16999247197,45320.37685589574,15334.522148671704,22560.098617904736,32464.194204762993,26160.506358981333,33468.3769335686,19408.61018424205,31754.619479453446,8704.586591166939,19175.778441103594,40848.46979461945,23350.567304741347,15945.474062305811,28199.720775304453,13111.502440001686,14988.85844197212,23139.057020768218,4256.092430409111,6534.5864477865725,39479.067628321,48945.87543860453,48454.741864449265,3130.609279146137,44647.92850070907,21850.766518324137,14002.535797676881,30205.179414830203,26656.53533863386,20369.362209955296,43483.20808729079,45231.31527134349,17994.391511330774,15008.613614993119,44488.55373691011,31432.356398014337,18673.795343208214,29974.804436925308,22866.2093188813,45461.1045651591,42080.75396785654,48604.52168051843,26341.14522504251,48660.88850717354,19500.466438539814,24502.997883023534,8822.006835904813,20732.542554038442,24021.649126099197,42945.17740538111,22076.324999989556,18211.741503394267,24453.50570315276,46380.016210650756,34498.101095690574,42075.085382274054,42737.39236497681,27499.387147370297,28968.881001680646,26448.749951330847],[5793.1473394139875,17998.119231678065,9170.584224409065,17810.92112681333,29245.861668763035,24315.098076217284,32524.89612479374,33995.319409806114,19225.625659867128,13050.105963870057,1427.381446345917,9214.114895790211,7420.721423193185,26677.971373786044,0.0,9827.054910477264,8383.901624165748,12296.438618283892,29003.78189320591,25959.317738960668,26683.6145962986,21879.531432269803,27122.334711160383,18198.806285040922,32189.255013875576,36209.695666419204,29383.232907090132,18519.944842107147,30057.995978576593,27483.407976409042,15357.549911792574,17882.458353759223,20549.420855233195,18921.418021724938,13047.179219557021,23196.7955544341,26751.13631191737,29811.007709099686,20594.817070413363,31903.35395877791,17961.211458032474,11896.984324948407,19002.2764251124,20799.073477062942,26159.55665570375,14748.519505899549,28640.048000718383,20040.45928578578,32608.83917107613,5464.875383885241,18162.526329651613,24209.16030667727,14450.013364643386,18417.257018965538,11103.087456684485,6455.8979338454155,33192.47125547446,15274.673755954642,36385.631894856095,22473.810926396825,26475.39240240732,15647.862931593812,30908.268685432493,23426.880754827223,25481.902871112445,19018.86407238803,23704.671386993385,26423.862062272896,8225.938437916528,22553.647376004126,25533.073816511158,17543.910067892444,22252.5248067983,28754.992347453335,12784.421956250993,20925.210058170607,9866.196857784082,9436.751531853932,12341.393620893305,23445.316033039322,20479.08900051936,24989.422223281046,22814.13980844967,15711.38607359958,31290.627768464736,29020.13210106565,22198.55929138325,21849.034541533307,22213.74312212959,33116.06604904221,19496.80972830341,36326.585141298725,10826.251432545154,5760.546469001968,25371.30823344551,20077.540827904926,15977.933771296086,16464.4509054897,17370.850494161215,8866.597187477037,10646.828281201402],[11750.898339745823,8221.389366168953,10969.607453894736,7990.387536466884,38634.792460409146,26275.542772322606,42222.99994102302,36181.291288732806,29014.079753587495,7446.556715554062,10596.51224123395,9114.113303463711,17137.13921019471,32793.14756784577,9827.054910477264,0.0,11709.092445781773,19925.279259270406,38606.88999220193,35786.342095054366,19775.61141009952,22401.072830077228,26384.214123643156,28021.00401792373,32331.76686972448,37013.605048664125,30786.391976755323,18970.47428688944,27834.176290597738,32539.758300550657,24888.28131996718,24219.780494689483,26441.939526272523,18790.407672542027,22806.35946041797,28009.080643180547,17005.339748705774,39558.15387332719,25901.483014796708,35295.652310574005,26572.987178096126,13779.545097090033,18830.013499608933,22317.282541621586,24612.416606840474,23172.781224423135,25939.03685150571,28911.01832620161,33077.969464358255,6250.592321004312,24135.46585102781,23938.72064703623,14971.144143742331,16234.894753473842,17079.740383112137,4692.693586828517,35995.10947328468,18553.679104835563,36213.42980959563,28570.69931219589,30747.018732599412,20293.367611291178,21123.70437046412,25234.577628125146,32360.549824367557,12244.298342504619,22279.41797526505,28200.329339629006,16488.45541786259,32348.485264502277,35163.11120029034,18690.341210866678,12961.918939237758,38058.24685909934,17784.544939302712,11913.228272774428,1845.783232469685,18459.01676037459,5828.670437113711,33239.791763033085,12707.557300774906,15489.744358141872,23415.387686388494,11872.809348774668,21561.19952277684,38459.39914402972,32025.612487956663,25899.924597603043,21244.997469561375,42731.598980159826,23731.679117455158,36530.90004341719,20006.670639340136,15585.23352898567,15614.612294320004,28710.18912295213,17076.632642595876,11478.218030814782,12819.65857266196,4106.325840578831,7607.032653560711],[3125.3289223010006,17877.02222879613,1605.3814966814118,18067.50407429834,29075.684600616525,32602.40634784423,33560.51569982194,26002.031769619185,23071.0181049451,9282.932153100342,7340.398461985871,16358.382699794985,10930.337134434174,21084.370842217337,8383.901624165748,11709.092445781773,0.0,20099.5722278588,29657.67480207959,28662.367664084093,21252.4458813179,29886.717430807923,18773.905991101583,21639.34209129292,23815.848069981148,27915.715120240147,21149.68265265563,26439.106475468474,21927.350043771778,20948.214870180313,20707.426756097248,25967.54749946301,28698.42383816398,10605.016869103096,15690.444832083473,31508.38704132946,27394.395115109965,31244.493568537837,14218.334090796814,24369.74173977225,16265.57944241408,19909.370807333213,26771.359253246766,12492.888621523549,17944.4093597505,21855.39440115398,20671.08592514369,26345.9003526373,24259.941939699074,11794.928839203032,12442.751771033943,15841.811062759818,22247.004473382152,10760.329180816949,5634.123827654194,7165.890611290103,25411.43256854889,7361.6127064503835,28006.14491897942,16867.008511157095,19374.778725978533,24025.118149611197,29885.662846248888,31687.120963694873,20744.942088142205,23701.88254952213,15514.957270388444,18242.735708160155,15992.777386878757,26133.67927139632,26438.65698856667,25597.40383660362,24311.487861084664,28328.21284055333,6075.904611112144,23467.170542711032,10388.428916303468,9895.22329167943,9752.55400134877,25557.40249767998,24393.528218888707,23189.473196854717,30854.159720179323,9502.264236795523,29917.83086151673,29027.49107280247,25100.340116568404,14544.459176316774,13964.0284720632,33711.60169898977,27874.4828962924,27967.075752633413,11412.97650563607,11150.61442384435,26013.367430008744,26677.69222248742,23977.371562119166,22156.058380930623,11285.336512342168,7963.44502219602,6292.055612679889],[17041.23043767617,27777.635644046364,21191.52628762049,27335.864071168668,27937.010735972315,16434.168854078875,28970.00846351833,43796.90069269088,13788.894337316277,25055.76878895745,12914.23225124448,12748.223351018583,11361.399013916793,33175.0422156121,12296.438618283892,19925.279259270406,20099.5722278588,0.0,26507.975413756427,20792.226496508625,38706.42072417769,16422.342744836922,38719.77472157389,13874.167763667778,43261.39231058795,46807.19380711757,39902.438341970694,14360.08128211897,42026.91956855395,35181.110177203605,8561.121717725644,6067.691988442496,8858.09276650432,30655.6014601493,12837.726542737013,12236.431069276581,34900.45229351492,26011.029524241734,28796.764194380794,40876.87437924495,21317.72154498874,10238.80167361314,15448.582964094574,31764.77375172027,38034.19791612922,3754.8657553356506,40733.704507040005,9608.217358916178,43506.14017893459,13677.93489637675,26008.578889493103,35744.4334712857,12447.784883829863,30607.425271477332,20536.238701987666,18242.449933556552,42574.58973842425,25856.39749565142,47486.66937824258,29501.840374364827,35055.75279760404,6856.899191250608,40254.771986202526,15924.693573664334,31006.925810060548,23308.042240828472,35612.543893145,36880.722574733634,4119.310417735714,16634.033989009553,23270.61085859189,12903.7286