{"problem":"100.20.2","tabu_size":6,"reset_after":375,"iterations":5864,"solution":{"truck_routes":[[[0,90,52,28,15,17,26,22,67,70,92,18,87,93,38,0]],[[0,91,8,75,43,69,29,36,34,1,58,100,68,33,51,48,35,3,0]],[[0,63,82,80,45,24,74,41,11,55,95,59,37,25,19,86,84,44,83,88,12,0]],[[0,98,40,2,21,32,56,60,10,78,89,20,30,94,64,23,79,0]]],"drone_routes":[[[0,72,0],[0,54,49,65,0],[0,5,50,0],[0,4,0],[0,97,27,0],[0,53,0],[0,39,46,99,0]],[[0,62,85,71,0],[0,14,57,0],[0,77,6,0]],[[0,47,0],[0,73,0],[0,66,13,0]],[[0,81,96,0],[0,61,76,31,0],[0,42,7,9,16,0]]],"truck_working_time":[4055.993734698326,3985.8363760622747,4039.835081114503,4034.6939185962256],"drone_working_time":[3931.8577030452775,2037.3497081037021,1992.6259445656267,1995.7333488697977],"working_time":4055.993734698326,"energy_violation":0.0,"capacity_violation":0.0,"waiting_time_violation":0.0,"fixed_time_violation":0.0,"feasible":true},"config":{"customers_count":100,"trucks_count":4,"drones_count":4,"x":[0.0,7370.680745472326,7794.966869039524,-4008.697321003107,-3520.5903356826734,-5686.27474924339,-525.3791704212,-9513.779014354706,12342.640282864351,-9031.430502169049,13611.272918751265,-12821.148352625474,-1179.16656276806,-1366.9931990940786,-404.6884662988207,-4441.270089416337,-8696.725607992605,-5186.004682495594,-12837.849119192868,-12748.821042228657,13137.01655347084,6450.465637577374,-12100.28646006556,13056.91473418451,-9223.961420444895,-14888.12829141357,-7563.784222789637,1266.8942303390777,-2034.9985194904743,15254.68533636344,15028.037140925482,-6357.796856363423,8194.186765250166,2586.630664592023,8520.287050509594,-1704.411565285155,8375.836017276002,-14829.936810692465,-12358.539535159258,-9443.165420519077,7033.2767920992,-10993.312207222463,-9516.011374854119,13541.775603084794,-14716.956290827693,-8627.376769116476,-9175.520163523835,8276.754646540952,-175.8069403600278,7997.205160262459,2684.652925670389,1021.1260299804294,3413.003016173691,-1689.0677383953403,6984.763135996455,-12041.603305001088,10465.675991803551,-8902.444780702212,6064.120218660397,-16035.389856364664,12333.222284246773,-3971.4912027728055,-3145.5019982480762,-5947.024008484445,12396.74634885396,6854.283413577462,7547.038074540412,-12038.264697063243,3955.7167551555967,15785.741730273123,-11461.555530413314,-9460.92462291745,3563.0325369572133,-9214.82621782084,-7821.732815622463,14337.282234661565,-5033.717661171972,-7205.4990420937565,13674.685813569326,11443.535361366265,-7130.605799310086,-1621.1881943139376,-7945.822295831955,-10612.052653934234,-14886.323779682962,-8945.748512941716,-12731.518095267831,-14645.75758152605,-5320.747829477898,15525.646412972475,2366.6538725810306,11346.878922310187,-12080.911526126043,-14380.330422057037,14001.215495405308,-13591.983556616262,-826.1881844844646,2303.3559448601018,2054.1925135381307,-6154.281760001777,5058.721470858046],"y":[0.0,15144.312290404374,-11684.075700336827,11251.67993240526,4977.334262544755,-5782.112013214856,-543.2678551325573,251.12814611161045,8490.484455363485,1136.995608982929,-13436.068539560898,14444.273279345858,-978.836152176751,2632.5355219783746,-1554.2774611116631,-11331.75890091547,2183.8243080082375,-13054.125998421869,-15851.159552120514,93.41403033020222,-6995.959987846261,-13766.71543012948,-13110.279682089162,-1002.1350745437364,9445.535519889563,2535.7182631532396,-11920.053341563611,-1670.5849102780483,-11548.196726341734,14341.305949867765,-3098.2183335876966,-2147.673604817963,-15668.310341192097,15460.385264419549,15285.564133905938,13026.818610008155,13099.16713051479,5746.062468729031,-9057.195385525472,-592.7777449331254,-10524.1121488604,14127.30084815131,-144.05552608327505,10520.154277805968,-2042.4905145868,9113.940198161023,-1604.5974333786849,-6233.0697873612435,12806.810659607727,2548.246682371408,-1985.8983762283085,12926.800597498768,-15702.625258428163,8641.588505491016,2690.0717154922336,12124.020519547628,-14566.734796766103,3136.8467538214863,14891.735822953886,6395.746294777403,-15377.130216409854,-4749.648428927711,-2587.927995199022,6844.565276766144,696.7333564365861,3179.1506239924006,285.8571939165823,-13849.74959877548,12626.763435551367,13640.606260663757,-13918.607615284029,-2905.4507014423784,-5904.979931965285,5911.321601266813,13396.105134192416,9577.201019942046,-7554.91683869376,-7914.803239630068,-10020.569903853722,-2794.618903650806,10615.00036129426,-6916.38120210213,9367.174063476701,-131.2214723299826,-2173.5857172346905,-1302.0282704105161,-351.24143596393526,-14727.09745635191,-2689.9311480164806,-7868.513019175767,-12067.261189004827,8326.015539465785,-15640.903080006994,-9239.783701958586,-1186.794037780523,8550.300579345774,-9834.113491390588,-9540.661131540865,-10827.928510395523,1907.0550748055568,12547.124969689623],"demands":[0.0,0.8625027560869419,1.1287255595624608,29.018759856582754,0.7910252875224917,0.8756832163219664,0.12789061692753326,0.1067876744307969,1.013842491816113,0.9009901707563813,0.840006116849182,0.09575759620666474,0.9257067710916421,0.8490709570092233,0.054398901108591545,0.2673975772278767,0.31844165052178686,0.7731166746467191,16.2683675319471,0.24643355951202162,0.7471928299226742,0.17483227050876696,0.7246497937598729,1.0198524128396391,0.7290430723322991,21.77041321258517,1.0364282265482692,0.5995183394731064,0.5140130890591081,0.9303969959375709,0.44219361966137055,0.8163977563358368,1.1197179903114356,4.8565880586028465,0.5763064697057291,0.8658224772267956,0.4646299012732643,1.05705161445201,0.6734645726516101,0.850381220416758,0.7746961437608374,0.015613888520534965,0.6188004399953576,0.011709585256069719,17.2413103258482,0.9966014518599454,0.24609978320677342,0.42398830347129624,0.4614386095284389,0.14172410485986306,1.1210306186746106,0.84041987498528,0.8383329606055615,0.40570786855959456,0.036573491629939024,0.5373335460165606,0.3852656544389316,0.20019552646089056,0.8691822698747679,0.11514865480458455,0.09761049355644381,0.8236204874980441,1.2247920081525756,26.211739787482156,0.695439625743867,0.35862374204747405,0.3234220440874965,0.5112398323187872,0.4931928645602642,0.6855445446374983,1.040148440409551,0.9710123297115917,0.006782862693785125,0.9634541559023536,0.21038956897820074,5.647568940064031,0.25736624799235697,0.8253230915673633,0.3070806862419562,0.4248087371015168,1.008670494051415,0.24655171793786845,0.3991841965023441,19.29932723979719,0.6388467196812945,0.05579416854550038,0.4553666478674085,1.044035922676833,0.48179834121499393,0.2531256748886945,6.238433877768043,0.6460189231860569,16.781028798671844,0.10448316763768646,0.9901227958662617,3.766641397560254,0.01008584246360799,0.579369342626607,0.04919484779665408,0.7267627560111599,0.8526898191977176],"dronable":[true,true,true,false,true,true,true,true,true,true,true,true,true,true,true,true,true,true,false,true,true,true,true,true,true,false,true,true,true,true,true,true,true,false,true,true,true,true,true,true,true,true,true,true,false,true,true,true,true,true,true,true,true,true,true,true,true,true,true,true,true,true,true,false,true,true,true,true,true,true,true,true,true,true,true,false,true,true,true,true,true,true,true,false,true,true,true,true,true,true,false,true,false,true,true,false,true,true,true,true,true],"distances":[[0.0,16842.717399545996,14045.609045556741,11944.452918100049,6096.5902497055,8109.657197270827,755.7534221773644,9517.092858627862,14980.95776106971,9102.719150361387,19125.759808920266,19313.696581660788,1532.499264456081,2966.2962901314186,1606.098123053199,12171.016383015069,8966.723197967136,14046.524486489176,20397.784908022302,12749.163272459677,14883.704514592888,15202.991833048243,17840.862248171914,13095.315845117875,13202.257592675249,15102.523998712204,14117.312188750493,2096.6341915830617,11726.127519544478,20937.489846186774,15344.082154094935,6710.743832066339,17681.64714306074,15675.272588356762,17499.8217795163,13137.84692717694,15548.080540743833,15904.2214428644,15322.084965619995,9461.752407148226,12657.958719954504,17900.6576007599,9517.101684911646,17147.983336624216,14858.013661600593,12549.722540835157,9314.768016136415,10361.265678147278,12808.017307582031,8393.381412133336,3339.3343186953907,12967.068753446096,16069.257281997723,8805.112249319845,7484.878215473273,17087.77585624955,17936.558661145948,9438.926349453757,16079.096673849992,17263.814714968463,19712.039610478318,6191.276328198997,4073.2731469074683,9067.258041183299,12416.31013658226,7555.673352102668,7552.449803466191,18350.350973900764,13231.887616829115,20862.784596820857,18030.38804698863,9897.006542335803,6896.665053221629,10947.910544859324,15512.418799314364,17241.82244580662,9078.275272978517,10703.425936010986,16953.136975139827,11779.830065984932,12787.641367172911,7103.842628759071,12283.323731482893,10612.863920953338,15044.171979332097,9040.00520319248,12736.362257586357,20769.824617114962,5962.0539284681945,17405.723014962165,12297.147765082153,14073.883474044856,19763.255613897658,17092.90805879791,14051.423964740694,16057.697749069994,9868.757524518074,9814.767620051785,11021.059055685724,6442.984016729531,13528.525711426542],[16842.717399545996,0.0,26831.742785298135,12026.754834714304,14899.235818731895,24665.75198379511,17562.685814476812,22514.260266263063,8306.251049651008,21569.287748871804,29253.771706551564,20203.960427198246,18249.81656608448,15260.783199576592,18420.07779757716,28991.45612510113,20643.056839266803,30867.81934095254,37001.40475754695,25126.159488079484,22878.861099400892,28925.668872167418,34313.853346006304,17118.440918594937,17545.88855814937,25581.853394243863,30911.45630586003,17888.45934371767,28301.18089487475,7924.79321951899,19784.46437319636,22079.036968687607,30823.62528324307,4794.479878075788,1158.2515874688158,9318.856149511455,2278.8057937118106,24107.976264832203,31224.27111510813,23029.577192687288,25670.641881768304,18392.13281379562,22779.257258719183,7711.371412863544,27986.602160765866,17096.87783810245,23543.634839512357,21396.575296363957,7900.214570908585,12611.637548082288,17759.58823315377,6725.637753640801,31099.78728465134,11151.881420362233,12460.21832469606,19645.837585538808,29871.814718742382,20223.596193626374,1330.7498946582084,24987.627898582494,30922.245572093052,22900.09907415002,20616.072493219915,15692.261162877692,15296.858255953273,11976.299925593159,14859.50166600011,34890.726390044016,4242.644374883622,8548.355584660412,34631.00397902496,24679.888235951315,21390.906664807833,18982.285381248144,15292.666807080037,8917.749952027272,25867.43324889535,27279.806198485454,25942.470502045115,18395.472190385724,15192.168311504009,23822.844171102068,16369.807314300077,23594.92810437382,28200.777326800267,23166.95883337161,25381.30381835066,37108.28313011974,21889.097703969444,24415.02803126301,27667.851672471865,7892.991988172067,36415.57259337161,32675.53556064167,17625.805654566535,21975.310807532103,26288.978960612567,25199.716138818756,26510.796655985832,18924.840537410168,3477.1450453434427],[14045.609045556741,26831.742785298135,0.0,25794.871094001523,20140.616097938764,14716.557033988274,13904.882511554522,21024.789533124804,20680.769109362922,21154.3734960995,6074.446063025485,33282.35008584959,13969.152609781922,16997.260637555577,13032.542345442496,12241.308019596421,21547.495710603012,13053.070912281408,21049.41052457419,23680.297424211883,7107.455505638684,2478.9255344834482,19946.306997207103,11907.642540338233,27131.243805629885,26771.726623852242,15360.563809571653,11953.481926984347,9830.904466796108,27073.379723457863,11226.49777447093,17065.863177539486,4004.1855849749963,27639.61879414659,26979.391434100617,26473.883135187265,24790.049095964518,28560.391858479055,20323.983875520684,20498.0510090073,1387.6913252100271,31925.328345615293,20804.856004854682,22935.85925026473,24489.729464611086,26500.015771388742,19738.118255205656,5472.255926566716,25755.32468862173,14233.759191857032,10962.205617924054,25526.06808461246,5945.61584351519,22429.43463048263,14396.963013810315,30988.949028402272,3929.6832804491314,22326.291635493457,26632.115729858942,29912.6372129746,5851.018191079677,13657.811579392212,14227.921918178106,23068.43838963382,13208.361264029834,14892.964182177211,11972.500247653854,19951.120715113568,24612.125892088043,26555.451404725758,19385.736710260626,19360.528093350335,7162.905562065356,24473.068198717614,29544.82661539258,22245.084358561708,13476.83567015541,15466.783519339566,6110.511140779921,9609.083940904395,26833.216592138066,10554.37762284515,26285.50094921903,21732.160696366864,24594.519007504743,19698.691843311393,23447.168644714442,22646.10552112201,15903.352108311623,8621.016458913205,5441.82075285891,20322.889328523015,20265.90794639897,22309.60271546426,12194.68918485863,29442.004550255067,8817.407477905932,5895.084100866887,5804.2637958337855,19475.635369913685,24385.20298849611],[11944.452918100049,12026.754834714304,25794.871094001523,0.0,6293.302949486532,17116.200924107372,12298.54863993783,12301.140762279054,16582.83576165687,11293.125677670945,30330.649117104254,9372.936864380956,12553.555990515893,9014.890517111353,13303.436570651873,22587.581294558997,10208.017184768178,24334.302015271685,28504.69837762622,14173.801910699207,25039.006907712723,27116.677457060294,25670.584158792546,21009.309770734813,5519.16092044688,13940.22977069592,23442.863856602722,13957.67870675644,22885.14502058417,19509.57970669567,23839.396788055004,13603.710664466756,29556.661793123894,7823.781170846984,13162.358114438546,2908.7540577928557,12521.576376563986,12141.295143004683,21958.376116656716,13031.677604779707,24415.370426862944,7553.412524142527,12656.748979402168,17565.711760201448,17070.49437006749,5089.413621999242,13855.68208324522,21369.342591893346,4136.360749344225,14828.737125171972,14833.557125714995,5301.429258673793,27957.399811417366,3491.884685576017,13934.0341638567,8080.133454821553,29598.95305455891,9476.248293262239,10710.352938800404,12970.020232565834,31243.4291704046,16001.371616909368,13866.501136012412,4814.537354237837,19507.574919154,13534.034131590375,15930.608552838547,26354.424993832097,8082.248834151264,19938.07378751859,26250.494675775837,15170.732689477045,18753.18828209302,7458.096620133079,4374.677031426087,18422.237797975307,18834.509518659415,19431.253650443698,27662.4411825909,20882.28928690229,3186.1690826437766,18324.263838343468,4364.895810606165,13159.587609149214,17278.903759728928,13489.628019825697,14516.038941133449,28072.120076698826,14003.213775934697,27334.45378314335,24174.74131951209,15631.80200438585,28077.956892424932,22966.73366113113,21887.727025929882,9956.74773622535,21324.61133795917,21729.322662028717,22896.893722362933,9587.781094400494,9159.490236449923],[6096.5902497055,14899.235818731895,20140.616097938764,6293.302949486532,0.0,10975.239092616488,6280.791165626367,7632.518247156223,16247.593973709158,6716.960645604577,25150.62904424492,13271.14591037074,6399.861818318694,3183.718228814271,7236.7669693196385,16335.059565956904,5881.842757448181,18108.207092072615,22817.481583786746,10440.925189267131,20514.27899001135,21231.141187023506,20019.314768414675,17622.931875674196,7245.22354428347,11626.796973520575,17374.381273939343,8192.36460359776,16592.171573033615,20980.8232041146,20230.327011664558,7669.1249794858595,23737.705104503028,12132.291896179566,15850.625581034312,8251.83031733572,14404.482951727494,11335.44267978978,16585.456535624548,8130.377814798903,18753.10513479143,11813.698010661421,7885.030551875057,17940.09992029009,13215.012315664353,6571.968985264559,8677.560498642997,16274.228325538073,8514.004734188973,11771.15455503692,9326.931580870638,9155.39199361225,21811.360401359314,4096.490471284392,10751.46601743548,11121.276297229844,24033.02480293496,5687.860013849053,13789.925116242597,12594.923570075545,25800.147263394818,9737.427990601396,7574.5550555344125,3061.720436123542,16482.874483726122,10529.552208477075,12020.913264483743,20664.2169763992,10696.211216564641,21160.97208434305,20496.72041264668,9870.45440861558,12984.701584165177,5770.325348741,9453.863211515476,18440.78054000052,12623.267087708966,13408.42129221657,22816.98164160868,16862.037655473836,6694.437294397379,12044.425932713297,6233.247257968585,8739.918735749397,13428.162691793525,8298.357371706952,10641.189274091212,22628.16774758061,7875.755575083311,22973.352534427977,18032.68916370266,15239.924817129651,22324.668194563368,17890.231914656946,18574.449043921053,10686.395543477776,15054.527143684649,15642.587399191327,16759.61023227146,4045.113695459803,11441.430086480701],[8109.657197270827,24665.75198379511,14716.557033988274,17116.200924107372,10975.239092616488,0.0,7353.93304893235,7144.912576061023,22994.538203448126,7685.318295222854,20760.019183654942,21447.915594279897,6586.76576187618,9458.461093169108,6765.333595924582,5687.584476836911,8515.806235860771,7289.201433677781,12350.333368361373,9187.02162993732,18862.389095031253,14527.710037803305,9738.664570139923,19343.09519042674,15633.185100166182,12404.048093989946,6418.673194166188,8077.822353630453,6824.921320053011,29042.654145650922,20887.460409698786,3695.955151889897,17041.247877882557,22796.593047571216,25410.10382525351,19225.792717206186,23542.42258802821,14714.121203120672,7432.717435027273,6406.513690290638,13574.739654937512,20604.595775329482,6815.7584738333235,25208.764479343725,9774.353076214948,15183.62448743177,5443.019532008029,13970.30968953805,19388.483736716425,16019.753382339562,9191.499775133547,19874.92481214587,13461.554104213463,14967.32442826335,15242.476774532171,19000.520606880335,18386.27504935392,9481.116767519967,23779.81846555599,15981.377176888787,20414.86340046399,2001.615263762068,4081.4626928526586,12629.369325564785,19208.620183607352,15413.300330821414,14558.187338773196,10268.132863824605,20781.113912855828,28953.22912635285,9977.796790065513,4745.857348411996,9250.123339719403,12214.215699859322,19296.740504716585,25235.913518994956,1889.091766546436,2618.475571628484,19819.4681867478,17388.372825116137,16460.60103411983,4220.366724815179,15316.867295525384,7496.389255595166,9882.427039511724,5540.335690080293,8895.49374860954,12660.375081327627,3113.7103963233676,21314.283205159307,10215.319845708811,22117.1333368831,11751.048498194561,9356.393404999764,20216.681711608548,16368.20950716246,6327.650227066009,8829.546426800747,9239.864586097192,7703.396722849948,21246.54965271932],[755.7534221773644,17562.685814476812,13904.882511554522,12298.54863993783,6280.791165626367,7353.93304893235,0.0,9023.43597313222,15722.423650872914,8670.420668408813,19132.936047002826,19385.879630280564,785.5938491241425,3285.428627033038,1018.1879342457278,11477.18348439227,8614.4027227124,13350.76782980317,19645.062088120725,12240.012051331167,15109.54309950532,14950.651375574666,17085.323088040484,13590.04292988582,13245.43415767413,14689.067970064123,13377.981674582821,2117.3303204494837,11107.988568568911,21692.417412422852,15761.869524311613,6049.067190312506,17458.457558204464,16303.42045045054,18231.182065837,13621.210080588793,16289.495515678382,15626.133405500157,14577.744894543537,8917.923683886447,12520.00530253022,18022.297526695296,8999.490981108393,17896.48436742162,14270.547633047096,12605.714278606445,8715.007726572292,10481.002135278,13354.654510460392,9065.975171442562,3519.302328350771,13558.555323243068,15662.597840988616,9258.280480117299,8176.596005772353,17119.684958701433,17817.432998110482,9149.779875712298,16782.754265651653,16991.478712894033,19631.27871340297,5437.7684458902595,3323.5039824372293,9163.7498402607,12981.484157853263,8265.338419411559,8114.885613717199,17595.709407223858,13911.504048513756,21615.618195411942,17277.142908372876,9242.504007736581,6742.630546298885,10824.426776519127,15733.495983136245,17981.173329165442,8335.966495605642,9948.041788453314,17072.231830438814,12178.813432058862,12966.725431222168,6466.635226311012,12380.623376857213,10095.0861405233,14453.18879700164,8454.486219295184,12207.64930682049,20014.147711786838,5253.924615873213,17643.543833144653,11881.34156907162,14819.402827176396,19012.335927158212,16358.149713806317,14540.84174086812,15919.457812936744,9295.713996230554,9431.586723493716,10603.227568367984,6139.106353857003,14231.674682906832],[9517.092858627862,22514.260266263063,21024.789533124804,12301.140762279054,7632.518247156223,7144.912576061023,9023.43597313222,0.0,23357.869271118423,1008.6730139057872,26872.055746093054,14573.402509804793,8424.878449758617,8487.709950838589,9286.28128043052,12644.90486867209,2098.306632277053,13991.405165962564,16441.809851063124,3238.8841696528016,23781.901233433342,21245.16523434698,13609.454063930065,22605.461397427716,9198.973920645827,5839.775865108816,12326.400062185996,10950.611703459988,13969.832681033005,28495.788054276694,24769.312910144396,3964.1484863488786,23811.773848302517,19435.57090720899,23478.965145486618,14973.45941270367,22025.222625996117,7645.6416948116075,9733.321601095735,846.8550245315857,19746.160621150848,13954.826667702799,395.18997735625084,25239.086679417647,5686.276490912908,8907.027922394524,1886.3023290395454,18935.361384983258,15647.456209698004,17661.011305509128,12401.855887611202,16482.017364024745,20533.483419957174,11472.834505667848,16677.8397528438,12139.00609422275,24874.63938506468,2949.762944393754,21377.987221934283,8960.34263672628,26861.38353076432,7464.899231729207,6972.459532143989,7496.342739482664,21915.05614173231,16627.8917267241,17060.852436132758,14325.075257688959,18291.628279135857,28624.183378533697,14302.980280496924,3157.0213188256225,14453.396383462554,5668.0828085285775,13253.431267253705,25609.544274592656,9000.293774821273,8485.905480676887,25361.637997288966,21177.478625510103,10634.348210658753,10661.434242601845,9249.907104326474,1162.9257147890803,5894.359555928004,1653.7694835494294,3273.6361902700046,15833.017596535403,5121.654057912017,26323.020312716933,17113.953412128205,22368.970829385296,16098.037949542864,10665.86753675709,23558.917356299986,9247.054415600496,13311.135688364593,15346.785197631676,16017.598498783591,3745.4393327323614,19066.969037499548],[14980.95776106971,8306.251049651008,20680.769109362922,16582.83576165687,16247.593973709158,22994.538203448126,15722.423650872914,23357.869271118423,0.0,22603.643514651827,21963.22278273534,25858.53553185455,16507.794920551252,14908.709398059356,16229.344786463545,25973.46682790529,21964.26368680712,27774.514107847066,35022.459643979855,26459.25590699041,15506.804801503264,23023.91514910856,32619.77435670116,9519.454476564542,21587.737990929796,27874.25330927758,28510.625909633956,15030.618126790661,24663.033897576468,6535.450906721112,11895.771879786931,21514.570786134987,24512.38529009134,11989.964176756432,7796.376855349764,14761.3682694795,6080.747658119823,27310.818331679682,30299.65927532317,23603.53749642013,19741.940753087893,24007.090154068872,23502.253785215602,2357.4318875280123,29037.309249456386,20979.282929204084,23768.506628244766,15274.635038066155,13241.683910368034,7361.589241156828,14248.905818545847,12159.670468035878,25788.466013670346,14032.521599051559,7896.305178612969,24653.476827459523,23133.489892160513,21909.246358502405,8966.372358300185,28455.237172520734,23867.616529912404,21010.759265774923,19042.42037517187,18363.574538545425,7793.938905226362,7637.560356089871,9503.352515810362,33068.332060053595,9351.432513876083,6195.054655657019,32692.616073780686,24602.08894989943,16861.521494184428,21711.20546989771,20752.51928560802,2271.46415503279,23651.484479554518,25519.859235965243,18558.9191168496,11320.863371823621,19588.79477689924,20793.26850514966,20307.395167183164,24520.435170003315,29242.757677168393,23432.643961060967,26587.39428956937,35600.979328016336,20904.472551861618,16665.783101801353,22850.409423830937,1009.2525508856769,34334.148414496485,32069.91693513776,9818.380251829873,25934.692819928376,22565.658268985648,20637.5735297403,21887.284825161834,19633.585191417795,8337.374018380822],[9102.719150361387,21569.287748871804,21154.3734960995,11293.125677670945,6716.960645604577,7685.318295222854,8670.420668408813,1008.6730139057872,22603.643514651827,0.0,26927.053624288896,13836.386825403803,8132.3301098485435,7808.984492501541,9036.793064537153,13286.813449541385,1099.0348908422718,14702.898768976225,17409.37214450168,3861.0950439775484,23613.23805831602,21489.758277357523,14574.043025526933,22191.68482476146,8310.770337677523,6021.406318945011,13139.273682298604,10674.174472450894,14486.689237794368,27643.611090105736,24429.38845752094,4235.253087605894,24065.331876427532,18442.853263420777,22544.28487119185,13966.141109739789,21121.232804681185,7407.170359023454,10723.3942644072,1778.1005311586575,19850.850223366993,13137.618126258229,1369.6388694932084,24445.721516751724,6514.164221408219,7987.1712388061005,2745.376884953129,18811.99450054181,14649.459102105313,17087.01442955949,12125.142379822286,15493.65658904618,20938.8814541417,10499.009738883487,16091.317660397586,11391.920676000116,25034.861898835294,2004.006466520108,20422.255750013617,8758.419115945988,27003.050576944268,7762.445732025663,6965.57321476569,6487.674077115985,21432.69917695239,16016.43854663922,16600.302917433302,15285.404273288115,17340.148747686173,27789.068299306564,15250.465438781099,4065.19831895427,14429.480890289518,4777.847074689281,12318.649879102748,24846.202976625882,9567.186104448365,9234.126276624349,25299.387073940787,20849.024432545724,9666.732055655368,10943.882726091706,8301.468699602496,2026.5095489497805,6726.048171740849,2440.5284033441208,3988.1697178725626,16828.253543954175,5330.528519841945,26156.24614251857,17443.300289828407,21609.19948912266,17052.777455109288,11674.257116449062,23149.574077550176,8703.777039081036,13700.045123437385,15572.081982452086,16311.052903747845,2978.4184503621623,18130.73177373325],[19125.759808920266,29253.771706551564,6074.446063025485,30330.649117104254,25150.62904424492,20760.019183654942,19132.936047002826,26872.055746093054,21963.22278273534,26927.053624288896,0.0,38418.567831279324,19337.52152706696,21966.986420160374,18374.55122660499,18174.774499757543,27232.84507426185,18801.157552743094,26559.155129201838,29629.401820500483,6457.547309766844,7168.436948481564,25713.623316640467,12446.285165030964,32326.70307438517,32669.769558558233,21229.25686471576,17053.16071096053,15759.754753875031,27825.947205806388,10434.479754274915,22938.86675243851,5858.986760132082,30928.106622904827,29169.338705911625,30575.39186184506,27046.784127060022,34305.34303710433,26336.39476068086,26390.47641810562,7193.714135520749,36947.59723209018,26674.873734428525,23956.323623465552,30533.623931030776,31671.129345368077,25675.312023631668,8963.273744605565,29644.093504502198,16941.549218150045,15827.110325086718,29214.939120569103,10447.104305292542,26861.186958577684,17434.535595380516,36213.094472313715,3342.631629720111,27955.840283781712,29315.9344705128,35668.27011960245,2324.03396224948,19611.412200338014,19961.754905047957,28175.008193181875,14184.89211169745,17936.62217436543,15002.206173786992,25652.873365840256,27793.90176623794,27163.84790211803,25077.471371747917,25361.78644051487,12557.24613065194,29922.438186986285,34341.50956012501,23024.718572550097,19550.540121798138,21536.535593777466,3416.0872538251692,10859.997075105892,31759.71423090026,16569.073436353156,31379.869778308446,27636.72298378956,30642.39770171065,25613.554011952725,29413.52305894877,28286.507885520143,21769.26453625222,5887.486759895743,11327.625128703314,21879.574576159954,25786.617399347662,28304.39301641075,12255.47963292561,34977.386836318095,14879.998766010844,11960.066269167291,11847.721380261108,25021.76240804204,27354.56965861497],[19313.696581660788,20203.960427198246,33282.35008584959,9372.936864380956,13271.14591037074,21447.915594279897,19385.879630280564,14573.402509804793,25858.53553185455,13836.386825403803,38418.567831279324,0.0,19323.7689008147,16453.413601134278,20251.471598472857,27103.988537926896,12935.589354769216,28538.69971990772,30295.437434727603,14351.041510109551,33667.63917835199,34165.113635893664,27563.980677193063,30137.446477099344,6158.50087382188,12086.607821925836,26883.407443396758,21404.709722187574,28141.597773037112,28076.022503244734,32913.76831424887,17806.39250300707,36720.729873199794,15441.247935630661,21358.0110349291,11206.739692641782,21239.61998081582,8927.155334998635,23506.021278045475,15411.803015752952,31900.132738265183,1855.1163027096493,14958.050266566996,26653.37632332551,16595.40503077522,6782.342578417946,16457.7293709345,29541.056637509362,12750.919310535815,23977.474674858837,22591.60051686543,13925.203173508811,34240.081222332476,12553.659601345145,23031.182867990632,2447.70573203296,37201.00506223623,11967.21071573223,18890.568856906615,8666.610356170753,39013.5677501278,21135.824143223606,19588.61946722088,10247.39709502791,28721.7176907456,22672.13275425727,24805.720396310346,28304.851835786034,16875.02725559197,28618.176756948713,28395.44867201735,17672.125670762736,26125.34190552582,9263.737025650818,5108.112388362409,27591.099005707372,23336.847315433246,23053.499082792096,36063.24694396003,29764.984116189942,6858.979926491739,24118.803192189487,7038.873532592346,14741.952077730619,16745.691600371574,16216.187480825476,14795.786199928094,29228.377810575003,18703.929249392375,36074.93875097262,30553.736208498856,24930.43561860956,30094.28163509921,23735.323967018285,31044.636700542742,5944.165298850446,27079.865834689062,28355.38236277546,29325.073728568263,14199.61092678594,17980.23683418959],[1532.499264456081,18249.81656608448,13969.152609781922,12553.555990515893,6399.861818318694,6586.76576187618,785.5938491241425,8424.878449758617,16507.794920551252,8132.3301098485435,19337.52152706696,19323.7689008147,0.0,3616.252786269724,964.8569955901969,10854.69155987045,8155.741240675485,12722.711054980857,18897.37765574893,11619.235139542916,15529.290977744795,14890.975251474993,16323.075137075153,14236.100362572126,13167.621237698262,14152.304562006248,12667.816554165674,2541.9932627586973,10603.953568592256,22467.27046771425,16345.189895620664,5308.897504043603,17425.280616438245,16865.029781813948,18937.0039093319,14015.500263286427,17014.354255513856,15217.35160345185,13792.688931418026,8273.011435669216,12591.922796371033,18014.239639886102,8378.534484890974,18679.74622844804,13579.510717394454,12543.523019307222,8020.800963081639,10817.643782717383,13822.112304244323,9830.875409697672,3992.9031245884776,14078.637040126796,15423.293652366405,9633.928056756915,8950.454349797705,17019.911425702725,17895.0648977978,8751.449720722974,17445.350618884626,16585.892704829806,19745.772314930124,4692.131937794737,2540.7974346856527,9161.77245630227,13678.923369992983,9045.726756499082,8817.37470179399,16839.84635440861,14542.330171959315,22395.004127118562,16527.710319321253,8502.903044742507,6837.7880078709995,10585.183038529916,15835.486206937918,18766.728645728563,7622.4931200879955,9188.270924913535,17389.3611054069,12752.633879559746,13032.140042500525,5953.975507394018,12362.344324286234,9470.891756028468,13759.127352140775,7773.303566312825,11569.386373454214,19244.837296126287,4481.131717942425,18069.820803929706,11641.563999613407,15603.912345873778,18270.85793941474,15572.860419975643,15181.806411435256,15648.721116142959,8862.309546045535,9242.98707093113,10366.25444396649,5751.533656314578,14895.061980075694],[2966.2962901314186,15260.783199576592,16997.260637555577,9014.890517111353,3183.718228814271,9458.461093169108,3285.428627033038,8487.709950838589,14908.709398059356,7808.984492501541,21966.986420160374,16453.413601134278,3616.252786269724,0.0,4295.9787422811405,14298.695644275866,7343.454155886039,16144.850521635632,21753.79321249361,11661.609794539654,17409.02710335105,18167.2258326158,19053.60372148628,14874.80925635416,10399.46722687535,13521.481714899446,15817.018101482974,5045.216392329342,14196.457241390322,20331.637963260764,17367.744804759408,6910.7539705389645,20647.932623342742,13423.295819960027,16057.940210016366,10399.758269688049,14299.409021640302,13818.281395934166,16045.681647961192,8696.390252273188,15609.673726876219,14993.186704301439,8609.062380831236,16866.710314525037,14144.871261104217,9732.511297722363,8884.052511978947,13099.649995751073,10243.768802505238,9364.577701202441,6143.758458177169,10567.639608604863,18947.994212088317,6017.6781043462515,8351.954519409748,14284.102644976138,20876.469042404242,7552.308280077266,14335.600393669207,15143.434743001257,22628.388460039467,7828.1574930619445,5515.100441773331,6222.369072160739,13899.203443646156,8239.428209033065,9217.746618492429,19635.21729406611,11323.243035699188,20381.215296076803,19386.606918464033,9807.192121313494,9858.718166397439,8505.229052974038,12550.621272039027,17171.27385425636,10827.236668779558,12055.476159441787,19655.868956553928,13912.715305000549,9845.759245293535,9552.299497975302,9414.687916692705,9649.325212009267,14348.208972316394,8539.222701367582,11749.695785444852,21855.947489561655,6630.296157072294,19890.532761261966,15166.546864730306,13930.479497452665,21182.69586853478,17615.303273960864,15835.691231005188,13581.98558811299,12478.373599406304,12714.486997271151,13888.4341682981,4841.947298828,11814.774349783629],[1606.098123053199,18420.07779757716,13032.542345442496,13303.436570651873,7236.7669693196385,6765.333595924582,1018.1879342457278,9286.28128043052,16229.344786463545,9036.793064537153,18374.55122660499,20251.471598472857,964.8569955901969,4295.9787422811405,0.0,10577.955119293993,9095.673960489488,12454.216199357625,18946.88157309488,12453.613784885978,14594.166079780765,14004.884110016714,16441.660492877156,13472.92180420817,14098.77516157824,15049.85362693688,12597.696680519188,1675.624102963078,10126.022573028094,22313.3493646048,15509.763798510241,5982.609671976192,16527.146740673,17275.61106897278,19058.73691829851,14638.908523836893,17082.77051904999,16167.335986137543,14113.40967863492,9089.474536857568,11652.521680334965,18921.703173773727,9219.811877148026,18447.10714058954,14320.592245665955,13469.353026441615,8770.97604378532,9861.975063527847,14362.911917991549,9350.001115503279,3119.3471833863546,14551.101976048705,14654.368415226014,10276.444566265025,8521.648603151998,17958.664276914278,16955.496730093233,9706.621903572574,17672.48818763969,17536.29674887508,18796.957960891432,4788.786629500209,2929.247726556297,10062.70553070976,12997.83762890293,8665.911042105528,8161.865627962947,16926.864181090194,14836.274957283462,22203.930311283726,16587.072358764093,9156.477622417495,5888.244386026355,11547.88710375105,16689.112817217243,18472.561092662174,7578.626803503181,9311.676147023232,16428.843167997067,11912.97002281676,13904.29022602024,5498.365949753146,13272.030848323951,10306.084222740921,14494.871647101836,8544.784161965059,12385.395608515359,19399.258650053616,5045.527619474617,17136.077148765664,10872.12790681817,15353.160126380448,18296.644672446342,15949.469403514537,14410.590307834926,16613.465898926846,8290.557683336847,8433.020138960139,9594.097115252041,6711.083814645228,15122.777478255533],[12171.016383015069,28991.45612510113,12241.308019596421,22587.581294558997,16335.059565956904,5687.584476836911,11477.18348439227,12644.90486867209,25973.46682790529,13286.813449541385,18174.774499757543,27103.988537926896,10854.69155987045,14298.695644275866,10577.955119293993,0.0,14169.682111745546,1876.4802244365753,9535.592359648957,14126.216030573854,18105.11843413563,11160.59677821187,7862.802804022205,20319.63583618667,21320.649610570305,17362.13607793131,3177.449427137042,11221.471506834469,2415.985968607584,32357.949857288942,21138.711273473422,9381.92398042209,13358.908949472783,27698.562742212573,29605.46991742572,24511.848011457314,27588.91726225273,19989.406669014377,8237.523575810737,11846.715712460196,11502.935252021678,26288.64734481517,12284.856772358333,28300.106748013568,13852.08410540165,20869.837104869974,10818.077184958483,13701.999265110835,24512.542020446886,18637.870627540768,11752.61195495914,24865.950219191393,8988.552649477617,20162.073911132513,18087.72979407492,24656.412010050066,15253.921152121235,15140.760523119567,28249.511518924297,21182.257991858653,17255.394039960564,6598.853723775589,8839.320893250337,18238.586992334745,20693.07670600578,18389.019119546792,16693.96706480796,8003.412036320865,25387.40200601264,32136.44393701819,7481.723995450807,9808.139553870844,9670.511388360523,17891.63668633384,24957.860244461084,28103.71207438899,3823.026299706333,4395.059464217802,18163.34426434011,18033.57434182444,22110.919670468214,5239.124174732121,20993.515952119444,12787.908200628533,13891.410391131716,10994.808883673013,13758.63277352188,10754.528761533755,8686.464643687845,20265.03951762132,6847.5391410434895,25212.96779765103,8771.137032203424,10156.83417846932,21048.648094844404,21886.7961596813,3913.0242718435584,6978.396059389164,6514.973483352907,13349.179917407224,25699.239960573323],[8966.723197967136,20643.056839266803,21547.495710603012,10208.017184768178,5881.842757448181,8515.806235860771,8614.4027227124,2098.306632277053,21964.26368680712,1099.0348908422718,27232.84507426185,12935.589354769216,8155.741240675485,7343.454155886039,9095.673960489488,14169.682111745546,0.0,15637.144590939739,18504.311572444953,4559.5276660174595,23685.03190818377,21996.7525004893,15668.243147643478,21985.704567378925,7280.826005797363,6201.394725700011,14149.308143382768,10683.173250715678,15262.601661889534,26860.276359292544,24305.64424079496,4922.647851920282,24576.44466422564,17423.581709952177,21635.182258269488,12902.053367780125,20263.688444640073,7092.659611924043,11822.411132573778,2875.1854469099458,20221.884790956185,12162.275357543509,2467.843935452927,23749.638596838453,7355.604288855917,6930.462864224986,3818.5577797146752,18945.794735605738,13618.145760957266,16697.907897764606,12121.153599800706,14486.137511918452,21600.24549498513,9529.42743545586,15689.658239281054,10487.883844315154,25451.500258224634,974.9729023127729,19477.514846353155,8461.458489702809,27397.916566027125,8390.523486535687,7320.2256528435555,5411.410653812564,21145.826980577487,15582.82888516216,16354.269709777687,16378.076068576634,16405.46480214317,27030.52089176125,16338.07205101553,5146.330756590628,14687.76442503341,3763.3315444104037,11246.370690668036,24191.476525834856,10404.840524531726,10208.135726799566,25483.86326818054,20746.445688975116,8575.398585293366,11527.227334385738,7222.490532607341,3004.648841042375,7569.5539931412195,3494.736128187358,4765.092731693036,17926.802736194564,5928.804112648334,26225.422628844874,18041.391392416324,20963.601686994738,18143.142527841006,12759.395896665115,22946.84288450784,8030.913428562594,14365.799256743818,16076.857684000604,16878.6241104865,2557.463964288452,17222.37860875979],[14046.524486489176,30867.81934095254,13053.070912281408,24334.302015271685,18108.207092072615,7289.201433677781,13350.76782980317,13991.405165962564,27774.514107847066,14702.898768976225,18801.157552743094,28538.69971990772,12722.711054980857,16144.850521635632,12454.216199357625,1876.4802244365753,15637.144590939739,0.0,8147.031360190722,15167.5311141492,19298.56167245037,11658.268533882741,6914.509797218128,21864.459610809612,22859.130846472148,18362.310492497665,2634.3796866196976,13085.293733222861,3492.3720895408687,34180.86453091044,22532.81128198877,10969.22060643719,13633.17582063379,29554.884753581868,31480.1599402958,26312.300589302373,29460.452553449803,21129.422928553005,8211.011541642316,13168.470596242207,12478.453823865695,27794.869780273457,13616.86004762546,30107.747258257605,14563.487033990996,22433.59535907373,12124.683011737001,15092.140225495168,26341.794286758817,20426.234479917173,13581.344332637678,26712.113702670173,8997.637563940189,21975.7274242813,19899.933440754514,26094.79439568817,15724.601530946906,16612.02954691102,30125.3465246632,22271.207665340706,17672.56806774338,8392.817804209735,10663.252404735022,19913.238432755534,22321.2738