{"problem":"100.10.4","tabu_size":6,"reset_after":375,"iterations":4867,"solution":{"truck_routes":[[[0,96,90,23,84,69,67,98,31,61,35,76,25,26,32,57,24,0]],[[0,68,64,72,75,11,65,37,15,77,60,49,43,0]],[[0,93,41,78,22,33,50,45,6,8,55,79,20,0]],[[0,88,48,14,95,27,46,99,100,81,39,7,70,12,36,92,29,56,54,5,0]]],"drone_routes":[[[0,52,59,17,0],[0,28,83,51,42,66,0],[0,53,16,18,0]],[[0,34,9,0],[0,63,58,19,38,0],[0,21,82,0]],[[0,2,0],[0,13,97,74,30,40,0],[0,1,85,80,0],[0,89,62,86,0]],[[0,10,47,87,91,4,0],[0,71,94,0],[0,44,73,3,0]]],"truck_working_time":[1592.691414650186,1600.164063628266,1586.683613604705,1580.684347759555],"drone_working_time":[1594.5178442311103,1594.3852108780047,1493.0577186527644,1594.670429049386],"working_time":1600.164063628266,"energy_violation":0.0,"capacity_violation":0.0,"waiting_time_violation":0.0,"fixed_time_violation":0.0,"feasible":true},"config":{"customers_count":100,"trucks_count":4,"drones_count":4,"x":[0.0,3682.4567823402076,-280.0214870516194,184.75260927184524,2985.8217153395904,-1059.9235586710981,6310.666365035005,-7116.587503212428,4341.835973231555,5000.42151171583,3662.135008450676,-7683.243995138027,-4619.086138916766,6172.608341492992,-3798.3505042376446,-7230.110446853199,-5419.691816280148,6035.183093249282,-3333.084599592911,-475.0267158621786,597.9034772170762,-6443.610362187074,5317.953099700619,1550.8676452957861,3199.4072747599134,4831.867576628966,6311.073259686579,-4446.64559559334,-722.4140803949575,-1194.7247630507288,5375.053641731417,5059.039652207048,5916.857035569115,5633.742555947207,4182.421427546156,6019.22931976611,-1917.0655416380346,-7524.152021596548,-70.4672108220129,-7711.9154751604565,4291.822390325001,1924.4266821785875,2078.7601357218196,-4099.045770813001,-1843.3348664509588,7861.901618205084,-6157.521476515543,5825.9848471374125,-3805.8520351198854,-4319.753642113274,7389.554227230712,2449.906925307409,-211.04952822984245,1324.473392931282,-1046.9615298591393,3190.899972619348,-1422.8494496049884,4552.547288090548,-1405.6405221155399,-1461.966597768924,-4984.9152984171305,6326.4295214026515,-4504.878629922064,-4221.8136568036525,-6193.243888714159,-7393.651343037577,1345.0001768068278,1429.743324226607,-3576.701450758713,1809.1964497456786,-5902.151388985467,-1290.0318922475894,-7332.209309909916,-1796.8452014003894,7637.096287283304,-7543.644445620694,5612.3233749604915,-6192.954246437135,5248.95821686106,801.4582802985224,4833.219693612438,-7680.687149027566,-4434.658852816084,1647.894462626613,1765.7058487542529,4524.326701952002,-3311.844700079665,2924.22971826887,-2736.662281355993,-1617.8802496060487,1382.3268312351981,3267.4370131771857,-1376.9261147229533,1062.449121288384,-335.58574828658647,-3980.764558661387,1468.9077182029935,6915.083122907817,2459.924129641328,-7603.794644514038,-7179.051677967578],"y":[0.0,-3064.1522953955987,-276.97906848149114,5491.7165861325075,1949.3930669112926,-1873.936640427862,-6129.794653675603,-6210.975501967191,-7926.15901707193,1142.161147598522,6060.329352392345,2954.485837091592,-6904.68341541858,1124.7590904710405,-3063.170469513998,7727.436864857937,3789.098050250428,250.21610423637924,2371.644872655524,-8038.332394720507,-1281.1830351980102,2222.589936064469,-2157.3350954636803,5259.2818775830465,602.2407171139881,4313.868207958005,3772.1255847540315,-4131.428137219364,-4673.646066290966,-5000.830670132265,5350.849504185715,7255.020753085811,3433.034991628016,-2579.584679398559,669.6338623272269,6095.720894196827,-5745.972269551358,5791.175697190458,-7916.317256483175,-6520.083107044503,4796.711840699019,-183.21912605358958,-6769.612589924674,5027.368054838511,4718.766772743786,-3103.79025249003,-4626.449344507884,7971.231230427808,-1759.5675964175002,5311.844873107101,-2318.8405856619233,-7066.632691700302,892.8668212758065,-892.3988926337456,-3170.398567775634,-5149.0340414001275,-4290.301291009288,3169.1251996879055,-7738.770766753285,2820.993063795803,5655.677566104685,6871.565013209502,-951.4294544209436,-7783.241201781497,657.9180493081982,4022.8106535641423,-4055.117092981839,6656.307915160957,1341.2421507660515,6214.908344769173,-6304.842873218929,-7905.271715337541,1272.715975897855,5443.542136132617,6346.663968012154,2636.2840369531,5443.284358217306,6696.089075720546,-2020.6507930777384,-2463.5332832262047,-87.60064564044025,-6285.6553870542075,6023.573351499581,-6169.529196453876,5502.947055788088,-3087.380450765206,-1403.3009825784236,3272.3860433659806,-1714.4312396896487,-2089.8913433221333,4987.4212848661655,3032.8151060884093,-5419.720019347751,592.2265281713844,-3747.6509301311494,-3518.1895476602617,2747.4833332206804,3159.822289853768,6773.526598854934,-4923.569229827439,-5344.3212156958025],"demands":[0.0,0.3687226032966671,1.0267214640903408,0.4261479987921451,0.3511522384638135,0.5659941665204619,21.715670065556054,0.4361403658748902,0.9284537491449669,0.9824359483743629,0.5185127478445276,0.9107238508894535,0.8354049783167948,0.12390731503053821,0.3836841030019665,27.223281710663592,0.6768228705022857,0.8947553965119521,0.934556542257922,0.27172824537159207,0.4795102999482968,1.0143898545165562,0.6870589083077417,0.6716325615123366,0.8938223178116274,0.9086664099969606,1.0973751355206711,3.1243877983768646,0.749663741476465,0.15958974725867467,0.2398189873847374,22.901684756769793,0.6057483141210596,0.09002507642811358,0.6993250980633672,0.8710013050441296,11.22960565081077,0.5766288020772738,0.49410656307920536,24.724895951244164,0.7372312743441409,20.255478087350863,0.48088901998347283,26.845970195517022,0.7513144225886995,17.008558071596358,13.191515487596202,0.7073318587289515,0.5332188254254837,1.116197920492607,0.4245023033890085,0.12430433585121323,0.13354142215948142,0.43255966979358107,0.7120447685478123,22.981248318962802,1.0683338814235763,1.0636420208555328,0.4998350096595,1.0408808972779298,0.7920921610731512,0.9536556196893637,0.8722296325666289,0.9886755061019914,30.00290902522056,25.288507024793873,0.55858845746705,0.07095997990167986,12.1911391120625,18.44664393695278,21.638726916123453,0.9292554887857278,0.020147218262563073,0.8684556213063029,0.5127871967694269,0.6911606784527593,0.9074101671424368,0.7441307098772518,0.8243603699045624,0.5339128336977406,1.0623997541816674,0.48411675912114366,0.7965656659728011,0.12083326213402563,10.280412236579878,0.2741165811601177,0.25342061564649493,0.15724638275362202,0.08836919765090141,0.880620306471647,0.8434900391926936,0.025102950214955486,0.11781662056441367,20.481944434579553,0.35562447160806065,0.13513727122837488,0.7109700740494314,0.3074246376197533,0.11533492566075904,0.4917083876929688,0.8508678846375617],"dronable":[true,true,true,true,true,true,false,true,true,true,true,true,true,true,true,false,true,true,true,true,true,true,true,true,true,true,true,false,true,true,true,false,true,true,true,true,false,true,true,false,true,false,true,false,true,false,false,true,true,true,true,true,true,true,true,false,true,true,true,true,true,true,true,true,false,false,true,true,false,false,false,true,true,true,true,true,true,true,true,true,true,true,true,true,false,true,true,true,true,true,true,true,true,false,true,true,true,true,true,true,true],"distances":[[0.0,4790.565440862019,393.8647452964974,5494.8234356561115,3565.84697443893,2152.922776730291,8797.664034675006,9445.741600155909,9037.451874414506,5129.205336298596,7080.877394757535,8231.720649438934,8307.262474840276,6274.247106152746,4879.598331660606,10582.427773155894,6612.890700583642,6040.367792432941,4090.7398291796408,8052.356057005672,1413.8311560251657,6816.15878069017,5738.8779290672055,5483.177575192942,3255.5953051840806,6477.376258463692,7352.453815991429,6069.708024758482,4729.1489357504815,5141.563444204704,7584.378159607726,8844.727713746139,6840.68172283334,6196.2337193555195,4235.688669764636,8566.734198274144,6057.337502020927,9494.76590547786,7916.63088271105,10098.76844069545,6436.472940422976,1933.1288894516908,7081.588686130594,6486.6482708738495,5066.028354186796,8452.396759842017,7701.889655860281,9873.329062075383,4192.921158284356,6846.602623528335,7744.839142222143,7479.260761738198,917.4710152921465,1597.0615367470464,3338.795519878206,6057.589800800272,4520.086915522442,5546.984887449894,7865.392441434087,3177.3177680200756,7538.970040007651,9340.34882753529,4604.253411473811,8854.5216786613,6228.091684031376,8417.18989549544,4272.352994943639,6808.127571851526,3819.9114878294004,6472.887881591482,8636.343825629141,8009.837899504062,7441.84784308543,5732.434357726816,9930.02433149588,7991.030286855236,7818.408934658069,9120.871186923307,5624.463706871877,2590.623788322486,4834.013496034091,9924.838473549118,7479.948867589668,6385.816053242707,5779.285720842305,5477.357953773247,3596.8832292905113,4388.579481110408,3229.3335098469424,2642.9495509672747,5175.441869163329,4458.039042314266,5591.895082485439,1216.3594846904393,3762.6460488020844,5312.640037190597,3115.502295123813,7602.818654958254,7206.378376756727,9058.654809453992,8949.891186571229],[4790.565440862019,0.0,4844.540084696301,9243.204357808001,5061.712903403738,4889.456473284203,4038.0253440820975,11248.19335603476,4906.515084966758,4407.959143253395,9124.504277784792,12860.915952333964,9146.873463503074,4873.174877448398,7480.807351008201,15347.394571567105,11393.689016796267,4064.5244472782865,8875.00488641041,6482.834002066157,3562.7866165342502,11423.08536418153,1870.0710249056935,8592.044499481744,3698.077142104081,7467.016252957649,7324.228276043829,8198.864750284974,4689.707615185005,5247.6302226695225,8583.538863159982,10410.586573393255,6870.661331654376,2010.5526466009587,3767.1107918481093,9453.241916987105,6208.607624138564,14283.028906389254,6134.161989062456,11906.938183991932,7884.447438491379,3374.9734457161685,4037.6080702201098,11226.062691922874,9545.061684822043,4179.6327953159,9963.229607131354,11241.636986070485,7601.099274608795,11584.157295375318,3781.2776955124364,4187.962329447941,5551.341430695085,3205.713416251692,4730.611571685121,2142.0457492793757,5250.485032964376,6293.711609131084,6909.471183264919,7816.650677408167,12294.664354906312,10281.491636986355,8455.534220595398,9205.829201190836,10553.82733396691,13149.342760951511,2538.8411948774524,9978.079205407188,8491.341382811066,9466.259590647576,10117.647415236203,6939.890550797103,11837.706514621676,10119.467118839799,10207.969257285038,12590.485421920252,8723.580886341811,13884.741791252163,1882.238595315567,2942.939952929005,3191.2560225747943,11810.974649644551,12185.00404873692,3712.5206437708425,8778.902290973203,842.1903043546888,7188.788514782401,6381.741643100698,6559.484467709636,5389.133237818114,8373.675113732295,6111.076247565136,5580.865040584689,4498.171433527108,4075.7620344680495,7676.660155798635,6218.915350697811,7013.396658935067,9913.350196240286,11438.395980478268,11098.267267390915],[393.8647452964974,4844.540084696301,0.0,5787.388402049384,3952.526370292587,1777.2227569759518,8814.34153172733,9052.676320621757,8937.086788718865,5467.8183232554275,7463.3823335207335,8077.751477991116,7921.73888508542,6603.12816553543,4487.928430396441,10600.679741556854,6553.563475593058,6337.171580538948,4041.8316578903305,7763.802708337254,1333.8582569581306,6651.140731497149,5905.341502583245,5831.152568563718,3588.7953326853144,6870.756036635933,7735.488249188505,5676.049161641867,4418.867716539161,4811.595996916417,7978.240981288412,9232.366715032063,7222.569331638732,6346.227048860809,4561.740107329457,8960.572835567717,5708.747662141423,9449.863991702387,7642.2117835968775,9706.15249657711,6829.648298485585,2206.441174748716,6907.831844196947,6536.133787234799,5234.6370678709545,8618.687447746826,7311.8327256704615,10262.37236160285,3824.8594479874464,6895.9690352199905,7936.724141133526,7317.916743164915,1171.877355735555,1718.4718152623093,2993.338174706822,5981.990925966509,4172.8660431206445,5935.432216239555,7546.21451858454,3315.7843079903837,7571.818838305949,9733.800769226056,4278.352626976567,8478.307420902594,5986.671177906396,8312.15503836304,4112.787660478555,7140.991815387487,3672.4295360879028,6819.782531265785,8242.783915806745,7694.866452686635,7220.450665951866,5918.202179112373,10322.470679424609,7826.066726379105,8212.255575888294,9142.562723913885,5797.41387598253,2439.388821243056,5116.746970358856,9532.787805344586,7547.050578731775,6199.919912361053,6131.276077170017,5565.97857081076,3234.2778249913354,4781.758932024682,2846.287535852882,2253.112732379705,5520.6261430781515,4851.721270730879,5258.42031887178,1599.2953771925497,3471.1166154961275,4919.445563516887,3493.7266899834335,7973.777895384007,7564.187474380705,8673.43377155115,8560.056893041334],[5494.8234356561115,9243.204357808001,5787.388402049384,0.0,4515.9765335744305,7470.078059631259,13137.21214109122,13793.569862332344,14047.089655796299,6489.167858119145,3523.5647898218626,8266.977104170786,13294.645528070843,7411.122319784467,9436.694492655632,7744.587742791229,5857.363502278994,7854.98976126448,4702.129956233939,13546.12616884089,6785.489143776075,7390.695822153202,9211.826035193439,1385.7475186299869,5744.137622468962,4794.059273914214,6363.080851578097,10679.64248926917,10205.760591848459,10582.840154972551,5192.212278242011,5183.427028725386,6090.582161134378,9738.449340522984,6263.692024343477,5865.657651914254,11432.553973485346,7714.718813218003,13410.462657242522,14375.002563641478,4165.459612409545,5935.601167311451,12406.750488096399,4308.891750755923,2170.389417409087,11524.81473682642,11941.596307831805,6162.101429935133,8276.838026924339,4508.096095017752,10626.098516765791,12760.997635745349,4615.850787425156,6485.051573497943,8749.249034065739,11057.237262874361,9913.23651127253,4946.924408630441,13325.732471696821,3137.586378030022,5172.267344090283,6294.7737826475895,7969.1136307322795,13987.22025737113,8002.777494278256,7719.448885970657,9617.078959572018,1704.7799987012459,5601.33686581613,1778.1518806371323,13274.381920150357,13477.918417754547,8620.016394624148,1982.1833065823619,7501.223988188875,8239.03004491335,5427.786850757762,6490.42817008507,9059.90298381612,7979.118144795719,7262.02637057705,14162.33148836169,4649.928373097382,11752.67787718727,1580.9931273976508,9614.198316779613,7730.941728961397,3525.643613409481,7775.810661968529,7792.962467500775,1299.4220900040298,3943.2397368970965,11022.626240256566,4977.484705678751,9254.00800231633,9926.224952926617,3029.8301091283975,7122.856156893578,2611.406202760468,13005.369927556541,13101.348358982668],[3565.84697443893,5061.712903403738,3952.526370292587,4515.9765335744305,0.0,5566.498439162803,8736.58206446264,12986.542542148187,9968.214666181284,2170.3077457163918,4166.196924501231,10716.304148873247,11671.730541212686,3291.751842975081,8435.092525371841,11736.739754868671,8604.485583459673,3490.8175494534858,6332.998784489707,10570.34208342757,4017.3094806696026,9433.388883853137,4722.716696305783,3607.555560507053,1363.97882855904,2999.7713270533645,3792.051115792529,9603.018111234176,7590.498012429458,8110.646019457724,4156.721676124781,5696.3073791756115,3285.1425249462372,5246.248583959209,1752.0372407487453,5137.469819465125,9124.524706321119,11190.122507345579,10328.269079826989,13644.544978056718,3132.5487965275806,2382.1406721689063,8766.060708959085,7724.589136170784,5566.882791473822,7022.166110154652,11262.434379114615,6658.00732072349,7738.425003500431,8042.233113533331,6132.7545645692835,9031.939168424631,3366.9323509209075,3291.7867169219408,6517.331285531359,7101.388913699863,7640.037115150667,1985.541612769574,10636.985430605831,4532.384298886599,8790.289718287597,5948.734082378751,8032.768075997923,12110.911504337884,9269.474261500245,10584.541627213659,6224.66365208377,4957.461784821133,6590.641686693731,4424.824019243357,12129.652792167755,10742.315488013362,10340.196135640454,5923.088768068511,6400.808270935676,10551.847081887261,4371.016737951864,10333.491721414208,4569.795955483728,4923.958020544272,2749.949576828982,13475.549502442664,8465.369268596844,8228.423181395005,3757.183610066917,5266.505963368744,7134.504865047284,1324.4259095365035,6794.882754108192,6124.531845684136,3435.2308941960537,1119.4241782947424,8563.725609031955,2353.9887742770843,6594.547584457102,8855.946248722603,1714.0525510866687,4111.475904436042,4852.713942183929,12624.483568893887,12510.912002658748],[2152.922776730291,4889.456473284203,1777.2227569759518,7470.078059631259,5566.498439162803,0.0,8511.04713019279,7449.368041895184,8112.237776153529,6769.389059516434,9233.115073264893,8196.46492248552,6162.471207778623,7829.5398187506835,2985.5082040496554,11413.044266237577,7146.855334192878,7406.251635259867,4815.83051011974,6192.08198688204,1760.6099276769846,6765.028720579096,6384.1699032622455,7595.988226452473,4926.799514351995,8544.128488248996,9284.91317928525,4070.154052792188,2819.9797015569,3129.7983381846257,9675.04348337001,10989.976063152646,8765.809452846477,6730.758145178929,5826.828627735928,10659.730141775912,3965.772597132403,10026.973460082763,6122.857778323765,8113.918501334239,8552.118793688294,3429.9959290750617,5815.408698959127,7540.840159905259,6639.086651882354,9006.192558114893,5793.257349551627,12014.285870517358,2748.3092031283895,7890.624064874428,8461.182799995104,6267.615360499174,2894.0954571770753,2578.519957874181,1296.5267229229107,5366.168435674366,2443.4674802193827,7545.349675726184,5875.014855140754,4712.112427870193,8491.210176193457,11447.358254081544,3566.3335445765792,6702.046656917838,5723.745782332744,8653.770062559897,3246.722399600661,8886.141646741304,4083.0804079082413,8582.613985100617,6563.543281220725,6035.723041278244,7017.3350520709055,7354.491767140397,11967.306654565558,7898.147067416587,9902.55534124248,9989.661897030996,6310.5874766323905,1952.5282460556116,6157.932581492602,7955.989744759869,8588.335250684013,5077.833577801734,7899.531290880721,5714.56882486467,2300.575308387499,6508.311186466313,1684.3083794292631,598.2909849406332,7283.050154021501,6542.343786497893,3559.9256159037873,3253.678928043434,2008.848053734011,3351.847217605013,5268.065128653436,9430.772001242443,9336.377682145556,7219.591935730109,7034.7208928729015],[8797.664034675006,4038.0253440820975,8814.34153172733,13137.21214109122,8736.58206446264,8511.04713019279,0.0,13427.499274715861,2665.1863045140426,7389.05154612781,12474.527711706143,16683.934763822697,10957.186791814565,7255.867284107145,10563.920008695817,19374.609725814058,15361.827219896219,6385.955551372589,12855.987192262875,7048.981975940121,7492.976340498197,15245.783127458102,4094.620198357855,12343.69264390918,7416.214220232688,10547.840528945071,9901.920246789792,10941.354091353183,7182.241242149388,7589.825799166018,11518.704851129867,13443.208430331735,9570.93499158113,3614.1688816055816,7124.72137407347,12228.988754701903,8236.679667841914,18262.303630629576,6626.501997530229,14028.012209212417,11111.447932912868,7389.239410194894,4279.999687528699,15259.239379978257,13571.257167479705,3400.446065837847,12558.493347961192,14109.35317999893,11020.1102114572,15617.840586624474,3960.7284592235346,3972.798630806211,9583.869384764694,7231.350822137989,7930.492634948,3270.295662755459,7949.276865638805,9463.661718805995,7882.270999473533,11854.552878017084,16324.445490090284,13001.36922269364,11991.308505529854,10661.473673834858,14227.466934491928,17055.313493699974,5381.647301129904,13686.045032481192,12392.59590473744,13139.822050471854,12214.072186297364,7805.314394356346,15521.766017530088,14130.600420725657,12546.769945979022,16394.6962048263,11594.129581270961,17912.113829350787,4244.088531002631,6617.616350119983,6220.2055510757555,13992.22161501455,16222.40327160567,4662.941201407001,12489.089069009287,3528.0722177946413,10720.65583913484,9993.445603113174,10067.253335114441,8898.464484254631,12160.634061782355,9654.77407802646,7720.316322609258,8528.150620548335,7060.260326181603,10617.628345679641,10111.809494388523,9309.258970224508,13465.656876270496,13966.646160027047,13512.566795449386],[9445.741600155909,11248.19335603476,9052.676320621757,13793.569862332344,12986.542542148187,7449.368041895184,13427.499274715861,0.0,11586.083162829864,14173.585504558794,16332.966105764774,9182.961457918826,2592.053960442138,15179.450853361946,4573.770141109282,13938.874659254114,10143.02351481508,14653.193057966248,9379.56644608834,6888.36431277858,9155.12014408016,8460.37376419652,13078.600863652468,14376.77234655012,12362.833959376121,15922.873921291333,16732.136171786075,3384.2439380591773,6576.384687262589,6044.245927105564,17021.07211567346,18154.30945447636,16213.50100829765,13257.372134919704,13229.14918055497,18000.123882745982,5220.2736168759975,12009.069166429472,7249.551825770448,670.7927442216294,15853.106854268552,10866.176164033448,9212.301210712514,11636.405115308095,12135.339285026856,15297.37678606993,1852.1692112862975,19200.1345527689,5547.61225044399,11857.388795296292,15019.21642797741,9604.684527731404,9907.120190924557,9976.911656507504,6788.627810474115,10362.046985518846,6008.963508604142,14971.806702959666,5911.774166187547,10656.040247540808,12056.594935000367,18758.13351736602,5872.294940232735,3294.197178777376,6930.6754396081315,10237.536004746624,8731.906524135868,15446.901085613768,8340.67052092408,15299.418568934838,1218.0583561243654,6067.898313774462,7486.797105531404,12811.223186505962,19374.35145876939,8857.56055475068,17258.242814179444,12940.070108218999,13056.245330153582,8760.066906855101,13427.345667419977,569.0215247645511,12525.05197329264,8764.579962882333,14700.71824366005,12052.70631749951,6131.052281816766,13811.30539357882,6277.153435409655,6871.6167023123935,14058.294187405489,13902.360589574617,5793.944950833779,10638.618235833414,7214.565319305007,4133.337844319702,12408.251806709222,16873.044533074706,16134.028320925852,1376.512153262753,868.9024255003619],[9037.451874414506,4906.515084966758,8937.086788718865,14047.089655796299,9968.214666181284,8112.237776153529,2665.1863045140426,11586.083162829864,0.0,9092.203556920034,14002.994333737463,16216.996660544715,9018.954346528304,9234.221464413706,9482.156584957454,19466.50990763583,15249.08761004591,8349.882310141971,12843.25390041208,4818.168638833265,7627.10537061043,14809.55630557453,5850.823367963333,13477.58716514126,8604.577000477946,12249.832547500486,11862.873097006608,9572.742069860731,6018.75976432471,6261.87278088204,13317.150371759284,15198.111735705283,11467.867276616505,5500.44359726845,8597.27097530986,14121.854151811678,6627.7494239674725,18137.44587191131,4412.3141601953885,12135.484063043055,12722.9691590443,8111.534123480732,2541.4782872311685,15460.99441238051,14076.593570392146,5970.435716640626,11005.661760238347,15966.51854855077,10218.2028571918,15819.857194710847,6382.053474156265,2078.0233459675133,9924.917285643362,7653.643474132628,7187.2384112680875,3006.173116772441,6815.501406971724,11097.284853011997,5750.530446917467,12214.147622018143,16475.878557919605,14930.212591514259,11265.48763888049,8564.842116929509,13589.491777808593,16748.12045395227,4895.507161550859,14870.39425926745,12189.666088157592,14366.072848487524,10371.496667095855,5631.906598443404,14862.793627347532,14711.638776485086,14648.283739090697,15900.624140468255,13429.674396760973,18021.98502550705,5974.771807236696,6509.574034965066,7853.945206263796,12133.932354573126,16480.955511935972,3216.064238979852,13673.965640382647,4842.218590668773,10056.167499956142,11287.914730576576,9417.573972127937,8341.476956535369,13248.367845744757,11011.51428993596,6243.915139392783,9127.82944747041,6272.0175217835,9417.84871702291,11053.522415072102,11380.710980901984,14819.660906853851,12317.20894870611,11806.639602535828],[5129.205336298596,4407.959143253395,5467.8183232554275,6489.167858119145,2170.3077457163918,6769.389059516434,7389.05154612781,14173.585504558794,9092.203556920034,0.0,5096.99806312172,12812.4896671139,12541.396846521402,1172.31599643411,9752.08710987613,13890.707982745333,10751.048169127504,1366.124990985783,8423.713809086832,10689.34024968092,5025.411632133289,11494.920264962764,3314.7400753829443,5371.229373486276,1880.2038062328527,3176.182631047443,2938.45553738039,10819.326267145698,8159.317420192637,8724.459057068316,4225.329207968608,6113.14065295351,2467.3785762705156,3775.246686752603,944.6725215795435,5057.2446562197565,9762.069919119369,13359.576283462975,10381.23034295916,14842.961250562937,3722.6137972232873,3349.3845794602316,8433.99483458088,9894.197164898118,7721.988679188758,5120.173013849013,12560.91392925936,6878.790083800087,9272.026935117654,10210.383306655262,4205.530659735501,8595.895587522711,5217.430216239517,4201.43179515098,7427.584597309986,6546.258863391659,8412.494159845342,2075.8551463554872,10950.277733859,6676.895736826551,10958.046435013908,5880.847379164982,9733.131684688418,12834.033995661533,11204.134793683324,12724.432541577453,6354.038577607002,6569.288948800363,8579.433055816116,5993.05277154716,13203.180099550924,11019.339609830093,12333.321837433157,8043.923991296806,5834.286886998893,12632.735014655469,4344.431466045463,12495.51024544337,3172.562034994553,5534.64764436499,1241.076353850716,14696.359254524286,10623.037540626969,8043.646766373068,5429.533972384154,4256.252859050231,8693.281718196069,2974.631148516398,8247.580596037082,7365.329694452428,5279.832823128193,2564.7237010892063,9150.346834823726,3976.1859404979195,7237.62638123228,10118.328509864503,3879.258820112694,2781.525763019109,6177.896389057664,13987.828635088224,13799.058686285282],[7080.877394757535,9124.504277784792,7463.3823335207335,3523.5647898218626,4166.196924501231,9233.115073264893,12474.527711706143,16332.966105764774,14002.994333737463,5096.99806312172,0.0,11762.818058467416,15384.088525522271,5537.357688128745,11785.461089213157,11019.086101701318,9361.520715259334,6276.047575438207,7908.191358067203,14693.140242733089,7955.33274063058,10809.918284788417,8382.824257305378,2258.1246501513942,5477.668163195115,2101.999241216771,3500.3928838196002,13023.987239381677,11594.934195647453,12080.494521497261,1854.0366499213717,1838.1050368896308,3462.1448666508927,8862.01730973725,5415.745177212791,2357.3599966205584,13058.186580318903,11189.524619424692,14466.477448111234,16959.82906910587,1411.8198945863362,6480.858571971763,12927.27682966581,7829.619156169478,5666.567629399893,10080.631315001929,14513.197180471974,2886.8308076269514,10813.030045872585,8016.905602895203,9170.831090109727,13182.815686817827,6457.881035268026,7335.195421926829,10362.525181792813,11219.264242947915,11532.242698399674,3025.2099894633543,14700.255539493546,6062.154473574614,8656.513274849662,2785.061677795925,10764.054688373246,15931.135937049643,11238.97420116148,11241.970214238629,10377.445283751216,2310.57635214085,8641.211564342828,1859.375155050747,15632.436101299454,14817.623635230771,11991.53238053656,5493.713807770388,3985.2609300171134,11717.234293785777,2045.4777411907212,9875.574648981778,8235.30497348043,8991.090343995287,6258.472864887394,16765.528732575855,8096.877289143557,12394.620006326477,1976.6432612676265,9188.251692195174,10214.801552261739,2883.9438468221206,10069.33508332245,9711.05856815643,2519.6541521132067,3053.1342943025284,12537.291197889203,6054.627586248723,10591.423344915338,12254.05802628773,3973.0586068454536,4358.2809288969,1397.8416610937606,15734.268302340575,15735.227464195288],[8231.720649438934,12860.915952333964,8077.751477991116,8266.977104170786,10716.304148873247,8196.46492248552,16683.934763822697,9182.961457918826,16216.996660544715,12812.4896671139,11762.818058467416,0.0,10324.35381597727,13976.141954839393,7162.721889063555,4794.412531899712,2412.5186036103723,13982.428850791106,4389.030685296494,13145.35845927799,9301.521072092262,1439.5704754833926,13970.033612892672,9517.39999034717,11133.96406347127,12588.722654979672,14018.182841782284,7790.105650841361,10326.739535661041,10265.862971775685,13276.358536814185,13448.434597122561,13608.517822994132,14421.097991597953,12083.648640608,14057.920636767263,10437.757672175409,2841.1475882877053,13271.34997907506,9474.612326156404,12115.940392087357,10107.053392533127,13778.781327433313,4140.448961152167,6100.592254136342,16683.952209163057,7732.942999366051,14410.655719103373,6103.807679276289,4107.335995456732,15968.632308784388,14251.440774343499,7751.384593584976,9794.768739848845,9030.750463386406,13561.4911220199,9574.940229434125,12237.673732483152,12399.759762196043,6222.709440070127,3818.038044917341,14546.974300934124,5035.69068343915,11281.85631660357,2737.576285882724,1106.8793148494915,11429.948646671613,9836.159035954146,4412.056987422822,10036.77141954695,9429.075195228428,12601.884584858186,1718.0149057132192,6391.016509031386,15691.389321569884,347.4772220402644,13526.501017320996,4027.4754289010434,13856.184126262422,10067.030539882524,12880.844438165916,9240.141577899154,4469.071894477631,13050.586011759699,9786.588156022095,13620.900504914924,6172.474201041788,10612.236292213229,6802.018621040543,7888.876884822859,9290.715846629244,10950.961145956873,10483.175517698148,9059.1068615669,9945.185717676814,7456.800963811823,9154.492395573869,14599.771152463507,10838.308537200344,7878.455675874758,8314.10899568243],[8307.262474840276,9146.873463503074,7921.73888508542,13294.645528070843,11671.730541212686,6162.471207778623,10957.186791814565,2592.053960442138,9018.954346528304,12541.396846521402,15384.088525522271,10324.35381597727,0.0,13451.119533848974,3928.2093497654423,14863.256434345545,10723.708849372611,12833.785100578818,9365.044926067743,4296.322672947159,7670.771615762604,9307.846554063552,11012.813668667974,13639.295485789102,10838.94594466203,14668.893164099092,15279.48411776536,2778.6112680692654,4490.164895064207,3918.023239882246,15813.946917156358,17151.190657455143,14760.573174487014,11127.756976253033,11611.925665731016,16798.341227987898,2939.987555700779,13023.987346044529,4659.757201980481,3116.65055794374,14708.057035394075,9380.59924701232,6699.2080760780655,11943.378679139412,11950.288256075135,13046.90937461522,2749.0241486445666,18176.6978424085,5208.989009252512,12220.194898936385,12854.469958061172,7070.847934310117,8957.263893339803,8454.198075012191,5167.683963437664,8004.88524507868,4129.276312688889,13623.526699544122,3319.9298850722066,10225.27196584235,12565.6873652066,17595.1508614611,5954.349341384399,964.2039250196104,7724.695044824411,11274.233397423104,6609.867911491657,14848.866075975118,8311.549451285464,14609.808520089751,1416.3562800369934,3476.1730571421203,8615.735496525083,12666.637998355174,18050.2691154634,9979.133289846704,16036.023471528359,13691.532900869668,11010.543767847625,7007.575636221014,11654.128154506952,3123.5550971628713,12929.5721682979,6309.952264936924,13954.026753444477,9908.269288958356,5654.5635421113775,12667.847366075806,5521.072108492415,5673.575547003506,13320.627306581428,12686.651421611123,3566.0507441917634,9406.566940986095,5321.205663164038,3446.127559476639,11411.747988273544,15307.884754330975,15401.487446896912,3582.359317507828,2998.0249757884644],[6274.247106152746,4873.174877448398,6603.12816553543,7411.122319784467,3291.751842975081,7829.5398187506835,7255.867284107145,15179.450853361946,9234.221464413706,1172.31599643411,5537.357688128745,13976.141954839393,13451.119533848974,0.0,10814.74799996054,14940.82409748106,11894.54181717419,885.274609162086,9587.122740636221,11320.481324650791,6071.728900062194,12663.89383028076,3391.54505021969,6201.190671156134,3018.7663098885964,3459.480128835351,2650.985078913605,11848.884266160221,9009.04193354109,9581.254979829828,4300.689907910456,6230.581295343351,2322.4009917203825,3743.3326194987794,2041.563843169786,4973.32749559152,10613.659734370962,14469.85447028986,10987.131284524103,15850.035136873707,4125.602112906394,4444.980812718794,8892.732839804066,10988.049641843358,8784.773004080313,4553.497701833304,13605.458455763846,6855.240959298475,10386.963556513068,11296.961863535656,3652.3055756983176,8997.633308992668,6387.868331625722,5251.032165990685,8400.629050049198,6946.298658892012,9328.121889824815,2608.453680874157,11661.561532174457,7820.738085082967,12042.40657044893,5748.864172078747,10877.46693392717,13689.283322564572,12374.661285749731,13872.350366483173,7080.742748303096,7286.480698659516,9751.712995196776,6704.400254166937,14177.404836134505,11714.625713700616,13505.628124511231,9064.440234665886,5423.37676115654,13799.28614761798,4354.719248342571,13562.700908025563,3278.2209944204383,6459.496508165567,1806.5929480144653,15710.761874472957,11683.856319534323,8583.686696191564,6212.030218869991,4523.157290885852,9815.596631420001,3894.1321508932187,9350.727499079303,8427.674050384896,6153.613261777754,3475.729880989294,9991.280064358438,5137.832051142934,8130.004287766795,11164.584779825655,4975.744519320311,2166.2758426661308,6759.630050580148,15045.6490289714,14836.300929911658],[4879.598331660606,7480.807351008201,4487.928430396441,9436.694492655632,8435.092525371841,2985.5082040496554,10563.920008695817,4573.770141109282,9482.156584957454,9752.08710987613,11785.461089213157,7162.721889063555,3928.2093497654423,10814.74799996054,0.0,11323.17018102007,7041.472254940032,10376.748700822114,5454.694323745933,5983.03578331325,4743.682987459908,5910.724387184678,9161.196926387876,9893.298129592527,7899.610946152881,11353.473643437716,12203.348761224843,1249.5843189185741,3472.0334864940846,3245.519073003753,12447.77392721687,13598.471623297197,11686.998884867298,9444.48170692224,8810.592988383969,13426.472530524998,3276.6840874254444,9606.302253551457,6119.652570628224,5221.708127150749,11279.567695364733,6406.582432628608,6948.247452867459,8096.124459108377,8023.754319919644,11660.322873990204,2830.111043305686,14641.921043066932,1303.6244565483653,8391.230137549881,11212.6374799334,7420.810647788951,5340.314535548076,5563.77335271632,2753.4776471561213,7293.863795600194,2673.7343386403536,10420.124915098892,5252.266101226296,6331.0402182531525,8799.218549337093,14184.855997834098,2226.7986229583903,4739.0282505160685,4425.156956303328,7945.899357410414,5238.130805164175,11036.359234339452,4409.986262177046,10841.002228815278,3864.5074893973,5453.219850149233,5593.573931390706,8739.003537724004,14809.268296015165,6819.897974211101,12685.446645540524,10048.744894433701,9107.175323371424,4638.728878634235,9130.061328225602,5045.487772976246,9108.995640749812,6269.852373025205,10214.552978792415,8322.712418534049,1729.6978381032825,9237.55168732125,1716.4729513373575,2387.8280484184734,9573.476132000114,9332.009075178177,3378.8491909166733,6081.882949399905,3529.766742438296,490.2216322525801,7842.684922722797,12389.644828097164,11658.756820858343,4235.85748723204,4078.3316629309043],[10582.427773155894,15347.394571567105,10600.679741556854,7744.587742791229,11736.739754868671,11413.044266237577,19374.609725814058,13938.874659254114,19466.50990763583,13890.707982745333,11019.086101701318,4794.412531899712,14863.256434345545,14940.82409748106,11323.17018102007,0.0,4334.527452510836,15227.502848732442,6623.542731647034,17151.986373565254,11934.531180533324,5560.748339263942,15973.81029923397,9121.258975383296,12631.043505952593,12535.69961407565,14107.024615303382,12181.1475533175,14004.890926503014,14086.68430804543,12827.24947847551,12298.226991720978,13830.569092870704,16483.73159182788,13418.586624779555,13349.438237627466,14483.13501518289,1958.4605579624463,17204.288252532395,14255.664187790795,11888.821870634472,12098.92673973051,17228.450725980652,4134.481537555396,6170.044317247654,18576.445005421214,12400.360945280947,13058.371262085002,10086.069567407634,3782.229686508576,17738.722778020994,17679.570989410757,9796.865001620467,12144.236211389913,12529.730549636273,16565.052404458784,13347.296006051085,12633.654599349109,16526.585503614555,7572.626640519774,3055.010285830708,13583.5301942228,9096.68121041554,15799.714670333511,7145.151400971072,3708.2342145729954,14572.614726857115,8725.84577925625,7357.369109881552,9164.97745196255,14094.976052019934,16723.220706197797,6455.528323244745,5893.771827899743,14931.187825093411,5100.798043979643,13043.981721133194,1462.6589644274807,15835.162383142555,12975.437132447742,14373.543243346901,14020.33429790968,3273.7899270965036,16490.7439760006,9266.77213138276,15972.697525950773,9935.953909964835,11088.647438307678,10456.574473491939,11308.27400331372,9037.79626057173,11499.477211312813,14391.230001768854,10939.733577191682,13387.012763191515,11705.65513378196,10023.614827657935,14864.37365084042,9736.87397932444,12656.523815303628,13071.85779889003],[6612.890700583642,11393.689016796267,6553.563475593058,5857.363502278994,8604.485583459673,7146.855334192878,15361.827219896219,10143.02351481508,15249.08761004591,10751.048169127504,9361.520715259334,2412.5186036103723,10723.708849372611,11894.54181717419,7041.472254940032,4334.527452510836,0.0,11989.071883210603,2522.5192144768976,12819.431496205938,7868.8756122953255,1871.4584848354518,12274.24480357692,7123.9132289434965,9189.392188982529,10264.981914487891,11730.77735412729,7980.072307566369,9678.969785576288,9752.599320708434,10907.135146642782,11037.048218191925,11342.139162084039,12756.90131387973,10096.11982729008,11669.165595744247,10158.048868920558,2904.663088920516,12869.768893913832,10560.942450191435,9763.646538860152,8349.573657891984,12950.411269895214,1810.3642124364324,3695.2148741546775,14963.710546285552,8447.82993205631,11998.14492139826,5778.595789442988,1878.462635643746,14190.972432616076,13408.112256963343,5959.707192182664,8209.761141188683,8219.206977202834,12410.982887864158,9013.95821044215,9991.492335490964,12206.734504126447,4074.409916790163,1916.5462972471607,12143.844904201522,4827.989663253268,11634.17155834783,3225.317194799224,1987.746914027057,10358.22228833932,7425.3386558088405,3064.0842012003027,7625.0495832931465,10105.464393375714,12402.111727542959,3160.6806082808885,3982.7381069129156,13304.918601970194,2416.6412478763395,11155.343630799965,3008.077726398721,12147.97411720147,8820.323526749717,10961.340575331553,10325.34535583131,2441.960239439473,12211.6760704087,7386.962705907228,12090.056280508958,5603.92961959701,8359.905374630109,6122.702191884205,7001.163294641515,6906.7674244733635,8719.986880220584,10057.150926412767,7227.595635007663,9091.244122995031,7447.614630960548,6966.904963124895,12350.816199063212,8425.86263933525,8982.253408674169,9301.327572474513],[6040.367792432941,4064.5244472782865,6337.171580538948,7854.98976126448,3490.8175494534858,7406.251635259867,6385.955551372589,14653.193057966248,8349.882310141971,1366.124990985783,6276.047575438207,13982.428850791106,12833.785100578818,885.274609162086,10376.748700822114,15227.502848732442,11989.071883210603,0.0,9605.46196620585,10539.585759327145,5648.822261956887,12633.70668631821,2512.1149740453784,6723.0815076471745,2857.5419193426856,4238.069920685643,3532.698936068133,11360.789537744573,8361.192393169462,8935.606293766303,5143.1733369039775,7072.492077481062,3185.017602127666,2858.133478347414,1899.6412939555125,5845.526560741889,9959.544837241028,14647.791709586843,10196.628500016626,15323.82688690536,4869.284343943534,4133.543802842221,8057.994633543586,11203.739350249756,9057.537762457148,3819.196147146394,13131.790076929348,7723.848683464295,10044.162629169738,11525.831882654747,2904.1992776793686,8148.035438252095,6279.205515488506,4847.303880688998,7864.9461026129975,6102.609983069227,8731.468812679906,3273.8722086007474,10917.406619697558,7925.663862752191,12274.427977618838,6627.75119148808,10608.338850965432,13028.523270816553,12235.221588889466,13948.693987281438,6366.608966220392,7889.745734565251,9673.606479568307,7310.0284975739305,13618.69130051299,10962.242296125665,13406.441945855207,9397.409349483727,6303.39610344745,13786.87337687239,5210.256062023803,13823.046739512363,2403.1200597491425,5895.44834220859,1248.5336081034811,15193.508898659342,11956.138351496118,7775.694904902426,6769.01901243084,3663.6372362834027,9492.157148175134,4337.227