{"problem":"100.30.4","tabu_size":6,"reset_after":375,"iterations":5718,"solution":{"truck_routes":[[[0,9,48,59,66,29,79,98,39,2,0],[0,92,12,84,69,20,55,7,51,31,52,30,61,0]],[[0,90,37,41,14,0],[0,8,23,87,99,80,0],[0,33,83,97,25,18,46,74,0]],[[0,63,1,93,16,78,58,77,27,96,85,76,40,91,0],[0,26,53,44,88,56,21,86,6,38,45,42,32,3,0]],[[0,64,71,75,19,73,70,49,22,47,100,57,15,28,43,0],[0,65,62,4,17,34,72,36,67,10,54,89,95,82,0]]],"drone_routes":[[[0,5,0],[0,60,24,0],[0,94,13,35,11,0],[0,50,81,0]],[],[],[[0,68,0]]],"truck_working_time":[9177.910754574132,9136.302250923747,9211.042203589233,9141.277563738851],"drone_working_time":[2578.110222391353,-0.0,-0.0,486.2616381787866],"working_time":9211.042203589233,"energy_violation":0.0,"capacity_violation":0.0,"waiting_time_violation":0.0,"fixed_time_violation":0.0,"feasible":true},"config":{"customers_count":100,"trucks_count":4,"drones_count":4,"x":[0.0,10874.370031315246,-10089.346805679006,-12940.258791470094,4043.278856305375,7252.660439315665,-21188.459717641763,-18091.044430034937,-183.14936665302352,6607.071742030859,15497.125883596009,-2849.5225537936003,-14226.425552128145,-4637.671318808649,14245.566466544731,15702.538775290148,16021.564389490726,4714.476788434664,-17969.651881981175,14576.548167542398,-18481.16171196639,-20099.014750796516,22116.839083105762,-4321.6005159699625,-4520.498357347448,-21431.691771674945,-3131.465150366821,19815.90560346466,15537.8656421078,-1826.006493909298,-15652.326884943604,-21628.77895370814,-17904.204680633335,-12354.336754793629,7883.940578413015,-4178.010932197557,14191.393236247832,19156.73990995015,-19924.843910422784,-9434.918794415775,11106.308985792171,16516.43352473522,-18079.564448453366,11429.655540547406,-12582.812178165816,-18362.113684792494,-16097.85315078133,22174.012448307803,6906.547264593053,19021.57293330038,-1239.2692962835129,-21130.235971873557,-19125.81651913915,-10726.74121574489,14179.725222394249,-17087.59322234475,-17368.180690599904,22801.616815322566,19202.251338374695,2716.20362865291,-8123.531608251366,-13372.404787879757,3678.4961903176813,8996.872106231005,10406.451020268532,4494.251470411952,3164.4660248935634,16699.97825191502,-6042.2775055529155,-21631.464782750227,20291.333442332263,9434.94026739094,10542.250316717571,18402.933090952385,-8413.943677029616,11955.735044342526,21785.9082131185,19129.667406462966,17004.184621994584,-3132.9805490085805,-12671.18316482062,-725.8445593186559,7271.3474783555375,-12342.852689582449,-21533.19655506185,22322.821783744745,-19821.47972186333,-4043.3945478313694,-12787.295315970054,11666.571310282774,16086.97994583491,10282.746894512025,-14000.206638075226,15542.214497189869,-6656.566284783068,12130.737344527346,20766.43897563299,-19692.042322041623,-3210.9631524816614,-4729.395415710186,23600.70519831845],"y":[0.0,-19728.361883191898,-4888.818937401591,8427.733285000328,21771.941094517126,7125.154927214643,16362.57750843103,-12583.692374108863,18420.646824701715,-10433.926762246689,12399.605387544629,-5794.585607588197,-19388.387152982035,-8116.246556830857,-1510.819343187085,6017.885196927882,-19922.363585366707,21145.79380011687,-2694.18358136231,21864.846855874406,-15676.327984931506,21942.432473101162,15995.284484480302,23437.407646319945,-4023.91049054033,2581.336976429436,15883.094100636323,-17041.625336478453,3725.9931390417496,-21088.51934753824,-4471.722595496642,-9585.683691623932,10407.709672310639,1317.2108624595778,18141.799956833587,-6774.1441241376115,17511.931663958625,-658.6015417168155,14388.872249031056,-6740.290446051113,-9726.37014551161,-840.0159972947298,12357.880530985369,1119.5598400781805,20595.628595341812,13845.006709435358,-1927.369875153195,13256.86833209978,-12255.059657327267,16797.822937449906,10050.4037427516,-12238.473904926932,-3752.8310679171755,22492.615318774675,9243.928693333424,-12186.96091406798,21872.47336086356,8989.084246262422,-16970.837310659757,-14149.840212807236,-3141.8068431091397,-3964.365688590912,17697.784946882162,-19758.348259770304,20546.840729905183,13221.948138182592,-22647.08548104283,14076.489496128821,-4623.446848848825,-17678.958502299647,20353.124568004292,23653.203696437384,15929.510915402796,20762.914452091874,-2043.3175661274233,23610.461571490745,-9787.980990927843,-16625.10758761741,-19804.69925113062,-23083.8175033991,13992.54560810026,4615.940203769447,1909.4956430173847,1497.8983184257954,-22628.56324887871,-10603.511652719979,18689.66678785654,20330.644422614107,20968.98000923628,7831.8244350818995,302.5866887478644,-10432.902989507156,-17055.858746663856,-23457.61047213478,-7377.401853467597,4647.039678168314,-14687.140229362318,2486.651876203138,-20913.16248539405,18845.080521256226,11097.00856502745],"demands":[0.0,0.6989393278221299,0.12061957154556185,0.13679666693423223,17.522900711874918,0.042113440852270353,0.33120222596327326,0.21931448201627574,0.35465913228870644,0.34339153452922905,24.518146848675734,0.20034894454522925,0.16334925800079908,0.36237410370922074,0.16550815776708425,0.8215810217228777,1.040567151828933,1.0595699352023251,0.1348598902654448,21.507675861868236,0.7957597849488453,0.7958416529556689,1.069221199265116,0.5111158391234255,0.7874670415243833,1.0610325969191692,0.048353331866327974,0.944798138385524,0.9267568574140761,0.6191652468140774,0.7282465108282627,1.1194415622680514,0.53217445236116,0.1828211823555122,0.8917375469327976,0.9745776755170039,1.0672755627301536,0.04001231801588951,0.3088861857573038,0.7671453392893457,30.528114959115413,0.27237397839947974,1.1246005183600631,1.0969956009270336,0.07999070092222482,0.7297290622840574,0.20652148122473377,0.7043029976772964,23.006873012504865,0.194033996580821,0.10169621734600823,0.5437334348865448,0.7794505518521683,0.9695959648352106,0.6137104251886095,1.0945984105500586,1.1219382521402814,0.18889184115790322,1.0507497039684293,0.2778659495162571,1.0739653593287286,0.15241834800384904,0.10382002198795244,0.48487774886579577,0.15858535540811602,0.8482239024838665,0.7259969109319255,0.3372030329452451,0.1327311911896666,5.474582614112207,5.536990005728773,0.09411875475654694,0.28743446481907137,0.10246525044004494,0.8908395329249045,0.8630663718201029,0.300528398065465,0.2542630253821681,0.9641342121328731,0.44803501908649634,27.41270676878854,0.6994977348652184,0.8063349708938484,0.010621256321845792,0.22407538052457635,0.10464479965722745,0.750419869842512,0.565135263234649,0.15764619118810289,0.9567330395164129,0.2090012805419863,3.244741687904259,0.7356571745692692,0.9444670381140352,0.13943810472737025,22.833281777670063,1.1208948240492298,0.5384306388683912,0.30415695607618276,9.689348118059451,22.47202531070011],"dronable":[true,true,true,true,false,true,true,true,true,true,false,true,true,true,true,true,true,true,true,false,true,true,true,true,true,true,true,true,true,true,true,true,true,true,true,true,true,true,true,true,false,true,true,true,true,true,true,true,false,true,true,true,true,true,true,true,true,true,true,true,true,true,true,true,true,true,true,true,true,false,false,true,true,true,true,true,true,true,true,true,false,true,true,true,true,true,true,true,true,true,true,false,true,true,true,false,true,true,true,false,false],"distances":[[0.0,22526.876973343333,11211.399090566778,15442.700084937267,22144.1984034864,10167.05051550476,26770.968752093017,22037.13235281995,18421.55729385816,12349.90788161071,19847.194371468406,6457.321515012759,24047.884322413134,9347.804738684325,14325.457725339598,16816.2024914335,25565.427755352397,21664.96911665812,18170.498450226176,26278.266390907993,24234.28557467703,29756.356241807232,27294.75584736839,23832.50528583616,6052.004712048852,21586.586408739142,16188.846536971998,26135.93520412703,15978.369553379976,21167.426579234747,16278.563815158988,23657.7558289926,20709.441466855667,12424.358378082397,19780.834783135782,7958.9449026959865,22540.26159096157,19168.057803758536,24577.205891916354,11595.223497386669,14763.210202912762,16537.78108612847,21899.494557269718,11484.35631679381,24135.183437220014,22996.7699853165,16212.823033012124,25834.693457293808,14067.227243586709,25376.900762204667,10126.519825736104,24418.58136232809,19490.525866381857,24919.484765699657,16926.74880389133,20988.279073171838,27929.53260301743,24509.536204897962,25626.856527615593,14408.183098513287,8709.920552431375,13947.666655171623,18076.03181697439,21710.27484050457,23031.866767966043,13964.892009897181,22867.101390608444,21841.17281990735,7608.244095600567,27936.818759003258,28740.005089571776,25465.508888580927,19102.05119206491,27744.667287515917,8658.498419256744,26464.94844259783,23883.68414941859,25344.39538402417,26103.034442122065,23295.454441815484,18877.240672068558,4672.660301056307,7517.889847669345,12433.41111236476,31236.684020353885,24713.211684404705,27243.25059542908,20728.823944165346,24560.39584627211,14051.56077166729,16089.82543354346,14648.561311100284,22065.994278413007,28139.294954548277,9936.59563488712,12990.372061353017,25435.35090863977,19848.42483338421,21158.228883984782,19429.46836253559,26079.43413784563],[22526.876973343333,0.0,25684.420539728573,36876.85237499719,42058.75597165164,27096.644542370344,48276.090952772916,29833.563939157775,39719.20946634496,10227.23613236681,32458.83781991144,19557.48830975445,25103.097851440412,19376.91020778758,18526.8405725798,26195.046328091736,5150.8490971178935,41335.70959336549,33498.370565644625,41757.64763685689,29633.869518567215,51921.1485537947,37450.928161835545,45762.44289752125,21991.629458691816,39260.72200591338,38266.68546431188,9336.46676529505,23913.489097596324,12773.002474371158,30601.15507038751,34048.91503176474,41670.0032547344,31344.67979015783,37988.048463990715,19859.15230868931,37387.72668162644,20790.70490117674,45962.7810762346,24107.20249766105,10004.68062454912,19713.003088547186,43218.71439689156,20855.315441785093,46650.440569427345,44519.0190675698,32316.808936760535,34866.99486774977,8461.315717264792,37423.777103304245,32148.330282675975,32869.33566937894,33988.65660616579,47425.93091333947,29160.229666273393,28961.07935792682,50281.91687160501,31095.834577073565,8772.545174154919,9883.095824714026,25219.715993728845,28920.748004782712,38111.63951972961,1877.7373728708526,40277.920672831664,33562.312842768675,8243.880592833028,34303.14399465275,22678.87612033169,32570.375361314513,41172.864316462816,43405.43963819451,35659.41945721472,41185.224547199505,26168.680482746142,43352.31214972911,14760.51617580627,8819.303939377662,6130.289904225502,14403.643729948277,41127.760422229985,26966.83189864887,21935.784687165124,31457.805915520352,32537.07946346748,14640.011586615958,49174.99485550774,42746.50495944021,47075.981605444096,27571.569646365147,20698.072441960492,9314.267227226392,25017.730462536707,5974.618564873311,21444.81153507631,24407.758194952472,11102.564738031291,37786.40496905677,14135.075640602314,41609.95019289331,33349.108984392034],[11211.399090566778,25684.420539728573,0.0,13618.30614440301,30174.943804112278,21096.937770802888,23975.240527061367,11101.272092808398,25327.138445067794,17593.14108138363,30879.72150649044,7296.2640069428,15078.22598957158,6335.381176598454,24568.249535226645,28003.170479351156,30129.50627083691,29949.19453671826,8180.197579616974,36389.07814452429,13667.220232070855,28637.554096415406,38384.68685867866,28907.473250610907,5635.613512470205,13581.311376468697,21906.265961800502,32280.254413929833,27036.438466566433,18185.51859272371,5578.594511229979,12458.6930622126,17177.188102640095,6606.435146609336,29213.840316580496,6204.703286124962,33035.55606445833,29550.437008492012,21641.773974812837,1963.7267552454653,21740.692862041273,26912.08561665325,19007.68845840445,22342.06967831242,25606.140584104865,20479.133165303727,6698.6811423911495,37016.08186767423,18523.550350615835,36300.91023455696,17363.877625965677,13263.43325545321,9107.59316844457,27388.851994183446,28084.202190873326,10111.297108677743,27733.521020553057,35698.903130113125,31685.53123752982,15803.437505483871,2629.9202740846663,3410.730643678666,26451.997576515027,24194.765025148194,32665.73910434559,23252.55303712836,22158.961735218054,32823.023337596045,4055.7603806691964,17228.121124667116,39498.625852831945,34580.989600389155,29309.82186368674,38338.250346013956,3302.098377912344,36030.46798611807,32249.553040935112,31487.95424937192,30928.028239055682,19479.450821663177,19057.067090334753,13342.24945986507,18644.32318852167,6772.624755194307,21110.6661506224,32912.10089769021,25508.026191661316,25934.04848594502,25998.16709941161,25201.87970922689,26686.15323678629,21113.00712134997,12780.128416757905,31650.86023922737,4239.932432808118,24179.841587123567,32374.16587840846,12108.234012534855,17438.226624994295,24331.60624407083,37290.29746421272],[15442.700084937267,36876.85237499719,13618.30614440301,0.0,21598.806288704378,20234.88812519627,11445.285988939322,21633.552665309457,16205.004223655846,27163.585012362655,28713.42221255861,17438.386178222972,27845.83956637978,18510.43564447124,28945.533736702244,28743.994507687916,40527.95571607867,21758.647744345726,12206.220940207591,30622.38864517474,24732.718711839832,15293.622233795528,35864.57782470528,17308.13666755328,15031.160915943172,10309.451190736681,12320.504761781012,41492.825096123386,28863.64376953237,31539.43204310559,13181.474703405718,19999.339333671804,5344.255353634127,7134.62218723023,22978.47624846917,17546.34048198611,28612.04644798129,33358.33938046355,9182.570829151317,15567.798572716967,30129.867129348466,30880.218570649235,6469.816072426175,25442.132843984153,12173.144391027035,7664.421820289779,10825.828540826591,35444.782267688104,28664.850156981127,33039.62905349556,11812.96806822593,22229.886320728918,13661.159261127548,14237.997284802128,27132.263227693362,21027.7435737318,14155.123738502474,35746.283538196665,40966.18539417484,27474.92748965184,12532.163401962705,12399.631733785242,19029.368748296783,35716.8434337545,26304.783296858404,18081.665966667555,35000.09318206492,30173.698790847997,14761.95951447647,27515.385108334205,35306.56708951551,27064.081033229286,24651.671376037033,33683.1170143638,11407.472745622297,29160.34545910278,39213.75933792667,40695.51574964469,41155.07184113975,33002.43232876837,5571.313838241539,12795.377349992585,21236.67699909329,6955.537845093766,32223.16144963415,40070.85144507911,12355.50406539226,14860.467251054639,12542.1795244286,24614.044669942854,30142.969261887476,29917.078630281158,25505.625894571207,42754.256292793856,17008.441676527225,25354.457032244627,40871.002580653876,8993.499271676877,30911.929060477378,13264.215047115447,36638.328016212574],[22144.1984034864,42058.75597165164,30174.943804112278,21598.806288704378,0.0,14994.281415794787,25805.074033423858,40868.543139862486,5393.8732657263,32307.75384281967,14799.705683856222,28415.20905601344,45032.818261945504,31123.345852028866,25419.945044818014,19599.199450049262,43380.80643618212,917.9145376228631,32911.40192006833,10533.679027934213,43700.38077591997,24142.895599361822,18974.28103676297,8529.067108886611,27180.21779094845,31894.41040235145,9281.99711692573,41895.92693327731,21395.835178559162,43260.462085225554,32812.296009107115,40525.98159735411,24715.13280202356,26215.983418434007,5284.752325621813,29706.372836434293,11005.99408580807,27047.10609244446,25079.485930499846,31537.42474164432,32280.489549939586,25824.02352276875,24042.560849059995,21933.522562511826,16667.651729690042,23766.318681404482,31101.80925547626,20030.725516900955,34147.255909427295,15782.62161041091,12856.895149034026,42313.28606051477,34472.031771577174,14787.591564087674,16115.16799964583,39996.509603126135,21411.6955579267,22699.706433953663,41602.852369336106,35946.28633045543,27725.910502272498,31075.12708950022,4090.454095661856,41824.66999196226,6480.033247723957,8561.878056363817,44427.719206740236,14812.56273890385,28256.591298474214,47069.79859665159,16309.884063549174,5710.44321827763,8739.028575366838,14395.061809653329,26876.54997053071,8123.245685799409,36205.380519096936,41254.48420456298,43549.99541559585,45426.17943924948,18436.166488447278,17806.541065484576,20123.05062217127,26068.02864671437,51240.22716983391,37179.451720334466,24062.982294299614,8214.111202169794,16849.717311365795,15888.405845695543,24616.740534328645,32803.7032036951,42815.48095365434,46668.381756748626,31051.101113205317,18938.564711149025,40111.4534186674,30582.47621879735,43297.13725813516,9248.044479682874,22281.093097790865],[10167.05051550476,27096.644542370344,21096.937770802888,20234.88812519627,14994.281415794787,0.0,29903.633420145725,32105.171521915785,13523.29119248477,17570.94574982343,9787.289620748325,16400.420626096566,34122.11963911676,19330.812412211857,11112.190886800732,8522.117703269547,28433.46503991075,14248.532929741805,27066.297263923352,16458.97474350902,34382.222521336626,31107.32790802243,17309.621749685448,20001.327591762692,16214.466619066625,29042.009974071007,13584.239501262215,27237.261194329712,8955.38531357242,29638.380680568313,25673.44956567473,33367.4941935677,25370.120778542987,20449.12108695954,11034.717138316077,17995.854025926463,12491.242684624618,14223.00857100261,28131.44738564491,21696.2180133101,17286.541134549796,12217.259906983778,25867.026017864177,7315.357846773565,23977.064766200325,26481.560781118922,25043.85533856138,16132.100143995567,19383.30497290407,15233.771946806153,8981.645242780072,34358.971612043955,28533.394925210276,23652.013080500372,7243.854552719892,31070.979491819893,28699.637958134303,15660.277037440033,26896.274176595125,21753.272365392822,18488.855721135194,23417.318017109523,11160.42811058743,26940.02631668413,13787.242103287075,6691.764154319346,30051.6161378584,11729.14601073916,17742.181902190838,38072.78204791704,18573.80344725459,16671.49487496036,9398.834285604235,17615.81860329566,18152.227753073643,17143.052408957465,22299.539399734393,26554.439629205175,28641.04170508314,31944.382198626754,21074.16899253674,8363.773104382197,5215.69276072327,20387.499889049075,41399.387775704374,23268.334311884366,29440.567250684766,17377.738952054577,24356.75100614654,4470.122030794123,11162.107261256817,17817.598652257308,32193.256767614308,31686.31007154451,20094.545061764766,5471.443089415764,25659.275717102024,27341.0445567125,29927.15592903899,16760.856733557215,16823.619966064536],[26770.968752093017,48276.090952772916,23975.240527061367,11445.285988939322,25805.074033423858,29903.633420145725,0.0,29111.51870955441,21105.89283238048,38608.861809875976,36899.01541961068,28762.066922414568,36422.5396415926,29548.9665511502,39686.629066186084,38313.94561807981,51972.90490470734,26340.867064902697,19326.68794999214,36185.78114396731,32153.085819313674,5685.2151905216715,43306.856366948035,18290.548400991207,26333.055820403137,13783.386827372755,18063.359519783335,52888.550207872155,38839.49328911073,42160.28048479302,21557.291749238797,25951.996846792503,6800.498665081583,17447.199948256195,29126.79336100947,28716.950670034414,35398.517059527774,43788.76190585244,2343.552294965229,25920.80693103874,41516.08453718215,41443.79564835108,5069.795624672104,36004.04186524383,9590.406199848107,3785.0224075107544,18985.16395801843,43473.54853046504,40103.598021659025,40212.388195347405,20923.9990469256,28601.110676932058,20220.884232835913,12125.383192673708,36077.46757888198,28842.55970176706,6704.73594924581,44603.75809574015,52369.13292305107,38761.32821376248,23475.80361640777,21777.863403006584,24902.776452277252,47073.08716951988,31870.7772613581,25874.02571712115,45987.15906395791,37957.34356054101,25880.882016000534,34044.418447927485,41671.30555224898,31479.292508831022,31733.665183186597,39835.17729020603,22404.580638063995,33927.41472337529,50305.5465021179,52093.55759392447,52599.90484646036,43382.23608158394,8840.873886999083,23594.535534417744,31919.464297536208,17297.498406319537,38992.664708165496,51189.85820003846,2698.884736937749,17598.261695760746,9581.153756377194,33944.46658653424,40587.95027140195,41333.214498031215,34182.78607825492,54173.70025283205,27834.556702906808,35318.87200237255,52194.81292197134,13956.381234867931,41384.4315514614,16645.228112098812,45097.62200124101],[22037.13235281995,29833.563939157775,11101.272092808398,21633.552665309457,40868.543139862486,32105.171521915785,29111.51870955441,0.0,35804.49349950367,24791.49924136907,41860.84509496816,16685.201820510294,7825.5447161905195,14175.729970628718,34179.89060011324,38574.92649359849,34893.06773015128,40715.72221664933,9890.253804252668,47474.97721116868,3117.1439676392756,34584.46532439374,49329.82682809728,38563.159004214336,16044.612385632812,15528.620024454669,32158.155177550394,38168.1808204061,37375.251626954145,18354.387511207726,8470.619632226104,4637.199760657751,22992.16121098796,15038.115764403847,40233.76349743955,15077.246167012365,44135.04693458633,39110.167854393556,27034.83055030547,10443.843024119631,29336.832426264886,36545.7448307357,24941.575547068147,32546.134148294208,33633.43518783594,26430.089174828863,10841.126356492732,47843.59291511697,24999.75179864539,47335.18574549698,28218.515768654466,3058.7351993017837,8891.28026133372,35841.04244016688,38959.56385053605,1079.0320558727938,34463.74746224905,46234.126301250704,37550.45871842825,20866.106268981493,13729.548944991666,9826.410971672221,37294.51390704639,28021.971903371934,43700.56602260705,34293.24529933499,23517.410689194952,43831.27372790011,14440.855003181578,6204.539724347726,50577.0782214182,45505.96082262733,40408.765508035794,49434.87212609683,14308.940564435436,47040.68171933348,39974.834011442115,37439.4768465532,35830.40667550974,18275.565731315066,27123.261629479326,24441.307807970046,29211.357760545172,15209.631971783043,10618.278680776222,40462.34914132696,31321.197288298074,35786.72985872117,33969.27403888749,36087.51891076408,36526.614109760754,28455.19160198806,6060.95915709201,35347.39312690998,12563.946491431812,34788.708235383456,38914.374073104766,15155.146652973102,17052.767844587128,34151.15561866744,47947.65462503996],[18421.55729385816,39719.20946634496,25327.138445067794,16205.004223655846,5393.8732657263,13523.29119248477,21105.89283238048,35804.49349950367,0.0,29642.765046288052,16796.546428106434,24361.58918713899,40332.823560310986,26908.167462037687,24605.917666221423,20153.996718726856,41626.664473930294,5604.745131815841,27607.892617956564,15156.225953569854,38696.523706374486,20224.852735003966,22431.4927577444,6503.435019788106,22859.806415284078,26502.53366770034,3889.9536999696534,40712.835157127076,21519.36708751359,39543.30779242231,27628.898471767196,35274.20555271014,19448.46943204835,20992.030015025954,8071.907813987065,25509.535665777632,14403.237076642738,27167.057909511557,20149.18632820028,26807.983920601793,30326.66210140957,25492.139986454313,18895.470566046082,20837.102693565826,12588.970710182388,18745.965596485632,25832.529495853134,22945.74672441498,31484.325727172512,19273.16569708678,8436.60823771594,37131.6862148833,29163.123301600182,11302.577427160553,17044.18734123993,34965.49547140192,17528.274531190644,24844.59396148597,40352.830257591995,32699.279405698348,22978.012932348614,25981.632816022673,3928.7193463107533,39267.14224262762,10800.941481056805,6993.178577999548,41203.94599484391,17433.063445081836,23777.2924401291,41990.614891349935,20565.478757466208,10949.30589692571,11010.901710879296,18733.09047539213,22057.194145422272,13201.76851219183,35754.24693912635,40014.86966167122,41911.59186018197,41609.15840493521,13249.870509882106,13815.369809098618,18115.94978345542,20838.373302835436,46269.451721543235,36727.653243094996,19640.172883173673,4306.922762581394,12859.17948902981,15891.476952137384,24351.205533507353,30693.03376061906,38072.21452971831,44733.382421523806,26597.82777215323,18475.49890430081,39179.214072368726,25189.06706020668,39450.17377863664,4566.015451281214,24885.88787498407],[12349.90788161071,10227.23613236681,17593.14108138363,27163.585012362655,32307.75384281967,17570.94574982343,38608.861809875976,24791.49924136907,29642.765046288052,0.0,24503.127414179467,10533.312015939133,22676.352669575826,11481.11005255479,11745.997091286155,18798.66051858871,13366.49187915123,31636.382006407523,25766.62509132924,33267.45153647059,25630.103948713786,41969.556741746404,30644.02209401361,35590.77369122153,12841.772654899261,30912.28476778799,28061.08850173155,14769.393096091142,16741.039731646175,13588.12539285818,23044.060097139223,28248.58900580565,32174.15859254941,22307.493083227328,28604.2400973856,11389.118370099883,28956.742491260164,15907.581660705506,36333.37169797494,16461.725596296463,4554.533141995399,13792.70005134538,33599.054839283075,12519.599321216896,36484.036927953464,34827.09909540917,24246.136279036302,28347.546898365876,1845.5922112315243,29928.047573053573,21935.65280376993,27795.946280095897,26586.05984230551,37210.4588129255,21084.664475973143,23759.425003805558,40230.78694386757,25288.66636988876,14190.48091440562,5380.22931181916,16436.717676544442,21000.826243150797,28283.736642240707,9625.797735471679,31212.869738341524,23750.040564279545,12689.08113356411,26507.117289062207,13920.047169867932,29153.137566577123,33691.26812534436,34204.22931896098,26655.514937775668,33352.43989149271,17205.61614420285,34461.987408444875,15192.574586142566,13969.47107757813,13996.83297310972,15965.223280470464,31117.5780663095,16741.271074126395,12361.283870563155,22393.483108253167,30668.93964377409,15716.66499002593,39327.497171207295,32555.971378225822,36909.13203096114,18953.527446991287,14322.75743828465,3675.6752950550554,21645.089638101173,15794.08476076645,13611.261448680336,16060.710770857137,14784.366920935758,29301.616899199627,14359.950923702812,31397.066027352907,27429.268202303876],[19847.194371468406,32458.83781991144,30879.72150649044,28713.42221255861,14799.705683856222,9787.289620748325,36899.01541961068,41860.84509496816,16796.546428106434,24503.127414179467,0.0,25838.500243871415,43519.71943508733,28745.612524096574,13966.614377284217,6385.025219010462,32326.223318419186,13883.851528217834,36713.04508547919,9509.903226904264,44077.00151623824,36853.09724905469,7533.227131309914,22685.12717188684,25892.801201285965,38211.725530378164,18951.49327955129,29756.308991773647,8673.707924832537,37703.387296648056,35424.99281144361,43147.256527885664,33460.671421854175,29975.380556504184,9535.9000080027,27472.598695007546,5276.439870107863,13561.32526817713,35477.78356569908,31431.552051199626,22557.439267776896,13278.80124413271,33576.71625722195,11990.98588709442,29251.627612410397,33890.07655835037,34691.56843327639,6731.694731205229,26108.438281216644,5636.137384988467,16900.46366183463,44142.93361018978,38205.35753099096,28099.11128693935,3419.625695967702,40819.88684105645,34203.26890599518,8061.466505965797,29603.223792758727,29465.65857694246,28274.917408726058,33184.775885515344,12951.86142876082,32808.34165197936,9606.894102045839,11033.56211528386,37153.26419076502,2063.6846012879146,27454.14733338955,47783.38885579943,9286.705199917977,12782.549407032913,6083.668705547054,8853.736727250387,27934.517554072496,11756.90203469738,23061.60819392896,29251.142220533748,32239.54812495956,40076.853241587276,28213.31411219487,17993.615914673646,13330.635124567243,29898.354870726773,50972.712091203066,23994.447651267557,35874.347023098235,21088.701214319168,29554.063409307273,5961.356487311614,12111.390886837824,23420.358388161792,41685.932798195674,35857.244207980075,29697.0721132968,8451.913799499514,27594.5184516226,36558.777418325626,38206.45362681682,21228.667258464004,8207.603559628675],[6457.321515012759,19557.48830975445,7296.2640069428,17438.386178222972,28415.20905601344,16400.420626096566,28762.066922414568,16685.201820510294,24361.58918713899,10533.312015939133,25838.500243871415,0.0,17726.40297096581,2930.4582524006673,17623.640997856066,21993.486446346553,23573.545193932958,27982.103721491865,15434.727196336955,32691.163102371454,18493.16022705431,32663.238557481603,33137.85828948005,29269.03556872444,2434.6356002890666,20382.666458916352,21679.513120919746,25302.520353021584,20705.976536680322,15328.143865674781,12870.965981249165,19158.102610031892,22116.912675082385,11870.93686390909,26232.76166740929,1650.5805823705987,28871.899111284554,22597.652974325934,26437.44636840105,6652.95432777746,14499.109062764877,19989.697718043433,23695.27807444242,15865.066477055612,28127.927982495272,25027.066747352477,13801.218103061556,31450.51988787223,11701.223151815664,31444.582071821107,15926.600486786356,19383.193221514037,16403.856462631313,29363.520056298057,22718.983080275026,15607.213666172098,31245.120996040943,29606.381833676885,24722.2437072715,10039.302139890231,5903.592692570646,10680.859303648771,24382.504034491907,18311.846816952555,29488.83817463522,20385.278330762012,17893.42925795299,27875.483987367188,3400.771996797966,22226.103414508278,34917.07266739607,31907.370961885103,25520.10874497968,34014.227616569544,6710.796849525405,32921.91446667441,24956.996128520706,24502.754899580967,24299.23811412442,17291.55539511054,22090.621967365976,10624.926159421573,12719.468468595178,11970.949790148197,25148.806679704227,25627.57673201166,29791.373675589963,26152.494612734976,28549.041525044682,19909.696926916196,19893.884410281586,13927.328853671579,15847.839861013188,25499.77331503378,4122.970923725507,18260.222485758284,25234.721450029778,18768.30749979273,15122.896750176724,24711.274125748627,31383.76175398579],[24047.884322413134,25103.097851440412,15078.22598957158,27845.83956637978,45032.818261945504,34122.11963911676,36422.5396415926,7825.5447161905195,40332.823560310986,22676.352669575826,43519.71943508733,17726.40297096581,0.0,14798.82972962396,33619.365852216615,39258.39503124999,30252.70279394254,44741.22938647645,17108.716382218325,50313.42376826985,5646.4292306680945,41745.94537030082,50723.141689907185,43956.276675678826,18173.391698334664,23121.08647137904,36975.33686311733,34123.12414669038,37685.376561467034,12516.422903465818,14984.661361921591,12283.640789000836,30022.215863261736,20790.057855671424,43558.96273930719,16127.298706379344,46574.73514128491,38278.46137598081,34254.56501690003,13525.268474861421,27112.7647395353,35904.9503097973,31979.246257791743,32845.24907660332,40017.78330049376,33489.73550127296,17561.018354117114,48894.83195911247,22304.414388917306,49141.33905375327,32176.212285109847,9939.006880292376,16385.195938310833,42026.96941838203,40332.60359247921,7748.9883411715455,41380.30009186904,46651.43946954544,33515.98105217497,17734.008503490364,17355.019050849744,15447.64673339488,41182.160987785166,23226.244322948245,46921.221577118624,37601.83128498449,17693.56449777802,45566.878556589116,16881.46147206688,7599.786333761357,52638.99163043443,49116.583505919174,43137.46895988175,51737.82046086194,18293.069302912994,50342.88951907186,37270.04134282563,33470.35481464953,31233.38482475255,11692.763895333816,33417.14306883782,27540.396129930607,30261.428533073573,20971.04593294432,7992.974641629551,37590.17848286858,38486.91755757641,41003.604594446,40383.01846200605,37568.433630054256,36147.43426191723,26094.065045933246,2343.4725864316197,30045.474015348747,14197.413045782745,35670.74121624634,35307.25549366712,22547.512040221514,11120.492421307505,39395.32499940891,48582.41629329498],[9347.804738684325,19376.91020778758,6335.381176598454,18510.43564447124,31123.345852028866,19330.812412211857,29548.9665511502,14175.729970628718,26908.167462037687,11481.11005255479,28745.612524096574,2930.4582524006673,14798.82972962396,0.0,20005.207770301797,24768.888289640487,23794.714105081326,30720.183594364342,14392.375503951975,35609.72048038332,15773.302046970477,33802.03138490865,36016.2429467908,31555.237193284152,4094.0131878585607,19911.740667816393,24046.55919284523,26031.51571948359,23394.24999173529,13273.481850822089,11601.947773771739,17054.529725379372,22784.59703000159,12187.577459548349,29090.819363132567,1418.6354749760724,31801.528122639524,24935.726877208494,27206.212862354765,4990.6751608385675,15826.099134103915,22370.509222795394,24492.33290066179,18532.64989704846,29790.88850687366,25897.045454690404,13024.513895070719,34288.138276717276,12263.717078528756,34357.97865630057,18481.783447871643,16999.924915861164,15130.953244087152,31208.639789802968,25602.150247689962,13098.52170217557,32578.968540565966,32334.298742838477,25431.195208213787,9512.293579801937,6074.230191799243,9671.281379412341,27120.524783169974,17928.728523542253,32371.255609879736,23210.13930743602,16492.98720582134,30786.568868897037,3764.647173364277,19499.601945863276,37841.25223383317,34746.74612465064,28436.393464611465,36944.220009987795,7151.272575534369,35803.98222813175,26476.40933544851,25244.546066884104,24596.541524152606,15043.014137907177,23523.095110383205,13319.57087533482,15567.280924073664,12320.779262649881,22272.541587774835,27074.98247441829,30807.54822869817,28453.097744831764,30205.409709099567,22807.22026182435,22369.352320931273,15099.197882253606,12945.027373826788,25349.26504513548,2149.8438034714977,21073.229572544427,26240.14983775569,18413.46087741836,12876.201049788653,26961.483103151877,34154.86906285324],[14325.457725339598,18526.8405725798,24568.249535226645,28945.533736702244,25419.945044818014,11112.190886800732,39686.629066186084,34179.89060011324,24605.917666221423,11745.997091286155,13966.614377284217,17623.640997856066,33619.365852216615,20005.207770301797,0.0,7668.387076875989,18497.003270909754,24579.743480710084,32236.945329286278,23378.009306532953,35660.90818178205,41588.52341395132,19194.285707712446,31099.095158485736,18933.589625040167,35911.17512336224,24586.773938570397,16499.533717701142,5393.907872145084,25329.46495454589,30044.15042777059,36771.89271138045,34287.88588859313,26749.81506905453,20656.614661945277,19160.657397835166,19022.82814459364,4984.566156884012,37688.42180375852,24251.03606467686,8794.896958807194,2367.8712644134835,35174.63468000253,3853.3425737801144,34762.86727476388,36042.50544302255,30346.278658491377,16761.40969490796,13011.529609335352,18921.32711864631,19324.64793585141,36966.606154176756,33446.61147188186,34637.855397671614,10754.949576751767,33102.067834667665,39321.84363682836,13544.518188498103,16235.174174403115,17107.631513171385,22428.47896993348,27726.74207113526,21923.354054413936,18987.393292643672,22389.26473357098,17667.557324483423,23864.880750764903,15779.364184414413,20525.22991406383,39351.875369940324,22684.42949860643,25619.722480283348,17829.1802961958,22658.396113420975,22665.766130977867,25225.425323198444,11196.792335216083,15883.833011179477,18500.703127552686,27702.132517051967,31062.287995741906,16176.536423213925,7767.77220958967,26758.109335100864,41546.10680945518,12162.1999200422,39605.84901164995,28487.464513679966,35158.45552747962,9692.069375713878,2584.4235408248433,9762.556814299087,32240.842860156703,21985.061677717284,21709.81215727256,6510.8931754576415,14701.605707379063,34172.226536135844,26099.451062194606,27828.256102822368,15699.55239023986],[16816.2024914335,26195.046328091736,28003.170479351156,28743.994507687916,19599.199450049262,8522.117703269547,38313.94561807981,38574.92649359849,20153.996718726856,18798.66051858871,6385.025219010462,21993.486446346553,39258.39503124999,24768.888289640487,7668.387076875989,0.0,25942.21047308521,18697.356094737508,34780.979946765285,15886.914384765134,40486.59364014741,39183.44600507114,11861.355107326272,26540.646501557963,22578.94797143778,37292.90739520005,21261.28054905138,23423.50982887501,2297.8003494197715,32280.134240467898,33062.96224191352,40461.075683219344,33892.23752774262,28447.927933495313,14426.357366628272,23640.479496467255,11592.957561659121,7517.112520774513,36597.59310748067,28189.764433316363,16401.429954909516,6906.028775851877,34371.87860818103,6500.0863409113545,31820.931494068067,34952.31578018503,32777.91947046338,9709.935547255904,20279.79241271727,11279.31936916274,17415.110294122478,41108.97643132431,36172.93503219097,31143.59602602453,3567.3964957071885,37504.78873887121,36674.79313969758,7695.773697896593,23253.5879071398,23987.12256072539,25526.096219159554,30740.814497064905,16762.984765673846,26634.191872304626,15464.122813406573,13323.821792948642,31287.11895114598,8120.0978294987035,24208.98557965806,44219.5457120196,15051.78143351588,18715.9624287762,11174.475439984228,14990.26408025232,25428.08911145581,17987.142121334073,16936.13857009634,22900.880613975845,25855.36983853365,34665.34131195379,29473.09460182699,16488.093545122014,9378.904595537093,28407.29244049457,46979.98503778262,17891.310190858483,37716.441227590665,24387.639480967133,32174.61550095303,4424.862589766243,5728.213687635489,17320.582437836758,37611.84314369124,29475.93168690483,26064.598486258797,3825.831007389426,21315.280039032,35570.29631337069,32908.99397488968,24124.694291821386,9390.34222135843],[25565.427755352397,5150.8490971178935,30129.50627083691,40527.95571607867,43380.80643618212,28433.46503991075,51972.90490470734,34893.06773015128,41626.664473930294,13366.49187915123,32326.223318419186,23573.545193932958,30252.70279394254,23794.714105081326,18497.003270909754,25942.21047308521,0.0,42596.28834836205,38107.91216879184,41812.18755748453,34763.0108988323,55293.37561088905,36431.16545569203,47894.82351606454,25975.70312240712,43693.96910385778,40606.272183725625,4763.998122026178,23653.302945743,17885.62846812027,35241.42016807127,39043.50528687794,45506.82532121375,35444.48177749187,38924.30432850392,24101.836406738843,37479.007287598,19517.219413083778,49693.10992630419,28667.047080974004,11318.923001291068,19088.76331596717,46956.3749477464,21537.13463577015,49597.56091966877,48192.03891248248,36816.800265055084,33744.837349577916,11910.964978208394,36842.53180134848,34587.61571478258,37938.08680879725,38688.398345875954,50144.81317334663,29224.39010148909,34000.77605367998,53494.705082609915,29695.806549377317,4339.15623331153,14503.608208400696,29403.617895087456,33446.42164527779,39593.26847025772,7026.60677009317,40856.896554442785,35091.65631260753,13142.64386513246,34005.6209504524,26849.021816080938,37719.802123186695,40501.18360933333,44070.553448497354,36268.1649374078,40754.91094184369,30277.951400764498,43722.28075479811,11659.046714352811,4531.247232143226,989.6400440954059,19413.690599080634,44424.03434872333,29708.652937260453,23520.12698434887,35543.88521620396,37652.13919847429,11249.304249207353,52684.08394108402,44976.74099850932,50020.51957447863,28093.787879073232,20225.05606383871,11089.810126464958,30158.308732783826,3567.5967919107948,25916.66791341532,24875.572592807264,7065.507655184629,42161.89841910448,19258.032041541053,43971.77566800319,31931.87786530392],[21664.96911665812,41335.70959336549,29949.19453671826,21758.647744345726,917.9145376228631,14248.532929741805,26340.867064902697,40715.72221664933,5604.745131815841,31636.382006407523,13883.851528217834,27982.103721491865,44741.22938647645,30720.183594364342,24579.743480710084,18697.356094737508,42596.28834836205,0.0,32907.66195106271,9888.250056689008,43519.03374610036,24826.276312463608,18148.55254959605,9322.134255163139,26810.42297358139,32066.511932734735,9447.476543181076,41064.974522936514,20508.417816823632,42737.748286740774,32727.111668301277,40477.04079995611,25038.194865744696,26163.27764422966,4366.861541939222,29301.864642985067,10149.724103808749,26153.596699002315,25549.013940828965,31270.41876829227,31526.90954605191,24953.19649370537,24429.403094114463,21122.113348219522,17306.036153510824,24203.93604380288,31072.881415867894,19159.084803254835,33472.70805683495,14953.188647276284,12591.853436503186,42219.17227830111,34471.74357804131,15499.843278424416,15206.752478311852,39829.67227571599,22094.610757385348,21792.893830995148,40777.11586962613,35352.15518176211,27471.84021135485,30946.00773450371,3600.280662901122,41127.70048657371,5723.400688067957,7926.905402794516,43820.30133512685,13915.003006592337,27924.210401827408,46919.82553906488,15597.012141035597,5345.079966130165,782