{"problem":"100.20.4","tabu_size":6,"reset_after":375,"iterations":8648,"solution":{"truck_routes":[[[0,63,44,47,49,37,70,32,16,82,33,25,28,45,0]],[[0,96,20,84,27,94,35,3,80,69,53,55,100,54,43,21,46,9,23,92,62,0]],[[0,98,51,17,79,2,71,11,58,72,61,87,85,40,14,24,65,73,50,77,6,0]],[[0,57,76,31,1,18,68,74,22,19,26,81,89,10,0]]],"drone_routes":[[[0,90,0],[0,64,56,36,0],[0,41,8,83,99,0],[0,95,0],[0,29,59,0],[0,38,4,15,0],[0,34,0],[0,97,0]],[[0,93,0],[0,88,91,67,0],[0,78,0],[0,42,0]],[[0,48,0],[0,39,12,0],[0,66,0],[0,13,30,0]],[[0,7,0],[0,75,0],[0,86,0],[0,52,0],[0,60,5,0]]],"truck_working_time":[4469.019420216559,4295.954215975027,4171.5571869864925,4573.86905273568],"drone_working_time":[4456.608096487963,2466.3913816997,2638.483435619932,3127.956481706132],"working_time":4573.86905273568,"energy_violation":0.0,"capacity_violation":0.0,"waiting_time_violation":0.0,"fixed_time_violation":0.0,"feasible":true},"config":{"customers_count":100,"trucks_count":4,"drones_count":4,"x":[0.0,7353.380162337988,14916.738778473318,9125.910777257983,-7230.6890365971185,5013.008146460191,6727.955092190331,8514.833009434842,1365.734794039931,15878.590074633077,-5249.735307177787,11729.632734422781,6830.617251276918,7582.836926766812,10206.073427551084,-2311.3229819072226,-15124.701120557756,14396.30792448688,5677.19112044896,-9539.318210715763,9500.188715602171,12811.007031343497,-8265.30848166517,15378.174484922916,5457.56648944928,-5606.137957399064,-11379.592475921947,2973.1384453825094,-264.4879230094833,-5490.918291789859,2194.2480481582415,10883.03306483123,-13074.030837464936,-3557.6059935008125,8053.954464257738,7337.398569546289,3932.735195240477,-15485.037548952972,-7892.52419461356,4801.637510454724,11684.380757751604,1346.3830686543743,-682.21595634014,12695.77464857309,-13812.897096671057,52.5618086013756,13592.710988333723,-13784.399730636733,9703.303108862825,-9726.131213963174,6781.219512043511,12657.19045112499,-8092.303681347132,11324.976313999065,11935.50406923155,11041.807404959663,2718.352757625055,12933.372810327017,11624.716909606661,-8887.81939426352,9797.664120624364,13714.759054340831,11448.530778101684,-13436.832964611633,2420.6444496278223,6303.124155378209,-7024.075088239859,468.19029872752157,2815.158744377913,11470.496197169223,-12489.796793465483,11181.658851590748,13254.279546246764,7648.581227239345,-2907.555685813861,-9562.83114304729,11554.57605172759,9440.073564806087,4144.37719440702,14108.479918299989,11073.729760294804,-10654.94650553753,-10716.309484473986,-1075.3264775097757,8180.084570374226,12850.655798733365,5591.967510436978,14650.093952286014,-5778.478508800863,-8571.772884719161,3560.6537218698204,-3089.137204419347,15900.26540467297,2948.5560514650856,2170.8545194698736,3299.379761264202,10465.823637428286,4696.986847726695,10651.159271151013,-1127.403387839283,11181.847470099132],"y":[0.0,15700.061646817656,-10480.523969456679,10446.938692743133,1741.689876378246,320.6046634832402,-3505.431732167807,-5581.308344784979,-164.3230131585588,4578.975188004575,-1139.4868065241394,-11161.63105652147,-7283.629627020066,1483.4834988694963,-15270.46789486065,4654.538031737168,-13819.860794134589,-4577.25137773799,13745.388340174177,15956.778530257938,6304.821764504465,8682.17095626647,13276.549271016936,1373.1609349650632,-15277.6272167159,-11375.028237799836,14286.059232410027,10739.400997239916,-4945.483424683024,5686.003120229482,6114.7341719103715,15638.671248530101,-12438.7703270891,-14211.478125609752,5633.474426530786,10520.687665543965,3699.432121662268,-8931.870274694611,2803.2872321519,-5748.142193159373,-14545.103219222998,2832.8845066172244,-8142.76400776079,9123.899773419127,210.78214525700255,-4663.821911262225,7637.299758951456,-4080.072563089956,-3984.225458858374,-5412.224126100208,-9941.246281894228,-3879.7968655786585,4575.651924131863,9549.2296332155,7784.264203120334,9231.354712503973,3391.6623270971686,12741.057210863764,-11842.496726048174,4134.464833978631,314.72582944782584,-13644.914501749648,-532.7207361276227,3985.0227153994256,2554.042062596715,-14408.23780622065,7284.3835338965,3263.746688516695,14980.726033493569,10008.238026908213,-9991.842488366203,-9433.928889140485,-12740.543801061604,-11348.189906117237,11287.774019308785,-3336.6982977861903,15582.73982669137,-8367.460505278661,7917.235049241014,-9191.960932814234,10431.19540356883,8305.62960225832,-14779.708017955913,-4567.932713683994,5178.053769197906,-15920.22568414951,-7717.323982784059,-15285.089306720989,-4906.723703242852,3197.6770191773403,-10314.54895355196,1544.8605168402687,-1236.5129968311235,-10153.872467813133,12074.481535532757,-6022.938924273803,3966.3269821052486,5853.456961445727,-2076.582906458653,-1168.7260081964505,7213.4222868252455],"demands":[0.0,0.5151422639208804,0.8227132900437197,0.283814863916592,0.6053861403464568,1.0805960838150714,26.46730631238303,1.0948457825583144,0.7576762975979121,0.011347503610325734,27.58303790040034,0.27269636025503113,0.6548014265623378,0.9415399972779301,1.0422545067887163,0.1845694858002919,0.25960529356566475,0.00405287403765565,0.5143928686098648,0.3223176170907329,1.0781252568971609,0.4255450225321342,0.6118771374034792,1.109172909550588,0.08940077497504599,0.016719035448228874,3.368551023513053,0.1628525940466491,3.4129882133528775,0.8859353174913575,0.9690497566267087,0.8596897310258129,0.7117889110474508,1.1198867089877578,0.9453623547786434,0.8813589268835602,0.2267278504960172,0.749763160430183,0.13539051013915832,1.0004875110431142,18.486279344946386,1.0242767536753503,0.20506616306208444,0.6527418780369556,1.0243760504220518,0.9584768247776757,0.8884343018392712,0.14003896924426235,0.6767792741171924,22.020240570626857,0.16542570661304154,0.9600332406854607,0.9919183283697027,0.48626330605679147,0.9290073223835589,8.80923114562063,0.166510301597628,0.5225750096448174,0.8951204723313453,0.6243853991222388,1.0470754623113283,0.07974588407200285,0.34179668333709423,1.0516937438964669,0.7807432917544062,0.91455805309519,1.0289213011237757,0.32438029196508394,0.27970119210800204,0.6112770103760855,0.26757493726508086,23.29241534167081,0.046875946297737614,0.6784586028070577,1.1175824185566414,0.5949532275123512,1.0735179716473588,0.5817459464970292,0.7249397710250122,0.7521210437878068,2.073990790384897,0.9592468583853131,0.4573486049137153,0.10981205817328389,24.807984598439806,0.7107614063893524,0.983508534307049,0.6516272691119629,0.4354908936250979,27.376675167221485,1.0068371667071465,1.0512310042727528,0.29299868948299423,0.8724694396764845,0.22060783998927716,0.20444531168501417,0.9787585541186968,0.8975152445036645,7.621496460543819,0.02159961726134903,0.8472240155172502],"dronable":[true,true,true,true,true,true,false,true,true,true,false,true,true,true,true,true,true,true,true,true,true,true,true,true,true,true,false,true,false,true,true,true,true,true,true,true,true,true,true,true,false,true,true,true,true,true,true,true,true,false,true,true,true,true,true,false,true,true,true,true,true,true,true,true,true,true,true,true,true,true,true,false,true,true,true,true,true,true,true,true,true,true,true,true,false,true,true,true,true,false,true,true,true,true,true,true,true,true,false,true,true],"distances":[[0.0,17336.785616882404,18230.48212361828,13871.58158121874,7437.496055087641,5023.249747596016,7586.397784945026,10181.030597052915,1375.5848139263535,16525.63573756234,5371.97831135529,16191.550016176556,9985.418998572184,7726.586513419522,18367.12074704509,5196.820009927245,20487.682552096012,15106.452662079475,14871.657595584318,18590.787314930858,11401.945584601955,15475.851952993396,15639.120334687195,15439.359489371582,16223.160153302382,12681.484542755008,18264.353624204366,11143.3516499718,4952.55087457286,7904.480702131663,6496.514333854322,19052.780561110023,18045.866274276123,14650.005833434927,9828.64266451444,12826.62413592559,5399.278112735974,17876.37252063339,8375.581022741424,7489.7838055971215,18657.03034649317,3136.5557535920007,8171.292694376433,15634.20100301735,13814.505250496048,4664.118090667632,15591.348229721774,14375.558008441185,10489.430095552483,11130.579427072516,12033.8404388539,13238.477776323214,9296.34172144914,14813.604392602121,14249.597417843901,14392.338955023653,4346.586598232908,18155.07287513354,16594.540425542273,9802.404452401091,9802.717713383958,19346.27374143873,11460.918303514858,14015.30899270948,3518.8990336506195,15726.623629969603,10119.282302324322,3297.157048523206,15242.941686126054,15222.914024999458,15994.747270725498,14629.713222025823,18384.705127818193,13685.109021669476,11656.231053693595,10128.242443824318,19399.22700113358,12614.649587537062,8936.35681664801,16838.686154075596,15213.064397138214,13509.676832766065,18255.932133502727,4692.796214409698,9681.220192474662,20459.543990318387,9530.330009660565,21172.13281474598,7580.682777734384,9148.79383887196,10911.836465154947,3453.890948512961,15948.27276949991,10573.320617537564,12268.077017064421,6867.437665867256,11192.194339749858,7504.974606700212,10851.699884664265,1623.8715716294507,13306.659007152377],[17336.785616882404,0.0,27251.191841226675,5544.1108891736,20187.402430256534,15556.511121550926,19215.67413463872,21313.040173459874,16956.727210643858,14012.771605684942,21033.51876530396,27215.843206913527,22989.63561329899,14218.429753086635,31101.632737805918,14676.85520803704,37103.77284158989,21465.606326369205,2574.9480460493587,16894.648912635508,9637.391732755115,8890.246384989332,15805.595439399694,16421.248671373127,31035.645906090027,30016.821986278115,18786.262712251893,6617.754270084839,22006.14562946273,16286.723763625521,10885.547619333316,3530.1867362904295,34771.726805130435,31839.43828729415,10090.935666039759,5179.398637795998,12478.618552987376,33590.5551270208,19969.085856996346,21599.46384803673,30553.683312023986,14200.290899866097,25160.50755007019,8472.725879650285,26228.402019236903,21633.06964351785,10194.968289143833,28949.25643545623,19824.05853283549,27155.815572553714,25647.69073629765,20285.493904386483,19034.74825358249,7321.633045396514,9146.349472208602,7446.386031233652,13152.192701452319,6316.01339482481,27871.792897682226,19938.39493726878,15578.288811097935,30026.56767876747,16741.37038769074,23863.677399525688,14041.001122433072,30126.61171844557,16659.37746684037,14215.054315760617,4594.877295753161,7024.777616723785,32462.680261968628,25423.870633407103,29046.319074556664,27049.86239779352,11169.381656464047,25466.771175728543,4202.833723870342,24157.812647206923,8418.437497311254,25792.327557200064,6449.957567322783,19467.34328660494,35433.4593675209,21950.733268343007,10554.434610861854,32094.588489579186,23483.537302879944,31832.712918411373,24435.32923089503,20246.48416267996,26289.631768837873,17590.22137396632,18970.946418287367,26226.48250626448,6324.824359800846,22098.046815579568,12139.515376138612,10198.62977423438,18079.94575832715,18880.669653773242,9310.220703784],[18230.48212361828,27251.191841226675,0.0,21713.87534314008,25296.068273885463,14654.291527630729,10756.769495504766,8061.433570567671,17030.963306779093,15090.184650609828,22224.798139162576,3259.0722299564563,8695.142022376187,14032.946628296875,6718.179132539836,22931.991056152718,30226.46657543263,5926.168708863944,25928.055618553954,36014.298367730014,17637.654208884953,19278.04406591099,33193.460863919,11862.662800758626,10606.042615335147,20542.36129080335,36123.13221380271,24350.2526580083,16158.784545692248,26035.150570699974,20910.867106879195,26428.831616618478,28059.185884300223,18847.319004810306,17514.529763865485,22327.05283150341,17936.5406213833,30441.194656733787,26395.49426351804,11167.394993412841,5193.163087344256,19010.560205891146,15773.15791011006,19729.827975847536,30654.461403797275,15961.759922561014,18166.138451600844,29406.141024017106,8329.574167985345,25158.67056834073,8153.37317671363,6976.758340625862,27497.353826441136,20349.245366474042,18506.492033356753,20089.132741902406,18472.633113877477,23306.1273719555,3562.6363517476425,27933.042933482055,11947.48272957024,3384.9848889014247,10535.048927407686,31830.4425272728,18056.917929684587,9466.852320528986,28231.03348686419,19941.552825474562,28190.840552107533,20776.572288827618,27410.892025724148,3878.9410052671806,2805.612292898443,7319.764912017356,28134.752006678667,25500.658594825247,26279.228639911027,5870.170275744711,21319.5054118978,1521.0776063205612,21261.90785066034,31730.594924844336,25991.078214138328,17050.069985471066,17046.218545970485,5818.853291156535,9725.565966438335,4811.958805244925,21432.668242081698,27180.93748268072,11357.297896890695,21652.28491301974,9296.185426639538,11972.63959996225,25907.254560721318,12443.194725221012,15116.94903111834,19267.648081099123,9424.510275002749,18550.58163843334,18083.8366284802],[13871.58158121874,5544.1108891736,21713.87534314008,0.0,18528.88864517856,10929.712206758708,14156.935824587104,16039.891493846098,13146.07189549981,8946.042330893692,18463.598137823094,21764.872033601652,17878.51854355391,9095.306807395225,25740.080670876203,12820.38304729662,34306.99250524317,15921.78926388181,4772.15227626895,19461.47754433256,4158.992260431909,4085.8707230630853,17619.909288546824,11019.266956913789,25984.80404090053,26329.28978605426,20861.795468853223,6159.719276675189,18030.70288122498,15372.644520686345,8174.102042445659,5481.018670311653,31884.056909959512,27729.21054883727,4931.382015123574,1790.0320746073057,8514.570896553878,31324.702943713153,18656.166180188757,16762.457581957187,25122.657653412363,10885.53501295149,21018.47750231793,3807.145918108067,25119.07258522241,17625.57084291406,5276.966464167109,27127.778817943283,14442.71029533808,24635.594828486464,20522.56474442709,14755.517201818047,18191.72662123604,2375.2412067914975,3870.8719823821225,2268.9875057066206,9530.672818358878,4445.193686269045,22429.06514715965,19087.739544272114,10154.456660080381,24524.985603565157,11222.632705488926,23469.84795987239,10356.563799766192,25014.953989709935,16456.725026217322,11249.638716596564,7770.509563191389,2385.2754695138183,29748.65694367228,19986.870589302216,23552.128844188654,21845.1398082095,12062.807267144557,23221.923332283735,5681.09745585116,18817.02195990649,5587.04549480491,20261.104948841792,1947.8826047358762,19896.419764955634,32095.130614806814,18152.45451391091,5353.1052251184365,26628.951964977558,18504.842435391332,26318.31804497522,21398.031894552823,19124.847759165106,21494.45173480383,15114.70783854473,13505.3664889404,21507.048423276854,7142.947798641207,17470.12685700516,6617.680455938217,6380.865269643129,12616.060249293225,15493.679931276432,3831.775571756615],[7437.496055087641,20187.402430256534,25296.068273885463,18528.88864517856,0.0,12325.891606399691,14912.277863861149,17365.130792747812,8805.190958237363,23282.80414770332,3496.4777642937684,22934.460812454676,16708.582425203756,14815.776118740572,24360.915361797302,5717.066271805244,17449.277522369088,22531.22313874035,17626.745217379204,14401.33723309231,17341.984978296787,21209.428537798765,11581.166549626914,22611.86686930954,21228.494591221806,13216.938385864216,13212.668250182875,13604.297140847832,9656.409514585444,4310.963837717439,10390.041167497024,22830.52823799111,15337.212751471185,16370.556140251783,15772.327473554138,17008.82061409449,11333.78997859712,13492.929839808763,1251.0054844692977,14173.018964383087,24960.759096309706,8646.205619793323,11856.851532785658,21249.964187272773,6757.894748167443,9699.295032923043,21641.90852225803,8766.07333774775,17875.855123847836,7576.656070816118,18243.480436959904,20667.096160519384,2962.0467052623535,20131.328661017636,20096.16039605867,19747.891167519723,10084.931418275039,22969.01112206463,23239.11485073557,2910.576063259489,17088.037852201956,25989.60157484529,18817.178229482644,6599.148784643536,9685.460966664457,21070.9340957742,5546.543275297584,7847.8914339627445,16618.999248087344,20446.763740814113,12858.22678882506,21538.54706213654,25087.228426593356,19817.609247950975,10479.370421574205,5588.283569412976,23333.68483899819,19496.390618555473,12943.31835124978,23977.173555342168,20262.261813506557,7403.434604194242,16885.086268348365,8814.7504481317,15789.253939600798,26743.292087225665,15934.034771865567,27725.076619490505,6805.1685168504455,1979.4960085057246,16180.419440021748,4146.226401849178,23321.89412800995,15656.354430306643,13969.810475024986,13083.264474113785,17835.794657769504,12616.500329462373,18284.958461682865,6761.702177079235,19208.366827556118],[5023.249747596016,15556.511121550926,14654.291527630729,10929.712206758708,12325.891606399691,0.0,4192.8030632878035,6862.605520362733,3679.3692066505278,11670.243791881529,10366.087511495234,13302.435227633161,7818.44498623473,2820.6926712921977,16433.181996595045,8510.511436948822,24606.505194379468,10584.67328380253,13441.2036584855,21360.24661837419,7479.68206357999,11433.484922684333,18551.824523486415,10418.471477555453,15604.565675108744,15797.281188124885,21534.885104910158,10616.608942674506,7455.444219870099,11794.912938204476,6443.395475384485,16404.278601822945,22134.647712490707,16871.184218221086,6121.596166591795,10461.571779033135,3547.317950407251,22489.51244053226,13142.164119477118,6072.426694145838,16294.06282584683,4444.737278109003,10201.185560831289,11684.30168724726,18826.225569902912,7032.107518362169,11275.873712262895,19305.65986829835,6366.351326824435,15814.789123369874,10413.076214957924,8722.20706657988,13778.774448201839,11180.718267624392,10179.74280246814,10758.619192787093,3833.645592220539,14730.913681451046,13843.978047537088,14414.525164466362,4784.6595857798,16454.670899695582,6491.8499505141735,18810.225854120017,3421.782014157703,14785.23587278267,13906.314715089373,5414.559469484792,14823.956981105515,11642.568106272542,20314.889786183292,11541.368045044303,15443.838690488265,11962.734310000591,13528.27169672781,15027.673004961882,16604.965534419473,9750.968392676077,7646.130586687826,13161.174376787087,11787.976569110855,17585.375351408253,21804.37745527372,7808.048167204952,5798.722694656154,18033.11651106852,8058.7524386607665,18341.51321784869,11990.877619434563,13886.101720965087,10733.86350912681,8194.11750472605,10998.04464505258,10675.983965264297,12092.62001233458,6570.925923515111,6559.305451268469,5541.870082591433,6126.602349617307,6318.445984588608,9250.16288448632],[7586.397784945026,19215.67413463872,10756.769495504766,14156.935824587104,14912.277863861149,4192.8030632878035,0.0,2739.0137644683405,6317.94381093531,12210.313502643412,12209.126205191518,9145.171804347989,3779.5924187105634,5061.629987816656,12268.389587237725,12177.588211493448,24164.56145736774,7742.895615544659,17282.791964628483,25365.366329117176,10194.42754311127,13621.350160155398,22504.062721792165,9931.110811697225,11840.543641589642,14630.803139861642,25385.437354398753,14731.391907757754,7139.188203005479,15289.975193557479,10634.946712752937,19589.827765814895,21723.79306681445,14846.285603679302,9234.602325613283,14039.353500462837,7728.086271809568,22866.20382423167,15923.51561517207,2956.4251449249855,12101.26034429199,8314.78022483763,8741.595140632835,13968.352964310261,20874.310868323686,6775.156330123087,13087.602477032086,20520.402346497,3013.6255993462732,16564.202769946605,6436.034960819635,5941.042096699429,16880.283859423922,13840.40416601305,12432.851670455359,13447.492357817502,7977.895546050946,17391.25101976887,9668.760469092815,17384.488268373017,4900.685392352636,12313.591695365287,5578.606051012714,21511.057277754222,7434.389527121255,10911.079763858215,17479.658107619187,9219.893261884175,18895.71391073586,14321.695656931834,20282.887172115163,7415.022300487743,11308.413054210696,7896.607388973184,17654.517958827284,16291.660048444595,19688.94520657429,5567.30728450132,11711.199390028973,9317.121930007435,14598.47024131259,21015.861576482315,20770.451906228463,7875.284857815889,8804.06726881611,13842.491568069097,4362.396602407795,14195.79574001987,12584.693107271265,16703.692498959233,7509.718723426626,11039.961637639151,9448.770750528196,7647.589249196316,16232.709664715907,4253.583343739797,8354.569979705399,9576.723322173766,4175.3011863271595,8195.538450291942,11607.36786676797],[10181.030597052915,21313.040173459874,8061.433570567671,16039.891493846098,17365.130792747812,6862.605520362733,2739.0137644683405,0.0,8969.578327681771,12548.15841396384,14463.509930872731,6440.10394628104,2394.677529016795,7126.0017185147635,9835.654881028135,14898.933001817051,25034.003282411093,5966.563296359302,19533.904275452427,28104.120027443692,11926.902986217068,14896.44095071188,25242.66115763539,9770.88016363633,10166.881441247771,15263.322418296817,28115.84001661329,17235.890811562538,8802.315000264292,17975.354715871497,13294.630675767614,21351.719027822746,22651.79522772362,14839.93308359115,11224.24882302622,16144.98768586972,10350.25429563913,24232.623714025067,18425.602117977814,3716.9415312336587,9507.662776932151,11053.74669033371,9547.081480340132,15288.015528170294,23066.769256572155,8511.863205676755,14160.382938633855,22349.708939226064,1990.762397111723,18241.747867797498,4691.958500858874,4478.199022888178,19466.916318992902,15389.284742830057,13796.358941135552,15026.662518483967,10682.38671777417,18847.614531470335,6990.984037902897,19931.095282124632,6033.976685698815,9594.841068362215,5839.076933914248,23945.570132890105,10164.795150585587,9099.798886364111,20173.836828554722,11957.569044580698,21337.37435818337,15867.258772532216,21462.695184635693,4685.578420129224,8585.860806797818,5831.579125124759,20372.454523496293,18216.481973010745,21381.229449396462,2935.7646272695806,14188.430420293616,6657.754715555309,16215.678489431346,23671.2376566517,21317.771885645485,9643.551687772673,10764.568250388113,11211.269821497159,3620.1803174715824,11480.626803189221,14309.221453172566,19209.963170261493,6851.821588002644,13617.430277714388,8568.655570171684,7203.595063024383,18760.942923506496,5234.11789632153,9744.932260708667,12055.28128759537,4104.508532644299,10603.942927896727,13069.739785812777],[1375.5848139263535,16956.727210643858,17030.963306779093,13146.07189549981,8805.190958237363,3679.3692066505278,6317.94381093531,8969.578327681771,0.0,15268.328206473616,6686.9566384115815,15111.292622382987,8974.935483533503,6431.766882423461,17502.776932307745,6061.532451259084,21410.46913874418,13757.5351302054,14562.579633690113,19463.044366431397,10393.227350365432,14465.639015856339,16535.236385913006,14096.535850391423,15657.427967990801,13201.777202182166,19268.02829200429,11021.56721130392,5051.44741513883,9013.323882254663,6333.481929050991,18447.5904662417,18951.751590690656,14884.953854934385,8851.369244854533,12240.515571318138,4638.760050015313,18995.220807841186,9722.2461432045,6556.2538168996725,17699.754062120694,2997.2699921555113,8237.088258622201,14650.62748275345,15183.266116141762,4687.207444067492,14503.939628050466,15647.992543888424,9170.970510202404,12270.695075288479,11176.569390187458,11887.039867180376,10579.312558386928,13911.850943233916,13224.978686772127,13487.221400136577,3804.550840181638,17330.870953372098,15544.33836854898,11118.226047673686,8445.526624321134,18281.814654562462,10089.523860842026,15373.128576336476,2915.877752330941,15075.374699736969,11219.275336889656,3543.6207472879305,15214.247941101521,14338.31235285575,16986.933054790843,13501.035449166244,17306.034370453253,12827.822807576655,12223.401243772389,11379.697640437522,18755.865062868754,11510.274162665457,8545.901608669112,15616.523291381425,14370.461954441105,14704.994940951816,18962.733789895017,5034.933815455927,8658.888644559916,19497.48392644005,8654.99085038849,20127.388592408362,8574.972187814918,10490.81041115616,10384.832966436245,4771.497968340322,14574.02385865059,10114.169340086533,12265.258030442883,6169.470257100236,9993.692327710221,6878.2931071553385,9480.287211875899,2687.8547896761615,12279.543712228206],[16525.63573756234,14012.771605684942,15090.184650609828,8946.042330893692,23282.80414770332,11670.243791881529,12210.313502643412,12548.15841396384,15268.328206473616,0.0,21888.511621911217,16278.222628902004,14919.356729083109,8854.467182605476,20644.075077642217,18190.070003929293,36051.64670901256,9275.432350885425,13714.651679816614,27848.23998922368,6607.764395202336,5123.112456325752,25662.728468078156,3244.635694098222,22425.03938953303,26760.48885803409,28935.030613506064,14300.403067956478,18743.37960728455,21398.16344141118,13770.249538559305,12135.58679213264,33583.595997095756,27034.179353737796,7895.37149722584,10404.609530987407,11978.190381065866,34149.96460946788,23837.343419897723,15144.2474726675,19578.60482055867,14636.730274629108,20883.077947481586,5548.572205844586,30011.089965251616,18327.369393763227,3818.1922919672593,30901.004387289355,10557.583740044216,27485.010751332477,17134.730306835336,9051.42199816243,23970.89398634464,6740.832851449025,5081.516005722615,6711.1177782567875,13213.688284110787,8677.205061645578,16963.495415985326,24770.398209069783,7427.077692476929,18351.902356668892,6764.23392495957,29321.439383318022,13609.432560102281,21265.084172391293,23061.901610246612,15466.423221258856,16698.79213511933,6993.438825530277,31891.599227008766,14779.128647835047,17517.212785201395,17927.845201350647,19948.114053505593,26644.395288861175,11822.856401644114,14459.069541558783,12199.825032335726,13884.234642544247,7571.998685404127,26793.964181780357,32894.48735012798,19263.987401859362,7721.779726562293,20721.622098090946,16031.642993647456,19902.016505199634,23643.331048796274,24489.349388566236,19327.40586177705,19208.86592098253,5815.528578546919,19602.10651664293,15623.208039839983,16451.052092559108,5447.327631777101,11254.00171116021,8463.006933352242,17951.041270256814,5385.137195070239],[5371.97831135529,21033.51876530396,22224.798139162576,18463.598137823094,3496.4777642937684,10366.087511495234,12209.126205191518,14463.509930872731,6686.9566384115815,21888.511621911217,0.0,19716.54925335266,13553.059025002984,13097.896142601783,20941.982956812983,6496.536832781828,16071.926900066801,19944.554141607936,18465.02719433592,17626.19669560004,16522.045538566683,20558.58397428773,14728.06089611439,20780.376826801166,17735.087426408434,10241.744540870275,16598.87404339468,14447.27061437417,6272.025329890958,6829.749773767818,10394.06610516208,23276.013470207392,13743.849847236484,13181.056811214135,14928.535273062229,17157.96048339206,10379.44607969723,12864.006067143493,4746.5566702201895,11057.567544076033,21598.028574500047,7699.90334208548,8361.107855878756,20673.133087689283,8668.965686584628,6366.733278101827,20786.28790369142,9027.04499893368,15221.23174620473,6188.247289530619,14906.872365604104,18115.388191621038,6383.024805879424,19722.315392831933,19364.033270644333,19312.39803220191,9166.337320847984,22875.64038516763,19982.5313450016,6407.044695572858,15117.505215161695,22716.46469476676,16709.286499398444,9658.631678071384,8513.33548737758,17593.416804404904,8608.709146607169,7216.864862702995,18025.087463596126,20095.718711230078,11436.026033682674,18406.207742571245,21839.9425156355,16449.443406925966,12646.051439560653,4840.509686668218,23706.913418234315,16371.746653466858,13048.89115845198,20966.230855127276,20008.40320005472,10882.39551175775,14694.865359460593,5401.8450936260115,14841.542401967043,23368.662776365567,12681.106493633079,24415.18532899939,3804.161301688121,5463.233815019312,12720.248434876781,3445.853263575951,21150.223265793036,12184.873001047283,15155.002894101626,9845.581396739126,16524.16797861683,12158.88745604861,15928.483841585134,4122.435613094704,18432.796936120743],[16191.550016176556,27215.843206913527,3259.0722299564563,21764.872033601652,22934.460812454676,13302.435227633161,9145.171804347989,6440.10394628104,15111.292622382987,16278.222628902004,19716.54925335266,0.0,6248.139546402418,13307.69843321352,4382.210985980533,21149.459616177624,26985.578224909033,7103.887127740716,25631.848640274373,34464.13226563291,17608.162731590703,19873.24454367649,31575.66043578658,13054.993955378819,7502.01568727174,17337.084063832845,34374.7179023161,23586.678385348765,13509.23468320297,24091.287948136356,19733.128404315852,26813.670667081464,24836.521723136186,15588.496882937538,17192.619897287772,22122.7183258373,16782.217077087153,27305.862223651322,24084.185378730435,8792.211297339803,3383.7747586340324,17425.79523202918,12773.705264350132,20308.525088020262,27959.839273577807,13363.214773956088,18891.02592198564,26478.563467907446,7457.959698522612,22212.7325347521,5096.678567220026,7340.6724829675895,25309.50886295478,20714.813475585106,18947.013754040865,20404.58213881199,17117.28702598381,23932.979266654907,688.901582402663,25671.966846543826,11637.837861855483,3179.2173841018976,10632.62681132101,29372.982760814764,16576.39743722836,6323.563136842758,26305.07577194391,18300.59039538125,27620.475751533424,21171.45504575658,24247.663226598408,1812.5203875926384,2194.883449223738,4085.3134039687448,26799.684197919625,22684.76560716677,26744.94379842663,3612.405052123644,20531.420639813317,3088.4485296772223,21602.78600660215,29665.529243668272,22735.672477252898,14402.910756357345,16720.78324638964,4888.856261008983,7038.052686640124,5052.920112784455,18591.875249774916,24866.378878432562,8212.780661670076,19520.52434245156,10765.785868618681,8838.715126368694,25125.428739690775,9872.959131966116,15180.656370924704,18411.17401000909,9148.836259325075,16283.78116881921,18383.21664091046],[9985.418998572184,22989.63561329899,8695.142022376187,17878.51854355391,16708.582425203756,7818.44498623473,3779.5924187105634,2394.677529016795,8974.935483533503,14919.356729083109,13553.059025002984,6248.139546402418,0.0,8799.32423555009,8670.829828487595,15036.452981860719,22907.604036183715,8035.182548696907,21060.626498370246,28426.947749392293,13848.199270048242,17049.10115480571,25507.017270817636,12165.55619347216,8111.058245298098,13092.456710366463,28228.765750581282,18431.217421020723,7470.438079369161,17889.427373104645,14177.872614610309,23277.75657908625,20561.383493679674,12486.403285284026,12974.903894323208,17811.528333044345,11358.933303178914,22376.441772446084,17847.038571134024,2544.500038948908,8734.301283276527,11507.418597840639,7561.797054248704,17424.32473071294,21961.80530936332,7266.734345737972,16381.698490995717,20862.447196492667,4374.744781270883,16662.175076805048,2658.075698866738,6747.965080011132,19061.37791637429,17422.526058513187,15909.157548421921,17043.439507482013,11439.9553133476,20933.984531589653,6615.637592900499,19427.869973318167,8157.105661185215,9373.225358549502,8179.235672993033,23189.48175073857,10780.89255970823,7144.108808896506,20104.216156799128,12317.776742094038,22623.559401616563,17903.55170332149,19509.3007502227,4853.385408592351,8428.603062351003,4146.048157991744,20969.71734543801,16861.892455328343,23349.232080348655,2825.5887218213547,15436.391176344758,7523.896156428677,18215.900461645124,23425.839221066642,19081.03322969868,8359.3633709658,12534.536892637336,10527.661448151026,1312.3810325909146,11187.831464743454,12831.172107695333,18630.38944609187,4458.602185393654,13279.449035315623,10900.740211816263,4827.907737748137,19911.048603689615,3749.5305384624053,11822.70058730737,13309.223220451362,6458.318424770723,10036.041986764583,15135.974319809004],[7726.586513419522,14218.429753086635,14032.946628296875,9095.306807395225,14815.776118740572,2820.6926712921977,5061.629987816656,7126.0017185147635,6431.766882423461,8854.467182605476,13097.896142601783,13307.69843321352,8799.32423555009,0.0,16958.073506224675,10389.898322352978,27382.925897736233,9118.98537564892,12409.101348459848,22419.733843594895,5188.597166270104,8896.901918739684,19754.496024778742,7796.118182384463,16895.313162289935,18419.836659895256,22879.678194087344,10340.277018819006,10144.561252318847,13732.597958239856,7105.305968021752,14534.807696623886,24910.546710647995,19246.851401037453,4176.646553612422,9040.536440795617,4270.090274145118,25310.204010557885,15531.5383568891,7747.998473341791,16545.037140390483,6380.77109792195,12687.621535160179,9193.372231965397,21433.553208396967,9720.823378741958,8601.630124502208,22079.672969227955,5864.487878394023,18631.992962264423,11452.818039376038,7383.348830838308,15977.219365532048,8891.561611842571,7658.038178029137,8484.926936166006,5225.3567028794405,12464.397302808098,13925.463825330136,16682.63233679246,2504.287121813889,16323.875000862057,4359.893171795446,21167.99992428096,5272.032512172138,15943.163764319526,15716.625586636672,7333.9984773848755,14314.548937681982,9369.382816710095,23121.28307382472,11495.277834679215,15313.008000234273,12831.84182747311,14358.706410232882,17810.336496345422,14647.99442498424,10024.491293952924,7294.941010245914,12511.959489500965,9604.576050231228,19471.990704075895,24481.628983647493,10563.30590831817,3742.53313013915,18183.481762163894,9413.735674392474,18197.009529072056,14810.789926761756,16245.303246982627,12464.811570262314,10672.1506265158,8750.8855221462,12526.157157183967,11893.645067408755,8642.591213482458,3804.750206793727,5236.869173687303,4699.859021225365,9105.08108736876,6766.466980983281],[18367.12074704509,31101.632737805918,6718.179132539836,25740.080670876203,24360.915361797302,16433.181996595045,12268.389587237725,9835.654881028135,17502.776932307745,20644.075077642217,20941.982956812983,4382.210985980533,8670.829828487595,16958.073506224675,0.0,23530.641173722357,25372.276211798493,11484.900723183273,29367.170241679607,36946.196153915764,21586.833883459392,24093.87032032611,34001.82552018393,17428.740917595638,4748.512335151968,16284.977095597927,36599.580165917825,26996.82626236904,14705.031768250687,26183.376910615847,22836.729480083417,30916.551504590494,23451.69003942659,13804.359113586748,21014.433625682774,25950.202322562705,19980.287265548668,26461.50039203034,25577.72195251634,10949.09194185901,1646.6774047115316,20155.036130645414,13013.800690403123,24521.08859951312,28575.864778657087,14683.14466378137,23156.751344891713,26472.01824634921,11297.435386740322,22236.855714680227,6334.842329740812,11651.410264881151,26994.426770895836,24844.905494980074,23119.506968230486,24516.07151163822,20108.23376759254,28143.98160658721,3709.9239430732746,27223.66906391791,15590.54397980419,3866.949529214941,14790.0267607155,30491.981590417876,19450.605635655254,3997.055634702989,28383.081947694147,20936.653936417446,31140.975481587597,25310.30892777884,23301.6396691588,5917.512525114889,3961.3225648056873,4682.4172150329,29619.376801250204,23091.653139554215,30882.663195337413,6945.37736990215,23966.9299044916,7223.366480159091,25716.30462989555,31480.383190844103,20928.137804739774,15550.377587770376,20548.641538916312,2723.2335747617467,8850.986180696877,4444.044577853614,19050.278062937152,26337.803414353835,8289.91770872782,21436.368520386462,15145.154748375673,8879.81459425104,28501.070194846343,11542.06261730417,19238.54847201297,21830.48868621313,13201.390172832278,18091.62294994815,22505.053936487733],[5196.820009927245,14676.85520803704,22931.991056152718,12820.38304729662,5717.066271805244,8510.511436948822,12177.588211493448,14898.933001817051,6061.532451259084,18190.070003929293,6496.536832781828,21149.459616177624,15036.452981860719,10389.898322352978,23530.641173722357,0.0,22483.01739761412,19088.500889414892,12102.062505786065,13415.832263191203,11926.24186317876,15649.494944068194,10478.025631844701,17991.268890220344,21392.68227945701,16364.68149742621,13228.74567958311,8059.223900938597,9815.800819192542,3342.715447567459,4736.279454882481,17168.05795692563,20199.432443363443,18907.13587496165,10411.4020670142,11292.012181347267,6316.683450915128,18924.514423442197,5880.215684792504,12601.982495915294,23759.333899204146,4086.225044940236,12900.578637832126,15658.485676104767,12330.173295458286,9613.520860230841,16181.32145555215,14419.601670139991,14797.95508668204,12502.762953068866,17196.256823342344,17230.532973022295,5781.518906418093,14488.156002787822,14586.544036642135,14115.712594765206,5185.797247310151,17256.666602566864,21595.494059119,6597.028209183439,12863.185398664507,24324.992671281314,14705.142944617075,11145.636955063013,5177.219242941491,20918.84609937445,5396.862030937086,3108.0531909222414,11528.702161889396,14785.14942511755,17835.85690322281,19507.57439918582,23342.59741404627,18849.05815441083,6659.97846122816,10790.932706924596,17654.70901720544,17540.460846173566,7233.34338978126,21478.721117817422,14578.388364392928,9107.498183387555,21173.892358948568,9304.926330123839,10504.461012133715,25557.90489279515,14680.768723494402,26177.822728640458,10170.491306346134,6427.727202949334,16079.604335394966,3205.478000454456,19140.700974191568,15714.813042760044,8668.64907314683,12061.861357948725,12795.66763325901,7110.120481971941,14605.955471843254,5942.395954831856,13733.664386384102],[20487.682552096012,37103.77284158989,30226.46657543263,34306.99250524317,17449.277522369088,24606.505194379468,24164.56145736774,25034.003282411093,21410.46913874418,36051.64670901256,16071.926900066801,26985.578224909033,22907.604036183715,27382.925897736233,25372.276211798493,22483.01739761412,0.0,30934.055729271426,34533.486366756624,30295.95272812054,31802.327706144457,35871.23113086948,27951.148559466008,34077.16727464773,20633.82715137331,9827.525167587,28354.339690753648,30507.198112769725,17308.394205472152,21755.19475062344,26407.083836895614,39296.403748518176,2472.379317201128,11573.72255640752,30260.243322337625,33121.11444088397,25886.511993704276,4901.254294541727,18128.24959536888,21499.10724683957,26818.88975578675,23422.43668835131,15518.208841245232,36060.99029425051,14091.833489286782,17725.189929744014,35848.28443918647,9831.575794419721,26705.23387773753,9991.6420761587,22246.64040470802,29506.581811597825,19693.895041634576,35294.472992152325,34626.4771787503,34871.83254074081,24791.35131154472,38635.96611939763,26822.403576306213,19006.74886528746,28651.541463496127,28839.990800705553,29710.010845858418,17884.707872926894,23998.830095213063,21435.901743672734,22605.51416740391,23129.80560737421,33930.994291197516,35708.30174895207,4647.197538541637,26669.47644142086,28399.497686726798,22907.019576347328,27922.24862898612,11867.227712131333,39702.603865532816,25162.60766003016,29048.21362514987,29597.235188054994,35699.740997981746,22572.46179749496,4511.676352551326,16822.101565100296,30067.15473495869,28054.092882018787,21596.789453535202,29810.825487126953,12914.948312306398,18235.609715377002,19011.304444649777,19517.414268887616,33479.683237444005,18441.314899290675,31139.25512248637,20005.967784254546,31164.45784865766,27927.383433183717,28324.89284145731,18867.31446683231,33681.352346905296],[15106.452662079475,21465.606326369205,5926.168708863944,15921.78926388181,22531.22313874035,10584.67328380253,7742.895615544659,5966.563296359302,13757.5351302054,9275.432350885425,19944.554141607936,7103.887127740716,8035.182548696907,9118.98537564892,11484.900723183273,19088.500889414892,30934.055729271426,0.0,20291.429818395474,31536.65459028061,11932.790921688202,13353.855606277068,28849.732334028016,6030.876274113953,13942.709261038197,21125.993739868623,31940.906822235316,19107.292872729457,14665.419520844398,22379.369058742795,16223.711665935101,20518.9333999296,28573.116593878924,20375.508582705854,12020.165093060943,16666.612272322334,13341.283446860483,30196.978541582535,23479.020154289206,9665.851522527239,10330.180022219985,15007.020109518207,15494.346153985423,13806.279596232436,28612.663506619687,14344.007358275272,12240.95696857873,28185.093058517254,4730.3249296357635,24136.88566237854,9314.612866949617,1873.7588912888593,24279.89478583942,14456.505235167013,12604.071686159301,14210.217306254532,14137.829483847385,17379.988248508085,7775.9569652170485,24860.502495912366,6714.087118173896,9093.240533107997,5004.759556230052,29120.375502359504,13938.144130236067,12733.731490712935,24485.32603803385,15983.545015796659,22729.6611