{"problem":"100.20.1","tabu_size":6,"reset_after":375,"iterations":5237,"solution":{"truck_routes":[[[0,96,97,87,66,46,9,48,63,36,25,82,37,62,29,56,65,34,0]],[[0,27,75,51,4,95,99,32,2,93,41,28,55,7,49,18,39,86,42,74,88,21,78,0]],[[0,83,44,89,68,12,35,3,98,15,5,73,47,1,6,0]],[[0,11,33,23,45,81,30,58,94,8,64,22,13,76,70,91,59,90,92,57,71,80,50,100,24,0]]],"drone_routes":[[[0,38,0],[0,72,84,0],[0,67,60,0],[0,85,16,0],[0,54,0],[0,10,53,19,0]],[[0,14,77,0],[0,26,0],[0,40,0],[0,79,43,0]],[[0,52,0],[0,31,0]],[[0,61,0],[0,17,0],[0,20,69,0]]],"truck_working_time":[4246.817838675374,4302.306833796588,4286.5859837179405,4258.03068296607],"drone_working_time":[3941.506332876503,2220.7030964218957,1000.4382438822399,1756.8705260915751],"working_time":4302.306833796588,"energy_violation":0.0,"capacity_violation":0.0,"waiting_time_violation":0.0,"fixed_time_violation":0.0,"feasible":true},"config":{"customers_count":100,"trucks_count":4,"drones_count":4,"x":[0.0,7362.030214094811,11355.85258394607,2558.606728127438,10717.76007404976,15756.767178229093,3101.288200694913,15593.926997540066,-9239.21222173751,-12669.820213767985,4180.769045597087,-545.7575692909963,2825.7255840647767,-12985.477896353283,4900.69272043648,12717.10370414857,4182.686635724816,4605.151620995643,12513.07100062805,4949.3303735277905,-4774.7976052738395,9630.736334460433,-10182.797470865366,-1875.855150635939,-1883.1974654978094,-10247.133364216665,-9471.688109545445,2120.0160980504434,14943.657018560361,-11211.51623790286,-7482.257165647792,2262.618104233906,13653.478203702964,-485.4874246440471,-7806.279242616331,2816.493741940913,-9939.114873362454,-15157.487179822718,-10125.53162507606,13772.636284778166,-6734.571225074597,11269.935670526302,10994.286334402872,-2974.6251139814017,1828.4737858713206,-4287.407480257548,-13884.804347784706,13339.577218141765,-11329.652155558948,15228.937212959989,-11360.463541332701,6839.158480363055,-2339.6505723970695,4817.954287801862,9460.133842424351,15593.50228978963,-9501.385865096043,-14077.936464808292,-7248.980956245778,-12461.604385503744,-5027.956797564429,4871.6344054047095,-11941.885610073195,-9691.928726358386,-8684.704600759109,-9514.695735901469,-15831.918267039375,-5785.037438978207,3385.437749766755,-2465.281036278828,-11975.676401749743,-15233.0331254737,-7684.743718587662,15310.277264898908,10728.75550947149,2387.2253059967893,-12832.971044532536,1117.2870215458206,8909.531503988173,-3317.392599977223,-14121.838499128336,-6138.067589736082,-9331.06589015297,-5843.689565722003,-3353.119844464717,1952.453882706173,12523.624707584571,-16091.231814620018,10543.786830860618,3476.9367641266585,-13129.74644258492,-11964.528661433884,-14183.72258110584,10377.513054514371,-8007.364992562411,10947.09786251362,-11273.582273528087,-12593.228603706602,6352.675652534226,12452.557426079467,-7973.11552952141],"y":[0.0,-671.2130313889821,-11082.299595086408,10849.309792194896,-12733.887930538498,13362.646085323842,-2024.3502732708757,-2665.0896197159877,-11930.319039087188,2857.9851586834,8805.622326957484,-14452.078888587805,11962.167350211941,-14035.390729386412,7681.02732201384,12754.790045031543,-5818.018243063179,-8815.688448269582,-1052.8856059731663,8025.096280294067,-345.56911167089817,-2542.272236931507,-16010.26520553611,-15907.887309599684,-2916.045608602819,11673.745252487046,1183.0029454232097,-11558.991716708719,-8246.839595891683,10013.655014669324,-14585.142080838661,-9347.900938333585,-14053.540334140598,-15468.94667040545,10459.518800597667,11773.752897965709,8399.299865898876,14500.496097017209,-3126.9538368764424,-3170.4599690462514,3558.7918363376034,-7613.307322615732,-4143.4097669220355,-6271.372974387452,15177.546055145445,-13868.340376929904,3016.3509229760366,10936.828824774395,4411.292360564332,-1431.9889616747462,-5963.572089250919,-11569.898134039944,-5563.487146768846,9095.409309163604,5237.1681991166315,-5415.711904353503,10505.863765165532,-8154.4480176573725,-14568.77997192645,-10828.294675432331,-7531.2019536706675,-9197.281465338683,14533.07563433668,5414.794235893135,-14468.012050673004,10478.856648696223,3785.1203639065393,-5293.001215319043,13803.744974332818,-4268.977856214011,-11955.22457220442,-6169.689555481083,6770.638373296903,13374.965607764438,-3751.460663059746,-12973.148878732423,-12079.488506001197,7952.26836735598,-1051.667427306354,-5993.290158042865,-5570.3018777581065,-15398.775799921905,13387.133262570738,13743.822906993017,1502.234265791954,-8611.127217090358,-4034.282949184343,1087.3063786532034,-3798.327665440014,13757.981760190438,-11190.904831468046,-11157.96221165732,-8438.70827822941,-9696.828084885858,-10649.556251123882,-14829.718932653668,-2933.8934944530174,-1843.602324857916,9641.14429157291,-15724.235466695445,-6213.126131932219],"demands":[0.0,4.325991983461275,0.9757194079054715,0.6740597024000426,0.13121572238328366,0.9781396416197095,0.5474057427214124,0.03382672849455562,0.3187693862582031,0.4561688287345442,0.9247560802398189,0.7512169866796573,0.7902540903781805,0.8953054686947673,0.548326703948654,0.2259835399628936,0.8560134720437257,0.955574765893378,1.113010632294717,0.2843755967501867,0.9126590434099175,23.854060538835803,0.6682634740304855,0.49752265274630425,0.4092219236536726,0.4021845705841823,0.560858590006872,0.3811854583110683,0.8674890676851433,0.3411761398168453,0.7056216881440396,0.8380437521296342,0.9157534591282527,2.8106619170410507,0.7608344037933769,24.022056836563277,0.9126688674358312,0.903407378992287,0.9714175329465747,0.35844436572993615,0.7184988227381741,1.0869353210979427,0.978923301528721,0.3322257231977032,0.2525898168738236,0.9775391552164293,0.5672670509718317,0.2820136448065887,0.0021189418228156538,1.03644481141136,0.6432281626438261,0.9002265662841799,0.9151256529364414,1.0129755873081931,0.4827904154555584,0.4151410315124908,0.8428779864670892,0.9283752765016634,0.8821513626542472,0.9367570269634116,0.5723429863826954,1.018673177336214,0.1726313952592452,0.4374400655506102,0.738091467197946,0.06960088912252263,18.849677379550055,0.41781006214193567,0.3864470367829425,0.6484107859556011,0.08687168883731589,0.3413870767716055,0.026829404495761367,7.787898696375676,0.0969960106650399,0.9506037988200384,18.568563498639087,0.7035345105833868,29.50858599019729,1.6966219082913327,0.5222743842467934,0.035909296610400085,0.4282664007080296,0.4015729695926496,0.20422734917571247,0.38327778746742636,0.7194375910872288,0.28084158744558857,1.025634617420046,0.6273776307119329,0.03384181684690208,0.281634946831786,12.795787231563146,0.4884763121058949,2.139413108348753,0.71945427711813,1.0614122067399616,0.7384422851163265,0.7153949814904302,0.9411711866362543,23.402851456124885],"dronable":[true,false,true,true,true,true,true,true,true,true,true,true,true,true,true,true,true,true,true,true,true,false,true,true,true,true,true,true,true,true,true,true,true,false,true,false,true,true,true,true,true,true,true,true,true,true,true,true,true,true,true,true,true,true,true,true,true,true,true,true,true,true,true,true,true,true,false,true,true,true,true,true,true,false,true,true,false,true,false,true,true,true,true,true,true,true,true,true,true,true,true,true,false,true,true,true,true,true,true,true,false],"distances":[[0.0,7392.564900408468,15867.348619840903,11146.927440161933,16643.98638645229,20660.010220484844,3703.509488669006,15820.027240359823,15089.584316763336,12988.164743968195,9747.708160261822,14462.380009058112,12291.386121626592,19121.05721771748,9111.255119996487,18011.368513105965,7165.486987587581,9946.043649075373,12557.289276194291,9428.575791407438,4787.286306695037,9960.634039586492,18974.139144748104,16018.10573073764,3471.2756568024324,15533.192537402161,9545.28006992904,11751.798065101944,17068.19405821059,15032.344564490651,16392.39280310042,9617.832013427193,19593.86289077038,15476.563220926517,13051.418664411876,12105.944585233663,13012.849138570064,20976.506016639218,10597.369059741752,14132.845667030857,7617.049882991835,13600.510961224782,11749.135138360723,6941.07438028193,15287.28951258789,14515.94735841077,14208.665126140437,17249.885364870774,12158.14616857088,15296.11457274807,12830.601074682436,13440.112780463669,6035.424925651887,10292.674774837116,10813.050590024124,16507.18780085302,14165.08054370553,16269.09086519143,16272.586603684713,16508.893040988616,9055.349381727203,10407.82437075998,18810.07494183433,11101.958343187584,16874.4619677448,14154.005497056536,16278.107143752157,7841.079009661132,14212.83096620671,4929.683815893427,16921.708538184495,16435.034755448232,10241.915348328801,20329.6407970471,11365.722673393871,13190.960408224557,17623.824454312562,8030.373744413474,8971.385400160609,6850.1547851765445,15180.730733558868,16577.037427490744,16318.214597075383,14934.569824381088,3674.251009479698,8829.699208523965,13157.378718061673,16127.925361710333,11207.084089480046,14190.53034158584,17251.857656308963,16360.014266712777,16504.235324995498,14202.860701437838,13324.07379407536,18432.566702251668,11649.093883852101,12727.461498564264,11545.914913822553,20057.860490637824,10108.091193612892],[7392.564900408468,0.0,11150.84483609764,12481.799682508128,12520.74473086825,16353.006158035474,4470.447729268149,8469.927302095037,20059.130552091876,20340.360651401366,9996.540953319669,15888.529554404146,13423.127786125373,24343.83560264082,8707.359024336758,14454.562279499507,6049.613993986657,8598.42191295943,5165.161675951556,9024.794522045222,12141.195718686447,2940.729503240626,23304.666916653256,17818.38289722707,9513.8587411852,21505.36298132098,16935.53038698013,12083.974374902951,10717.797481152063,21427.623129180545,20345.76834148824,10064.239509307932,14787.460966775729,16749.819519672354,18814.111801787338,13249.116151746892,19534.68263261812,27153.44216728181,17659.147260911595,6880.559966228877,14717.57837810907,7966.454556745432,5024.881560172515,11756.199843427765,16787.001260717803,17603.22608981154,21564.463981685472,13056.711068260323,19370.360111966416,7903.607135029935,19456.125945813455,10911.22045495744,10865.401792064644,10092.533589823926,6269.849089108973,9500.915855248124,20231.2097407938,22708.390014533983,20164.920388797407,22274.26309133847,14162.317118427765,8882.337205056714,24572.577397930356,18107.374188436996,21162.451686814584,20227.405485183543,23618.17421977264,13935.792546231249,15011.252342651507,10465.178361904234,22389.189659604348,23254.46476281716,16786.49928099001,16139.075733871066,4563.196761804442,13269.751673101864,23194.543003486804,10647.123976707859,1593.5826899142933,11932.08182103084,22035.37352557534,19978.832443715943,21824.21952937936,19549.534419210337,10933.357852511339,9607.588321812196,6160.543562641524,23519.096290101195,4461.212963178188,14943.07911537405,23034.253322300137,21988.35569884969,22903.131792870277,9516.031938511673,18324.45476485583,14605.341468102897,18772.473882436967,19989.6686100816,10361.636462807837,15890.467322699984,16305.811718277731],[15867.348619840903,11150.84483609764,0.0,23630.214238639554,1770.5665988567555,24837.943123060355,12254.969566417414,9423.94283220327,20612.51637543825,27777.049742530326,21142.6408511236,12369.467924148816,24572.556306315633,24519.81070070957,19842.669322987866,23875.926099803353,8897.582136399778,7121.059582818706,10095.954607115085,20152.81875994248,19377.183928540395,8712.52508474286,22095.209689917032,14084.189233458164,15555.06831818617,31377.1665225095,24170.72811789659,9248.13013387126,4572.983060112001,30892.158170614002,19161.00948326404,9257.1622003491,3755.975907534357,12627.747454017368,28831.185128800873,24399.175908167177,28861.8841478877,36843.40674873808,22907.147218025526,8272.729279070294,23272.83807130749,3470.056066185796,6948.303548364286,15116.468039874479,27934.753271436013,15889.418135174205,28911.290333981833,22108.305674443636,27471.503726121548,10398.522965539003,23285.88391241778,4542.937151285631,14765.639083531392,21210.47030962245,16429.20505176641,7075.8668081162805,30017.881220851097,25601.756584968756,18928.691884975524,23818.811368135102,16764.232887565715,6752.657161177654,34625.598234560595,26742.535462340606,20324.541350430336,30007.719769084382,30987.33709247627,18092.155385911377,26131.2595743111,15409.253313042205,23347.85306673914,27038.908644207848,26101.18199735414,24774.89244698971,7357.611717679344,9165.7834506517,24209.369555064757,21613.491210177188,10324.634061871167,15530.683863817665,26067.122237799893,18018.57957415274,32042.186884315674,30201.996765883923,19357.798490410598,9722.684817284311,7144.104588656283,30024.01957663379,7329.099389366394,26059.871302543208,24485.83988319422,23320.503988152046,25676.029184083312,1696.077692921534,19368.05260517822,3769.646152341936,24051.774237039273,25669.281582929165,21318.839225683212,4769.730615756994,19932.83368078226],[11146.927440161933,12481.799682508128,23630.214238639554,0.0,24954.738991859096,13435.337680497154,12885.093195698513,18776.542972305015,25653.4602279063,17197.856160661828,2609.227671129336,25491.122903221138,1144.4668748517513,29340.53317275961,3939.9721580522373,10335.66233029025,16746.267028241287,19771.20385297759,15516.237116281258,3700.235331634944,13382.979219492498,15144.288904124647,29728.440087243864,27122.168956381236,14464.253655297174,12832.251288875863,15432.610988983166,22412.593296062892,22760.764313807038,13795.45596951389,27344.65742727415,20199.379459747004,27262.577234631855,26493.71873562,10372.212792054132,959.7399479550795,12735.60339627833,18088.425713362416,18873.879060556428,17952.94970347903,11811.638689638197,20414.589946182474,17202.974457867993,17992.62162700247,4389.38757246244,25648.19955522501,18213.75887779084,10781.325720319528,15307.900028098984,17645.6106065128,21826.89887101734,22824.197846656487,17128.129726908286,2860.2129815424887,8895.347647514092,20843.69048639494,12064.881952264906,25257.026355173668,27244.596958729257,26372.813224093894,19884.64629228441,20179.591623282977,14961.09651161792,13401.849807146029,27701.603472247316,12078.984556636147,19700.613743652666,18171.14753257432,3067.953191266036,15931.166614199487,27042.414346291305,24620.90143509054,11025.506288490964,12999.386092315508,16731.22317693284,23823.075131474772,27615.76465954185,3235.776802224346,13489.533138242014,17838.176509599725,23406.001375107553,27651.295474933475,12157.502331345751,8886.888610834189,11059.671422125208,19469.874931913957,17911.530259085645,21050.253877721956,16682.8170391992,3050.1971530413225,27053.566971217053,26367.43223362992,25540.81501800258,21983.609298857773,23954.978596337394,27014.4276223516,19527.061873681407,19765.832437168956,3981.786393070635,28355.66201025465,20051.032227224605],[16643.98638645229,12520.74473086825,1770.5665988567555,24954.738991859096,0.0,26578.5755870594,13141.721372409276,11187.390369955057,19973.143622828356,28108.458124726858,22509.614697698522,11393.81454431179,25926.421944051483,23738.942685321214,21227.506621489192,25566.97244285146,9515.06376113372,7260.597033522867,11818.162151095748,21545.537976004678,19836.576988106535,10249.421986463776,21155.801893013402,12987.433021414054,15974.171614574325,32175.44583179845,24521.290129426347,8677.64844817443,6163.749487372179,31596.5800302824,18293.92711951952,9107.926967269907,3218.6834891159,11532.272145050672,29682.893194587745,25749.844050593452,29551.95609485971,37566.47566394027,22950.7296514689,10039.493166366821,23875.411656354107,5150.266367051214,8594.92768161758,15140.855712141605,29292.790202546254,15047.991084724903,29212.261125651912,23815.473055291288,27929.296325484473,12168.962136559954,23092.967210854942,4049.4965821570704,14896.664733752566,22612.517026963404,18015.0071372089,8793.666044635578,30804.219214037133,25215.031960376844,18060.194131106513,23257.562692653722,16582.989512597927,6832.6254560954585,35453.44615941055,27311.72021875699,19479.805489820435,30792.5929243125,31269.20298068439,18102.73793835428,27531.961623917894,15666.757018700897,22706.79140052067,26768.122235067956,26815.64267689741,26509.68591350714,8982.43399726076,8333.969961733124,23559.8211968299,22805.397282502527,11821.335222711708,15569.880183027097,25851.9365311812,17065.185424941476,32928.15164435671,31230.6065481705,20016.41418611502,9686.472450193498,8885.059026604935,30162.02012828708,8937.253713560594,27463.588292793935,23897.371485269054,22736.969106529552,25269.198773816024,3056.059642804498,18840.77353268912,2108.341388543272,24076.109095858432,25729.37064344519,22796.842521443214,3457.1231160618518,19795.685521404277],[20660.010220484844,16353.006158035474,24837.943123060355,13435.337680497154,26578.5755870594,0.0,19922.87140675803,16028.56290361227,35560.27377493356,30305.42479389678,12440.66711639754,32240.21151478149,13006.658963681188,39708.55163850192,12252.964718986726,3099.845641540737,22402.170084226982,24824.122385702052,14775.964226925158,12053.635476850362,24687.250076634606,17043.904503851776,39187.10160097681,34171.237838505695,24003.41967091048,26058.688175818974,28014.6151717736,28408.608039790543,21624.7779072622,27175.43102885659,36347.36738521781,26417.058983637075,27496.747122108638,33091.86569863923,23741.21531561175,13037.455969886863,26170.845613070753,30935.187491971596,30688.76499531708,16651.73778340854,24535.196378005392,21450.461028858244,18142.304574936556,27135.94961746851,14046.039253969628,33812.6538657847,31395.359308633713,3424.528680669298,28527.194846875016,14804.047779108081,33299.35300916836,26479.34111980105,26185.470294117327,11741.675227819554,10279.639207910459,18779.067714140554,25419.19551018096,36784.43801534036,36186.03333910107,37168.24059058083,29471.30191604234,25048.681533628824,27723.370495236115,26660.91656835276,37039.58794325072,25435.468923042907,33008.69653749639,28497.061644526053,12379.190605908901,25355.812034870076,37551.07190944141,36631.67834604956,24350.74945049949,446.65984074993776,17837.419968600596,29535.042682586125,38271.077123712304,15607.260051303252,15957.97826853361,27174.91194285311,35372.130212863696,36146.96637862699,25087.845018830412,21603.819739034116,22491.26831792758,25950.06317346534,17694.811388291182,34131.78877179869,17935.277644253405,12286.192465322094,37911.8389396896,37009.869957676114,37036.900236305715,23678.592102024777,33783.42550537694,28599.691680740492,31562.905344079838,32170.673781379322,10113.679499793208,29273.955668945742,30762.2852081163],[3703.509488669006,4470.447729268149,12254.969566417414,12885.093195698513,13141.721372409276,19922.87140675803,0.0,12509.059557717503,15824.543211902934,16509.544508885112,10883.6384273003,12951.809965573899,13989.23192986947,20076.083689295167,9870.775597323693,17631.985036986953,3944.786336458945,6955.852168793797,9461.786251703485,10217.956542554248,8053.013958234857,6549.956953444512,19289.18734996145,14748.713726247812,5063.617079473274,19126.37391947009,12975.625147457542,9585.002993966707,13377.633295485486,18702.137370098113,16425.130847408676,7371.415188038072,16001.566403952767,13914.816982927574,16577.756620962766,13801.041953701397,16694.448015963226,24626.275113338197,13272.697439551759,10732.718079145545,11309.978181216016,9897.638222616763,8172.5046758231,7413.091422022289,17248.921526523496,13959.689303179299,17718.239433289073,16517.10403237742,15800.934645652886,12142.107003653442,14988.653440637416,10251.300317026094,6490.709093919452,11251.488595993265,9652.179464772009,12944.371230792016,17771.709469198195,18240.171557953236,16263.172755819503,17880.521879573513,9818.861424403876,7388.1707865120225,22370.6376973678,14798.89422797758,17139.263249810498,17762.12920857136,19804.450414845698,9468.4139302876,15830.645600652311,6002.086808446838,18053.728865932044,18797.105528666805,13917.26660867854,19651.92976716941,7820.56058380549,10972.05890981913,18841.614118048154,10171.980150362479,5889.1257576218095,7546.651378581827,17584.36425064978,16255.489952323966,19800.94071037382,18128.648948128663,7355.010654280411,6686.213487305095,9634.326889345735,19443.128134580802,7650.998735325056,15786.801964224022,18640.606429506402,17618.220817217603,18436.79978582899,10574.041984646374,14064.009169808493,15017.79596852317,14403.616560499191,15695.557573545995,12110.131452811653,16587.136294087595,11840.112380122635],[15820.027240359823,8469.927302095037,9423.94283220327,18776.542972305015,11187.390369955057,16028.56290361227,12509.059557717503,0.0,26505.268904080254,28798.329143068615,16181.39076221685,19985.558134345512,19416.065868228237,30758.18803853159,14879.092548840874,15685.942787626578,11838.807604613035,12592.976225894889,3477.1936177954194,15086.003840139618,20500.368712111453,5964.455297322141,29026.423061349822,21921.792330006185,17478.926122759232,29552.70860872588,25359.275957456535,16144.589478778238,5619.500319610244,29652.69553603023,25973.023047178754,14912.537139232458,11552.582014267733,20554.472105477016,26829.5545670893,19280.63727815302,27827.269752360648,35217.98981921347,25723.605314876768,1890.1055659340677,23179.70088798201,6571.282936488176,4831.368821319737,18915.50705512461,22535.4687093142,22820.611037986655,30021.231959564513,13787.468161284754,27838.000940154157,1285.9839717934099,27155.46272711815,12487.657365019677,18166.28505451179,15950.890975027085,10003.454258657139,2750.6223174258544,28341.643225831333,30175.363078996965,25758.42168663369,29219.01363781175,21188.23117925277,12555.360956156552,32465.333265920708,26545.41434617175,26995.57241840075,28340.893759322487,32080.97503858188,21539.870931187543,20500.481033359567,18130.29101487137,29092.776406344918,31025.532890437924,25118.30951851716,16042.563039347842,4984.987026275115,16753.299831878092,29945.274062604258,17952.754541300776,6876.356177887877,19201.951144161387,29857.444252937432,25187.821511146354,29646.738942321426,26996.73710326187,19399.927123570553,14881.033292487638,3361.7624135513493,31906.578705345124,5175.726439002117,20409.280385798455,29962.291983756586,28837.429898841223,30332.21203345653,8755.359516749862,24915.310373144894,13021.951748156393,26868.85390101347,28199.123785403415,15389.740722342565,13431.66009982308,23832.62588478961],[15089.584316763336,20059.130552091876,20612.51637543825,25653.4602279063,19973.143622828356,35560.27377493356,15824.543211902934,26505.268904080254,0.0,15181.008274840724,24699.699624725283,9051.818962655921,26765.90424627424,4297.189002837041,24177.29963971963,33036.86455358862,14748.13852528597,14190.39583405741,24320.369723296415,24485.369949148284,12415.209573280114,21076.29904117472,4187.638217837464,8368.994963741423,11634.778836469246,23625.574196413225,13115.382514736495,11365.295948694757,24461.7903167734,22032.430197418555,3183.5477775798763,11788.171363470059,22990.94046755857,9441.905704696384,22435.644305658727,26593.66602557177,20341.66336718112,27085.309066695616,8847.869854842433,24622.759849655486,15690.308544874671,20958.571931954262,21680.184958488397,8442.080442275155,29280.198488571357,5317.546135547591,15651.979720036528,32135.777320583256,16474.774725444226,26625.27504408152,6332.596333595309,16082.40988356412,9388.317170722949,25291.998395764465,25384.801777858673,25673.01727750234,22437.714541483885,6137.62611039108,3304.9200571662627,3405.6231375756947,6089.901754448158,14373.082025586998,26601.04699227864,17351.020337589795,2597.5689640074265,22410.86892943956,17042.265360829457,7482.333280705999,28663.981536935888,10226.548412133892,2736.577514719777,8313.287019792884,18765.451778923107,35256.6995777066,21578.07821956622,11673.111995554698,3596.8533478968106,22418.170276607787,21159.44138470033,8385.479089892215,8018.0956378100045,4652.664863319874,25317.618927204145,25897.705280101356,14665.59142217621,11673.492388508432,23150.9925736525,14710.837638212395,21389.163967209435,28663.378080485592,3960.1754877800295,2832.6462478320245,6053.059424723877,19743.46454922334,1777.0202348476253,20393.470390307582,9223.57490823209,10629.735648812213,26616.44224365599,22021.05066325469,5855.706240212502],[12988.164743968195,20340.360651401366,27777.049742530326,17197.856160661828,28108.458124726858,30305.42479389678,16509.544508885112,28798.329143068615,15181.008274840724,0.0,17869.43609276087,21133.651183073725,17972.14714354626,16896.324708888427,18220.446220669503,27247.80088323695,18954.683382724175,20849.44381448933,25484.758583395494,18361.195624492368,8520.219595276812,22945.099744817562,19031.451703182935,21648.7332488527,12234.813509615402,9142.594686547674,3610.2097405548207,20654.01850381601,29762.74949815859,7302.757121381598,18198.172937753356,19286.30004781331,31287.629089940077,22007.598591945254,9024.26420752546,17869.438556250483,6177.61445385853,11905.315950583687,6503.29910146541,27120.944974973732,5976.479779705659,26129.67428094952,24678.117222095294,13316.981187370984,19025.564632399582,18709.21722462561,1225.2616705064886,27235.206438581885,2051.5393458715216,28226.663704886414,8918.19977205228,24264.460966535076,13327.925592942081,18566.844563650284,22257.47915800594,29449.439078376552,8278.225860734368,11102.093308913176,18250.414821952218,13687.863585266428,12897.026220311958,21284.550348380766,11697.761597927454,3924.934441247223,17778.394914830555,8248.181177576225,3295.2152869375414,10669.527296240238,19431.442720949242,12446.93623509925,14829.46452718482,9384.50697562209,6337.179407325053,29891.34879328891,24314.154724084685,21848.098880563826,14938.364625243456,14698.164760547683,21930.658993786805,12876.838781458888,8552.448741130738,19390.026122757095,11045.824560758345,12849.028099693582,9414.82693706855,18583.633617797837,26119.20800246355,3852.4486608511857,24149.079743025828,19481.47034533211,14056.416402886307,14033.681514911004,11397.683228859281,26245.054893449484,14289.582346150137,29506.16368565217,5957.796465004714,4702.2113032193865,20195.707385620022,31247.92443746244,10214.895737977842],[9747.708160261822,9996.540953319669,21142.6408511236,2609.227671129336,22509.614697698522,12440.66711639754,10883.6384273003,16181.39076221685,24699.699624725283,17869.43609276087,0.0,23733.114411573173,3435.101056224394,28572.572714267306,1335.2917369393294,9405.57999637798,14623.640695746944,17626.42034014381,12908.037594207315,1095.4028593675612,12804.158651962138,12588.759052536583,28672.989329649816,25444.847321424415,13197.317494067609,14710.21743765393,15636.301116592265,20468.615191514764,20164.97496028146,15439.617521921627,26137.215612708405,18254.58052044244,24744.16166210938,24718.99369824348,12100.607431425899,3266.6567298569585,14125.729001621581,20159.358647955596,18629.455515000984,15343.743490254565,12110.899364698125,17884.002188370607,14632.205917536055,16688.78224723743,6792.253307023604,24203.689767684424,18970.519376670254,9403.499788791843,16120.896429504515,15062.2277486254,21439.659839298052,20548.20839984353,15779.327585884477,699.9868055468531,6372.249015887829,18234.495535159596,13787.392209856218,24920.35940772107,26019.25955777177,25738.28452474917,18753.465259269615,18016.154969916686,17109.754952488813,14281.087445120189,26592.902611198904,13797.29932547351,20632.815935648698,17265.23920120532,5061.006013465443,14666.804411343017,26306.71954964234,24518.476313053765,12038.752130046008,12030.99543767524,14161.795788291203,21852.498126659277,26937.988164661663,3180.115578411075,10932.856702957546,16590.064460449237,23273.432056230286,26312.18877613902,14267.44286072664,11174.774960540042,10492.8051053935,17558.71729783415,15312.295977320036,21691.620961894278,14119.049215384048,5002.123932528191,26448.346732153957,25675.18930171849,25191.694876054436,19512.56793850502,22957.669412141517,24584.803479322596,19407.555395157153,19868.894856626488,2327.0743998875537,25886.992996258152,19320.448119458957],[14462.380009058112,15888.529554404146,12369.467924148816,25491.122903221138,11393.81454431179,32240.21151478149,12951.809965573899,19985.558134345512,9051.818962655921,21133.651183073725,23733.114411573173,0.0,26628.54301341529,12446.697185902181,22793.380865686548,30267.428141975404,9844.04326638931,7635.4936109127875,18710.19466075645,23139.131251451774,14726.791833668256,15665.392515124751,9762.196610541168,1971.9375584913353,11613.303118100674,27868.89627101761,18003.555758951294,3933.993216768727,16686.13073645182,26689.52122841574,6937.775757646681,5825.770890749808,14204.827683448055,1018.6523332494278,25948.080360532607,26440.480078404045,24706.69286697347,32430.760714302873,14833.426050538457,18228.85975605725,19044.497334820593,13652.08420970997,15473.890020262108,8533.6596372414,29724.596697585916,3786.910971521325,21978.994723152737,28937.849903486487,21728.303139708783,20453.941849386378,13748.185805556423,7927.4176730082845,9067.806529658928,24150.64399367355,22085.839667617725,18496.800725333313,26516.073986936,14925.817238824135,6704.239175198774,12454.686562533892,8245.52287427565,7547.253259755038,31144.998266811832,21871.10181446272,8138.962627183986,26495.158021810206,23796.263266583843,10551.718219222876,28527.984135037936,10362.437791169084,11699.458363267824,16861.61428595738,22391.26729816222,32027.46081201273,15544.06238959718,3284.7560823875865,12514.18395700254,22465.985250507652,16400.41215308066,8901.29583438957,16223.314589922617,5671.875034474934,29192.522595517847,28689.317898912224,16199.425643277715,6352.777100422982,16713.44444853186,21980.315375260994,15377.919564351254,28495.431063731205,12999.693542311536,11884.424173513398,14904.855442472697,11913.448339040939,8374.650067163682,11499.05813444053,15740.229275919064,17438.90018272967,25061.360380574224,13060.420172341132,11092.60964767988],[12291.386121626592,13423.127786125373,24572.556306315633,1144.4668748517513,25926.421944051483,13006.658963681188,13989.23192986947,19416.065868228237,26765.90424627424,17972.14714354626,3435.101056224394,26628.54301341529,0.0,30428.065689446543,4757.4834269877,9923.084795103563,17831.8911792056,20853.912069523063,16224.557456895769,4473.2791005496765,14465.418402757467,16021.452463809092,30849.289378469035,28263.842770327545,15605.61364171705,13076.04024114786,16352.88258434141,23531.743448585246,23563.70565082667,14171.833272027972,28478.31010429376,21317.506901519115,28179.021862189635,27630.2397383945,10737.66638046779,188.64048537959076,13252.742229981928,18161.4716952703,19885.08590617506,18677.025016660245,12728.550392956116,21319.096900450924,18058.654407455546,19133.898217277027,3366.4775901734356,26792.00984309856,18954.404294333315,10563.730178072981,16043.392161906428,18254.946782130464,22860.010856363562,23871.86104115488,18271.00644149871,3491.0280540134945,9446.744757895302,21564.01654130107,12412.835969747235,26275.692274825178,28379.40939631159,27442.806287637595,21015.988527049252,21258.128259165795,14989.726808271402,14126.562360792535,28827.84047067466,12429.24812655651,20370.85593417446,19284.348110939423,1924.7560505418583,17071.7552046825,28126.911261568366,25590.681917015416,11722.710355551219,12564.2361322908,17589.087166233236,24939.171556635996,28691.39237497951,4358.675506918485,14365.674021355198,18977.258899900466,24384.573106446907,28791.852981833857,12240.020702555932,8850.596339363885,12148.593785298925,20591.82004625584,18706.56755236036,21820.033876563684,17548.83678617138,1910.2422349335714,28118.354131123757,27446.165699494566,26561.57098687422,22937.77620556158,25072.81188188944,27995.747146292768,20510.560956520432,20696.459227744028,4222.146944886066,29312.331743730065,21141.34013156572],[19121.05721771748,24343.83560264082,24519.81070070957,29340.53317275961,23738.942685321214,39708.55163850192,20076.083689295167,30758.18803853159,4297.189002837041,16896.324708888427,28572.572714267306,12446.697185902181,30428.065689446543,0.0,28133.92813519108,37125.95435617042,19033.420186069725,18348.720356475096,28613.30870646034,28431.011849416755,15963.285588098443,25368.975517660736,3428.577950690443,11266.319762685178,15713.066749697537,25854.558664017895,15618.777951791253,15307.138886315694,28522.69099016661,24114.384528022638,5530.611626148617,15952.335007275502,26638.962282883254,12581.925306917565,25036.467234355874,30262.422283002143,22640.57573857229,28618.428700695524,11277.113465442522,28879.809468856503,18671.611991712532,25091.198508319318,25939.937932161865,12668.746786097745,32754.371311633193,8699.674406758893,17075.440885820684,36285.26252133796,18520.849761956168,30901.439385229332,8233.767534565313,19977.358714473066,13605.39561073698,29188.972369016294,29584.404911719528,29850.577406922468,24787.33687689414,5981.551044873702,5761.241292284173,3249.6012916445084,10277.480900873348,18500.912437187013,28587.52097043675,19727.06671856616,4322.477547394286,24758.728830841494,18046.40790877921,11325.887037926826,32295.887599235797,14354.698268650165,2312.3127599848676,8180.510953792691,21470.6457714955,39395.144303265544,25848.09632516548,15409.359542071337,1961.8388943273362,26121.73675091463,25455.225542627144,12575.661211149381,8541.021290542549,6981.8225956928,27664.95163922262,28682.57050571217,18281.140887006313,15892.276126680556,27399.57066250213,15438.318406560313,25659.769265886393,32302.982072835817,2848.14210265012,3053.183947115396,5723.516819546048,23762.417216911657,6020.4221776450595,23945.75410690608,11232.712383065893,12198.096737129827,30570.28775263759,25494.03533401632,9290.403647259769],[9111.255119996487,8707.359024336758,19842.669322987866,3939.9721580522373,21227.506621489192,12252.964718986726,9870.775597323693,14879.092548840874,24177.29963971963,18220.446220669503,1335.2917369393294,22793.380865686548,4757.4834269877,28133.92813519108,0.0,9318.76326750385,13518.127233670666,16499.36288912322,11585.747197068944,347.4896679762885,12571.450328110697,11264.509153198858,28085.38797982045,24542.992778927484,12582.492628713275,15665.198101627073,15773.067283214066,19439.920141006,18829.71259599838,16280.185179221206,25477.828552641597,17232.058361574556,23430.806322361917,23768.303103186587,13007.196137768246,4592.851839762799,14857.1802462066,21185.74368023006,18509.453660564945,14016.638649722783,12343.913175370215,16567.556487882735,13302.225212436239,16021.55126771809,8101.624670280263,23426.40462218378,19355.983726173337,9045.165282679387,16556.42659247086,13773.877452776887,21227.34783395141,19348.275902957022,15094.36101701141,1416.7999342915532,5173.098757750709,16907.417154903327,14676.497147290029,24717.41582334933,25350.907184306918,25378.02911181412,18165.62690322832,16878.33380126409,18183.041849310044,14767.545940002547,25983.513340339105,14684.388761142405,21095.479358958248,16808.041097265104,6307.429672708031,14037.812975826791,25891.972176747582,24437.865587215147,12618.320744008,11865.090964263507,12832.306784120556,20806.54976143146,26551.098213034573,3793.1161842311944,9608.888904410993,15953.804714831618,23183.0632048495,25583.81404976115,15333.055734423771,12336.90564997395,10310.330037789123,16556.763324102776,13977.037841800644,22003.13731185668,12791.407352871116,6241.510735935808,26100.700366408546,25285.237173284906,24981.208602137172,18220.46704985583,22419.372160118506,23308.6402881885,19346.41350535672,19918.731214748004,2439.3263351705527,24593.43381353803,18941.553237749144],[18011.368513105965,14454.562279499507,23875.926099803353,10335.66233029025,25566.97244285146,3099.845641540737,17631.985036986953,15685.942787626578,33036.86455358862,27247.80088323695,9405.57999637798,30267.428141975404,9923.084795103563,37125.95435617042,9318.76326750385,0.0,20439.801427707724,23045.375003009507,13809.18303982731,9094.410680417946,21853.741589329067,15605.312492831801,36767.293582661405,32163.698812063318,21418.307223671887,22989.668157143275,25024.96231425966,26522.787358964593,21119.327338635172,24085.1131113354,33992.44133914848,24450.46457360173,26824.67846819901,31159.07133879923,20651.332103888246,9949.096014597939,23071.075721181205,27929.20168155034,27821.13904056523,15960.192261989056,21515.902040269455,20419.443814548376,16985.795729791567,24662.222781883174,11154.909599891227,31590.259164580493,28328.408153962584,1921.5765074495196,25453.102384328075,14407.428853237838,30497.6445885713,25024.80159887153,23712.13041082369,8705.609046575199,8192.831677653154,18396.760853913485,22332.016213295738,33987.79801661488,33841.12904643757,34498.249607719226,26951.96919671854,23311.90322804941,24723.026789534357,23580.506206391794,34628.28832994653,22347.99273239464,29924.933244701904,25846.701844865463,9390.436407743471,22810.38096923945,34933.05328399254,33754.20087848068,21261.36048071556,2666.3020918091124,16625.577914215184,27724.235408492903,35630.713027014725,12554.678870227337,14321.866987055468,24669.730096373863,32498.27399369894,33884.225744553485,22057.235556702268,18587.12545847024,19618.15731579557,23924.46668643041,16790.187793089768,31081.35084688484,16695.179309263054,9294.464949465211,35234.30098109108,34365.71979050556,34246.44253068484,22573.18854436589,31261.270420622983,27641.238326446553,28665.09732900946,29218.589653152394,7085.247652849302,28480.254191822743,28068.96891646807],[7165.486987587581,6049.613993986657,8897.582136399778,16746.267028241287,9515.06376113372,22402.170084226982,3944.786336458945,11838.807604613035,14748.13852528597,18954.683382724175,14623.640695746944,9844.04326638931,17831.8911792056,19033.420186069725,13518.127233670666,20439.801427707724,0.0,3027.2930685617603,9596.9678917919,13864.326969871161,10496.867314747547,6357.024257982727,17613.887468720066,11769.086045948072,6724.313727111654,22675.570454014483,15344.583649154827,6100.27754877527,11031.666091040803,22082.195548767544,14592.23678111318,4018.3000146817217,12550.68591897312,10720.646835316602,20216.16964312922,17644.741281791652,20038.897476495054,28051.458931821046,14559.084361214507,9948.703387160256,14391.354573643814,7311.098533083468,7014.428273451425,7171.655457068248,21127.139852394313,11685.468787884529,20111.695826087427,19093.809085800076,18581.48137800249,11885.154802200312,15543.831681689788,6335.689776305227,6527.301795951524,14926.951676256356,12250.248825671135,11417.9054244295,21300.773789378985,18409.48831747731,14396.48758443006,17382.03939496466,9368.615206180963,3448.777892931164,25964.761738107696,17851.63935422044,15504.584809159891,21288.64521457851,22199.2045019281,9981.541269204647,19637.95298766437,6826.053053419331,17284.61736855275,19418.904360374516,17300.583187253655,22185.44347784404,6864.523139396114,7376.962504990878,18131.15043634458,14107.355107450083,6712.761168661774,7502.126950804654,18306.201239200633,14082.218686899963,23483.171670049618,21981.670748898297,10505.92576122002,3574.2685788043786,8529.534542824042,21417.639399861862,6674.035190339989,19588.717645845183,18127.003320538504,17007.279719006237,18552.43929461842,7308.969841773428,13112.632009769939,11268.008189732207,15723.053906944528,17240.28172656905,15610.719349388406,12904.414073135968,12162.221693607273],[9946.043649075373,8598.42191295943,7121.059582818706,19771.20385297759,7260.597033522867,24824.122385702052,6955.852168793797,12592.976225894889,14190.39583405741,20849.44381448933,17626.42034014381,7635.4936109127875,20853.912069523063,18348.720356475096,16499.36288912322,23045.375003009507,3027.2930685617603,0.0,11081.349055197707,16844.301389120214,12638.289799795555,8038.174710274115,16445.223411667976,9607.43115835791,8769.518772648344,25306.26923629132,17266.47753265403,3701.5687741865554,10354.143270803552,24590.875490800103,13393.731608248294,2402.230923898083,10455.013454111406,8377.37732607347,22925.471218036164,20666.98797498967,22536.44848941075,30564.78944997793,15790.969899754728,10766.21473143286,16784.4295863702,6772.375270036866,7915.253025787619,7995.408468786026,24153.369159103582,10227.751408861863,21951.665709238157,21597.502844865703,20709.20067782818,12937.69061356663,16218.367218587406,3546.330165240107,7668.578147925162,17912.36187249822,14867.872488099154,11502.334150926272,23923.143183599626,18694.785886149784,13176.438108927192,17185.015112329613,9718.368348572712,465.4313107885075,28617.638360136963,20172.08823803207,14441.919557358027,239