{"problem":"100.10.3","tabu_size":6,"reset_after":375,"iterations":7270,"solution":{"truck_routes":[[[0,37,22,90,83,38,70,93,46,0]],[[0,66,56,99,29,13,28,24,4,59,84,91,76,69,0]],[[0,71,79,61,45,87,31,77,17,97,78,58,3,92,53,51,0]],[[0,6,18,89,26,60,27,49,47,94,68,62,11,52,5,81,0]]],"drone_routes":[[[0,19,2,20,80,0],[0,41,64,32,44,63,0],[0,35,23,57,0]],[[0,36,12,34,14,0],[0,98,86,40,82,7,0],[0,21,33,96,16,0]],[[0,39,95,75,73,0],[0,8,48,25,15,0],[0,54,85,0],[0,43,10,55,0]],[[0,74,88,1,0],[0,9,50,100,65,0],[0,42,72,67,30,0]]],"truck_working_time":[1619.0297421496223,1614.3163271945123,1618.1099425131272,1618.476884972283],"drone_working_time":[1604.9393440407034,1603.1961425939921,1609.368831209849,1601.1333877083378],"working_time":1619.0297421496223,"energy_violation":0.0,"capacity_violation":0.0,"waiting_time_violation":0.0,"fixed_time_violation":0.0,"feasible":true},"config":{"customers_count":100,"trucks_count":4,"drones_count":4,"x":[0.0,3689.665398614573,2117.04033725614,-5288.000685066826,7213.929387482101,2528.741901452409,-2076.023030958309,-1217.3425131247416,868.8466335434537,-2696.5203952850566,-4572.511843857624,3545.130671830371,-2592.028875179755,5125.7457490825645,-2855.0345867067126,5293.578298319728,5305.331313955335,-7488.580492993415,-3000.9846195068894,869.913771007447,-568.9851235129356,1635.0972305368066,-7008.887724632877,-2098.5574506871735,7811.037312304008,6328.838150884415,-2827.939928206567,206.88594150350568,6586.573211039688,4767.0434553148725,2675.7657237493754,-7489.106148290722,1367.4479032090314,2829.3743769140483,-3669.9735679925825,-3112.6581964452666,-2748.006785853115,-7251.193220781105,-7295.773722621229,-236.08332309781653,-5692.837835173847,-534.8798026752692,1080.2454579444466,-1064.3120797348474,462.2070560469942,-6483.672789177352,-2233.1179896314843,1606.9655578493764,5489.0188976091,382.7370334031591,-7728.515303663259,-2398.452970390752,4582.828062561876,-4098.04488229627,2254.69621478428,-3744.9542100855606,-877.0310756484273,-1863.476548298065,-6404.789303216716,6288.812576197556,-1246.1990771606627,-6407.308165664811,2825.4405669781727,-1101.0598851156012,645.6986492335157,-4481.768238851107,-630.4025521295495,6947.6537826155145,2262.9976404618715,924.9822484125372,-5473.717569348788,-1844.408060180601,7405.404156440697,-776.5646104599485,2907.2894296417903,-2949.730658147179,1382.7676212839506,-7764.142792677012,-6873.479458804066,-2991.1685784554725,-69.68678955626643,1447.8456005541047,-3280.2891109451225,-7690.207871073231,2883.635902739047,6171.425025325893,-2899.930449060117,-6600.141914026387,5500.758755091792,-2306.2222089011993,-7161.873145936856,1235.7434928374778,-4989.049995762777,-3475.686949314223,1911.4979916865109,-2972.132487873074,4810.6031920899295,-7493.429753286598,-1122.1453127289824,3712.8392871481383,-7048.120764381247],"y":[0.0,-613.4811939011322,-6142.925902793625,5827.025515928511,-4749.122251806691,3629.964944123219,468.9068018821883,1583.6734355903009,-1637.7555454722262,-291.9967305484249,-1745.4797030396373,5576.912723639762,-6959.919347662024,-6443.168873518071,-5394.790642497891,-1615.7539234312426,5092.833669350171,7447.118465523268,768.6832508660673,-3919.134109816832,-6823.175671821162,3597.8206883362714,-5105.147319131454,6951.808340445755,-5189.841435998676,-3301.154123279936,3581.8456653454796,4108.911187886658,-7424.7764487751965,-6758.921077846196,4194.35246702129,2526.2766245384805,7451.8595860678515,7101.458599622274,-6037.595506203242,7139.94192121495,-7193.882802434647,-1504.1855797795727,-7493.718227276905,992.4522395899988,3789.8914533501006,1840.554269648831,1927.6491175673914,-2437.5592350003053,6462.136457840474,-45.28937356367871,-3112.7733744874,4391.915800251555,-5492.236000295131,3264.2411632087837,995.8876683971537,2618.3496645187424,3172.518075145911,4093.884090719559,71.48785574426557,-1261.5232884652692,-3726.267158969566,7214.0707626501735,6082.726288537803,-4283.506127696085,4481.870760425479,-151.00769625836966,6238.93418763264,4137.168158819578,7930.739621583433,-2060.277460545362,-1606.7029880366904,4890.151008884041,5724.891188195309,-318.30481122923453,-7940.995089371474,179.3940762981618,6803.100881386265,-776.1616822361016,-821.5650138984049,-29.624780502091802,-1515.172585693162,4202.463056312634,6598.663569989104,202.02593556028165,-2693.24846001634,783.0066978588219,2673.6079118120247,-7003.132686016139,-2924.702850130669,3003.535098324317,1665.9002784385839,822.6488747007928,-790.7675551068204,1345.8958609186648,-6471.808773270804,-2188.403594515901,4671.851059107708,-4391.369659515657,4137.984327591766,-128.24019413774167,7726.233016025574,7474.539791077747,444.89910400767235,-6324.2269520363725,-439.7117245339232],"demands":[0.0,0.46919301061878194,0.14775171121944983,0.3205694131621818,0.3168548695593187,0.7732267572289857,0.8423555080312728,0.17974862036703806,0.5749355804764041,0.2118314789829811,0.7552561703561638,16.18006943293982,1.0611594518051035,0.8028364622212981,0.6944510982685291,0.30881161449285965,0.9148498289998478,0.5906585834000602,2.241876497772617,0.20849153917147537,0.5817265995378118,0.6164658775994645,0.7810361134892605,0.40820215603535526,1.0488642210109258,0.03913564085608928,0.3780178630896663,0.8178512037375256,0.16053711043307295,0.38563781826305865,0.1787655680763203,0.794751777439658,0.1897025214946188,0.2201730779726051,0.39177853561808135,0.8580542523984133,0.016590918213078405,3.1439352676874,10.972383801026496,0.20833807510357988,0.8308934816811193,0.07827243904550844,0.25867757846199435,0.8251734473144361,0.9769773835726041,1.0156637822986991,1.0589124985440963,0.5659629790336225,0.9207582772340623,11.11574503567919,0.4648530747053953,0.7806131836863803,21.08633547151427,25.563387925048097,0.7243365678043197,0.6595260436230116,28.948773047162277,0.6059957933177366,0.8562131601976697,12.335010962601237,0.7568580007301922,0.6285677638646365,0.9682808191035468,0.3429127257565159,0.6527877842897881,0.6476465780748067,1.1046523986717383,0.6046696024956388,0.5999386923375859,0.7226783202170138,0.8594452088794047,0.46665759954919667,1.120716320891809,0.5389619324500016,0.32378316108659927,0.5279249583330321,0.9832703777160465,0.9471116556537211,0.6651411607480471,0.8281425753095625,0.3610866038560369,13.112466448751823,0.3701020091942772,0.9850947755337621,1.0734661070844955,0.8622905496235743,0.19129570464758816,0.6732502579080771,1.0719420819075607,1.0128537190654563,0.3558111340240319,1.010402882642709,0.7493240597626162,0.8544700400670968,0.8078902653559445,0.6154922248819805,0.09273947818725413,0.42029638323926893,0.5169746803076405,0.5123543253860654,0.8554227294867605],"dronable":[true,true,true,true,true,true,true,true,true,true,true,false,true,true,true,true,true,true,true,true,true,true,true,true,true,true,true,true,true,true,true,true,true,true,true,true,true,false,false,true,true,true,true,true,true,true,true,true,true,false,true,true,false,false,true,true,false,true,true,false,true,true,true,true,true,true,true,true,true,true,true,true,true,true,true,true,true,true,true,true,true,false,true,true,true,true,true,true,true,true,true,true,true,true,true,true,true,true,true,true,true],"distances":[[0.0,3740.3194955784184,6497.49170347931,7868.746889343255,8636.836189843092,4423.932763924496,2128.319810066313,1997.4845042841378,1853.951913978575,2712.2839698009584,4894.339991862191,6608.321043006878,7426.916656037403,8233.328283076664,6103.686473572703,5534.67541428809,7354.148158318661,10561.174709263129,3097.8674320698324,4014.518917593759,6846.858426994909,3951.9434027740854,8671.045858865267,7261.651504728508,9377.993283480972,7138.053718328139,4563.64575837117,4114.116301556379,9925.233094425163,8270.895806465824,4975.169828860076,7903.719661276925,7576.287023236521,7644.349129055195,7065.498247561157,7788.928789392065,7700.875993694466,7405.563947703015,10458.68668053081,1020.1454716422127,6838.982369165971,1916.6993564021657,2209.697121749483,2659.7848084393577,6478.645148671954,6483.830963595257,3830.9494954297475,4676.672182290888,7764.92013746746,3286.602806596027,7792.415610516595,3550.82125949218,5573.794397726934,5792.569274990275,2255.829234335231,3951.7240595691637,3828.0870480787344,7450.863159029357,8832.94317426916,7609.046481954913,4651.900434561443,6409.087396355601,6848.8987578396345,4281.178955026449,7956.9816947744275,4932.645310703558,1725.949555895965,8496.085567647096,6155.935139149234,978.2178247864794,9644.738826864077,1853.1117956210949,10055.95307877616,1097.9433278591325,3021.142317033207,2949.879418422588,2051.2908762307156,8828.511145416927,9528.225479096449,2997.983312725129,2694.14986888611,1646.01226360427,4231.8407244943655,10401.113619140226,4107.218375144923,6863.505658924219,3344.371442750904,6651.212254644591,5557.306920436249,2670.2240627458814,9652.80973376542,2513.19960858271,6834.969800862794,5600.404204711287,4558.150816681765,2974.89782561739,9101.460305339438,10583.961193988072,1207.1227425686484,7333.554534675116,7061.823610795917],[3740.3194955784184,0.0,5748.731022783359,11048.919177432876,5433.595828092357,4399.383876473728,5866.406637825785,5376.450047360979,3001.025900032144,6394.272535197621,8339.364089108789,6192.081002504237,8929.555430643364,6003.9641250491995,8105.184633375423,1891.3189086455873,5930.632821930273,13781.38048537822,6831.923317585418,4344.921223899808,7529.701838633944,4685.756491818021,11603.193677237718,9525.603891180725,6158.634549670828,3766.804825264937,7751.12550873248,5867.771515187194,7401.744248672714,6239.164595059344,4913.578844568433,11611.33120948464,8392.998033658669,7762.757026965968,9142.49975617845,10314.415945361336,9205.721508076347,10977.055235017622,12962.157780316265,4241.523926471602,10364.413037051858,4885.598449944686,3642.3091146456804,5091.911484371435,7776.943648159376,10189.19289384021,6428.516506008452,5421.405509256445,5199.992449538402,5096.3227813267395,11531.041526453937,6892.743718756342,3889.926735748913,9099.874688272168,1590.0689159639264,7462.809610488238,5526.676501512744,9597.288946107168,12113.513543773954,4497.182347360871,7094.037613494867,10107.559393532083,6906.6982792574345,6746.830219938639,9070.250432876548,8298.526804721503,4432.773018257576,6395.659132084749,6496.948925940189,2780.396018177684,11732.861854887406,5590.583175433023,8295.32423693526,4469.191810075139,809.5746000034574,6665.018252789013,2476.8578322311546,12425.097227147367,12790.428506274495,6730.423055601777,4296.29616715482,2641.1994318506204,7706.180678794759,13051.021485877744,2447.739588364285,4386.563313460624,6972.68623502715,10389.54301715056,1819.749872852166,6307.917774108625,12331.9054006706,2915.8383507339495,10161.438772206322,8100.291076781869,5073.293203531316,6679.446826516598,8414.709421013587,13801.365897255757,4926.833788225669,5710.792777116799,10739.192125607433],[6497.49170347931,5748.731022783359,0.0,14075.310636318263,5284.029391271193,9781.558857549888,7829.31108875376,8415.369648971402,4674.884754780102,7576.5255298515585,8005.475717505781,11806.52613740995,4779.415355089946,3023.649135832902,5028.044890133538,5530.432130385647,11679.361819685288,16642.03285260986,8600.262818716743,2549.622444746319,2770.825242443439,9752.66185770444,9184.745362800282,13756.574050641337,5773.211545812269,5080.837300064263,10909.812641759818,10428.271839066196,4649.716650728846,2720.655542586943,10352.366789896661,12939.59515447395,13615.435406381217,13263.526704157148,5787.972393851577,14275.304703700056,4977.267715823282,10453.789350388293,9509.24331530685,7513.375552687591,12635.468242162946,8412.409648391813,8136.898965886339,4883.722488418866,12713.224229284715,10542.933060861422,5301.481096240025,10547.182846087704,3434.1864772742792,9565.699146295357,12161.316749540629,9856.4511553494,9636.265127755587,11975.790709994484,6215.938183647186,7628.307253659591,3847.688021354334,13937.49886446126,14902.6223170504,4567.398112013672,11144.40144168535,10419.577783819233,12402.108295945529,10772.024088203854,14150.367756880125,7759.65804189197,5303.372583818893,12044.235650197215,11868.714590869904,5945.352247552219,7800.811393464525,7460.884888776753,13984.505761047238,6097.139312210557,5379.718890228381,7940.064164203665,4685.643732226717,14306.1124265984,15594.15109893059,8145.6867210558885,4084.366534279664,6958.186831668871,10337.428774918131,9844.900869469519,3308.266672701784,10004.788055917323,9281.581880231859,11158.337617357773,6332.073065743458,8697.568795984838,9284.740134816595,4051.534377818911,12940.476056030426,5860.59278361112,10282.96469025666,7878.840283819884,14128.299613485075,16667.228542411613,7341.100870803102,1606.0648675981072,10794.759375829992],[7868.746889343255,11048.919177432876,14075.310636318263,0.0,16375.382656410613,8119.639143464739,6247.098254734423,5880.161122835792,9676.24540818006,6645.1639065719855,7606.231627632354,8836.671657194634,13068.061177703836,16093.594537876414,11482.52942209553,12936.954029623987,10618.743829148952,2732.627427290604,5551.330377003904,11528.55315721956,13501.729443324326,7273.145049591401,11066.790641309226,3381.964598818138,17115.96196224537,14774.119536071334,3330.575248948432,5757.229879298219,17793.700023486384,16109.31296878838,8129.403219106388,3967.342751042137,6850.91830827581,8216.809452681875,11974.441270906895,2540.8393160671344,13266.334175018423,7589.517841214788,13471.205085012873,6992.493675109789,2076.9709451564295,6203.556328433018,7467.241474204091,9281.320301557118,5785.1754488953575,5992.805181373724,9447.34420268214,7042.733800661811,15629.13408855532,6222.951864687951,5412.578360211776,4317.995682583521,10221.52972495719,2102.325857787663,9487.807453823176,7254.551438664185,10522.454743427217,3694.7611668097015,1145.6874367566963,15370.278312474407,4259.765434143677,6081.918309393181,8123.890552205303,4515.095918103113,6295.585820891318,7928.402045811287,8772.316674550999,12271.469923952249,7551.689025180969,8738.778047392585,13769.273116220493,6614.686012508226,12730.877801214656,7997.195547769815,10553.034449746901,6306.176291023862,9920.031389086977,2961.500113502176,1763.2833658960662,6075.8586228699805,9991.289633337714,8415.09067215288,3738.3082204138823,13053.105333652542,11973.654158879506,11802.141151092559,4797.69139213609,5173.538457574383,12656.718191879558,5382.520400884076,12440.768580469292,10334.715376985474,1193.2307154639466,10377.864955680345,7394.974058945106,6389.7132317706055,10275.640583250777,2752.8568182470453,6805.999977749922,15121.774259181539,6509.225632485367],[8636.836189843092,5433.595828092357,5284.029391271193,16375.382656410613,0.0,9600.004375845136,10655.094703569184,10544.69758126218,7066.871863534547,10866.599413293994,12163.14373262887,10958.425175640485,10052.086412686109,2688.9226214622227,10089.644353704938,3675.0163791354,10025.310117909805,19102.672180104473,11609.937370007887,6398.07896621463,8054.530146106031,10039.662578063535,14227.27241790338,14954.403626884796,742.139658824384,1697.055744025898,13047.764781371114,11294.397472754232,2748.2178141252966,3166.471551457183,10028.991449051058,16404.593343820594,13529.423622390286,12635.687126426968,10959.904510144503,15747.642935968215,10257.535107008476,14824.620942120368,14767.000081665525,9405.762437360381,15475.768000221555,10171.916266018388,9066.49626186224,8594.917414973646,13087.325024444031,14482.760411484605,9587.718278805067,10723.647702903452,1878.1731126992681,10529.918432710438,16008.803588375325,12111.050203503792,8347.159975201068,14358.25626787903,6916.0881624086405,11500.455479420705,8155.3585915571,15017.23295497831,17401.104607965335,1035.6831028616175,12521.381937715096,14376.39627810826,11831.999765212644,12169.848144714182,14280.075355512872,12000.801193174953,8450.34569755133,9642.95036241577,11585.19238964098,7693.048765589401,13082.98274524445,10312.31062915216,11553.809843779938,8923.699346039768,5828.623644010013,11205.964568245407,6667.899068411799,17449.169772874415,18089.425946109273,11342.746266563952,7568.202009869017,7990.755468264634,12854.008906742956,15073.61504282839,4698.930497168481,7822.436406494786,11976.755606456043,14895.408668759072,4313.180441457386,11304.093604202402,14478.651433441206,6503.536471238174,15416.466649425898,10695.601168012661,10348.741085789427,11185.186968461949,12704.741865149737,19123.92027368359,9821.81242195935,3839.0867022434018,14898.89571836902],[4423.932763924496,4399.383876473728,9781.558857549888,8119.639143464739,9600.004375845136,0.0,5585.351256759757,4268.542769966321,5523.054540463115,6533.387287410666,8906.357836399318,2196.281354634424,11762.990379159963,10402.521516089953,10508.62801095861,5929.745925320843,3138.3807405843013,10719.953776029197,6226.139118648824,7729.204829253402,10902.47960135247,894.2225959099624,12933.23490608757,5696.1866932188095,10280.643432701223,7904.501441044007,5356.89795396447,2370.739252462267,11775.962899097824,10627.273715468826,583.2231822602995,10078.462554106654,3994.431424430914,3484.486775046274,11484.154236679904,6644.195470053082,12041.584478366887,11045.661256673951,14841.072553739414,3821.090392660627,8223.135038053124,3547.924535263548,2235.1780958567188,7051.587521684332,3505.9608883138253,9732.990951169908,8254.685315357181,1195.9267263427473,9590.505198597282,2176.945285857554,10590.074998147735,5029.971647936675,2104.406708599498,6643.005648939706,3569.0139011916667,7955.244812667822,8106.382690579269,5668.985573162736,9264.125322848964,8761.344410739677,3869.8737591634476,9703.027615612551,2625.7857132109784,3665.06699949273,4694.9456563425865,9029.181084195116,6115.789786308028,4595.089893712833,2111.713991134074,4261.558293130518,14068.634392809676,5570.5367695414925,5818.129117300311,5508.085237648634,4467.596355789351,6588.342624580845,5271.214020653367,10308.793790502561,9859.76358938089,6497.705560628638,6836.289886813405,3045.2435155941944,5887.22855648117,14747.531985572266,6564.268401366475,3696.1540407104685,5773.043694638912,9550.787571197889,5326.890275579666,5347.321715144728,13998.351768480456,5960.30681560155,7589.645689123555,10019.729270167589,799.4208767119196,6662.111145004119,4688.9554344860835,10734.275962117306,4844.958395749556,10024.371447845533,10405.698761142896],[2128.319810066313,5866.406637825785,7829.31108875376,6247.098254734423,10655.094703569184,5585.351256759757,0.0,1407.137832387375,3620.8125588966263,981.8305173510477,3337.0591822907977,7595.333662656652,7446.72545428006,9982.097159596842,5915.218231242108,7658.77497333359,8710.05692523693,8831.263573374328,972.3270332844284,5285.2101835140475,7446.1822471498035,4854.123577343779,7443.3348325928655,6482.940703012975,11391.900361705688,9211.680132607784,3202.4627067348615,4296.66211223066,11719.676143716035,9953.343900144017,6038.082623918799,5790.875531586392,7785.8282578426815,8249.46465407702,6698.89920805149,6751.097838847786,7692.1977800150635,5538.544938898862,9520.98706217514,1912.9762031730602,4910.222844563996,2063.138198452375,3477.0619663174125,3077.5158606215027,6508.564640812659,4437.5414474652,3585.123667579601,5380.929710242892,9631.463174872932,3722.8208720957787,5677.004291583902,2173.491588569331,7186.780350239852,4150.786999097271,4348.9160723328105,2404.1047352898313,4363.148664749622,6748.511900036518,7088.948206087857,9620.597870608945,4097.8637760257225,4375.422825640328,7570.836244049044,3795.6151699759616,7942.714771008515,3490.6135619129127,2529.421785471174,10048.589133494179,6815.605054298477,3102.5368346933737,9070.324029312318,370.76018254857183,11402.608304540392,1799.6632231472393,5147.690801446439,1005.9317851835578,3987.4558044246473,6803.9803592200005,7783.926143870528,953.266368814412,3744.9447277517756,3537.839577596715,2512.1631665822706,9346.146025377953,6009.559319021555,8628.136533587724,1453.1403292599632,4537.927403806188,7680.781322175254,906.6981146970952,8604.615278279363,4246.068305025226,5113.752685359638,5057.800546241952,5418.713297056923,1076.8457148671305,10004.719112222414,8855.912667502591,954.1797896055127,8925.110259073577,5054.438000139689],[1997.4845042841378,5376.450047360979,8415.369648971402,5880.161122835792,10544.69758126218,4268.542769966321,1407.137832387375,0.0,3837.940832752079,2388.7456497532653,4726.565545757311,6215.071266609761,8653.481394217084,10230.589726767677,7168.053865383581,7254.545143463943,7406.718531217253,8585.360412888496,1961.017125079785,5885.36572163863,8431.813519015299,3491.8765222962998,8847.729597232237,5439.982731857762,11286.812924286727,8989.237058491884,2566.459875632783,2899.181332134215,11918.610235635091,10267.022871060415,4687.423252616574,6342.201500047572,6412.234415009128,6842.650853619273,8006.193813195444,5870.633783824909,8910.018329245891,6778.069611702598,10924.57621007204,1145.605560658783,4989.735095129942,729.2071818493332,2323.1938693517236,4024.1434498000635,5159.4852664551,5512.50890340099,4805.040318099476,3982.830809668894,9749.03983560599,2320.4659968053147,6537.649670666362,1570.2155301017451,6013.851178380242,3820.9427727819893,3787.0513801629877,3805.7805098546737,5320.834614252916,5667.350637817667,6866.664457627923,9527.127597172426,2898.340979762343,5472.189881915417,6165.674959181047,2556.141027239396,6614.844785935541,4892.325975671695,3243.917422230102,8809.08385997923,5409.477983979431,2864.7995802971054,10432.451252205485,1537.9244842444004,10079.393979274251,2400.6471924887933,4774.700059918827,2367.2557570024364,4045.1723541376,7051.145508209905,7559.233505878487,2248.4236087503405,4428.2247640515025,2782.8573276768207,2333.175052994397,10753.196051043962,6094.545159487448,7523.954603701677,1684.5959206409304,5436.330359040387,7125.366984816665,1114.5389929881128,10011.405398929732,4499.577321671725,4874.691617834032,6387.586365822491,4039.077498333605,2451.517108063065,8606.228420406534,8607.646453260986,1142.7464658596205,9318.883040599234,6171.876742250837],[1853.951913978575,3001.025900032144,4674.884754780102,9676.24540818006,7066.871863534547,5523.054540463115,3620.8125588966263,3837.940832752079,0.0,3810.8934435644555,5442.424696190861,7695.059095739337,6348.471219452719,6419.749787432397,5289.858605181666,4424.786365085467,8061.217494784078,12344.291148990114,4557.032105176272,2281.378813926661,5381.072574156985,5291.351290305062,8607.061306278209,9087.689186442009,7798.1616804184705,5707.749311075948,6396.129117138365,5784.666844520924,8135.232519742281,6436.013896135088,6105.607297226187,9337.80159439328,9103.279983919778,8956.424113804884,6321.351161098166,9638.482947430575,6629.643938626071,8121.138354415244,10047.553159400939,2852.869292779677,8515.577197749479,3750.8781742022493,3571.6662601904413,2092.077568472676,8110.092860831836,7522.997432550389,3434.8016128069858,6074.681562342257,6016.893827071678,4926.040425663194,8991.702222454378,5365.601388510041,6077.2025110496725,7584.306444842885,2200.4754182738548,4629.115351326251,2722.12595872534,9263.931074829756,10607.149451657964,6031.254178267424,6474.8161736224665,7426.496336037842,8116.064377021238,6101.661698475818,9571.09684335443,5367.271586328284,1499.5707325979824,8919.947328208676,7493.47876188869,1320.6443303747985,8941.976818108247,3265.544943943641,10675.890663967239,1857.3427650972164,2195.7723053167333,4143.382324847515,528.3383041843206,10422.891141610771,11304.079492191393,4276.03944495526,1412.4129279102856,2489.0419125712947,5983.576045058572,10101.71697649812,2390.734022059615,7046.90828954027,5011.768400596509,7863.801868977649,4708.715170571444,4356.975771004605,9373.394837822962,661.6846524405901,8609.650888636312,5143.672106738274,5869.096432666515,4126.9549557842465,10159.809375510242,12367.764255120886,2881.2322570598058,5481.907374108098,8007.101958679623],[2712.2839698009584,6394.272535197621,7576.5255298515585,6645.1639065719855,10866.599413293994,6533.387287410666,981.8305173510477,2388.7456497532653,3810.8934435644555,0.0,2373.1743860153406,8567.514588553826,6668.741298445231,9951.118849946757,5105.255376248146,8099.01291758779,9645.000218369383,9102.622918594203,1103.5127941281198,5086.804323992087,6868.966785154732,5821.820231558978,6462.4245118688705,7268.443546569869,11593.000118046295,9513.786055043754,3876.0709490227773,5272.357998376874,11706.936978242196,9875.520030137894,6999.199044698219,5559.815006266457,8745.464480721577,9230.31390325632,5827.479418261421,7443.57997156804,6902.078107187048,4713.220380325165,8545.052585294836,2775.5287321667156,5063.568834965327,3036.521664678306,4380.729163184841,2695.837985833176,7456.264093920967,3795.1795444424683,2858.5875296301747,6360.741147461548,9697.708078619913,4704.110358944215,5194.190888193422,2925.570086165016,8061.747751550763,4604.369822902845,4964.540962092957,1428.003925247834,3886.4835982928953,7552.152756893599,7374.845887447445,9832.006706462858,4989.312853207699,3713.46519905465,8552.491539125449,4707.759112010773,8876.025082108172,2512.752793856915,2448.9376238043233,10948.27615503871,7797.42004599107,3621.59819878155,8137.567206291157,973.809388133347,12344.605695267908,1980.0620990580387,5628.776698420084,364.6292327691523,4258.726323060988,6773.548961826418,8057.802826808158,575.2181729350887,3558.96960656575,4281.518641621832,3022.5149806366967,8365.181433693784,6170.031265922715,9460.496076741854,1968.4349996322076,4059.6423225306153,8212.439211624867,1683.7531931602407,7624.267313724653,4365.668136669977,5467.675634850756,4172.763943678946,6392.070527626313,320.59043778311485,10984.029899129282,9128.49543630471,1738.2958239492991,8801.573324345634,4354.106738673988],[4894.339991862191,8339.364089108789,8005.475717505781,7606.231627632354,12163.14373262887,8906.357836399318,3337.0591822907977,4726.565545757311,5442.424696190861,2373.1743860153406,0.0,10932.225339005647,5577.875365820999,10776.10708379665,4033.261516648815,9866.942964842967,12013.921725621385,9644.030145905741,2964.9136877264036,5860.441114237167,6466.159799440007,8190.5597789761605,4150.095652275916,9042.304443605144,12853.634406289299,11011.791616701265,5605.704839671638,7557.548272718849,12521.165712047543,10600.089037594133,9371.186365960586,5172.467927291118,10948.706398279772,11535.000518264225,4385.981464526291,9004.548301421575,5745.773667677937,2689.5272396829378,6360.6918956865475,5128.438713500512,5647.606941511612,5400.195566204823,6741.330762234606,3575.8131471806523,9628.777567552235,2557.96468219539,2709.6596814308864,8709.395186924661,10736.507048966327,7046.402954225587,4180.365163892193,4875.401392138397,10392.639267689196,5858.608061090882,7064.8525098304835,958.6790121944331,4192.862632351958,9360.15046779858,8039.7792093218795,11153.92066898189,7060.046063356131,2430.8061467188754,10884.877815141132,6830.55814472658,10993.586365168348,327.6156741980026,3944.551260226672,13294.578256056038,10125.741017961705,5679.724418170247,6260.717423900601,3338.81555658516,14715.593828270268,3917.7535430644366,7536.646830245822,2361.6894147817416,5959.731107712609,6750.150456248576,8655.586573182843,2508.6699136018706,4601.48879020097,6529.773904049983,4604.147580083766,6112.523489322367,7548.8215272129655,11746.71532951126,3799.347562444521,3272.0892550875915,10118.411725417644,3833.1020840762167,5389.153777061632,5825.119022808685,6430.8349491178205,2864.2204019716805,8755.4287471926,2275.2313535583075,13332.523752475627,9671.63486208653,4086.9045153385573,9466.359898834062,2798.869332617555],[6608.321043006878,6192.081002504237,11806.52613740995,8836.671657194634,10958.425175640485,2196.281354634424,7595.333662656652,6215.071266609761,7695.059095739337,8567.514588553826,10932.225339005647,0.0,13958.398392705323,12123.55994024731,12701.983706929454,7402.1295988697675,1825.5516512383429,11191.088042980053,8122.23467220254,9865.68248676439,13064.76716182642,2750.460512543572,15016.44801776552,5808.748021851003,11581.060167330479,9304.251623172928,6678.047726704727,3646.7665662239137,13352.688645190688,12396.203710343194,1633.1773559943836,11448.177270275644,2873.626276619707,1684.20521365053,13673.131704646234,6838.8020067119605,14237.162548418879,12911.334662879031,16981.360415016836,5942.630495433363,9409.224577874067,5532.346696365407,4403.723876929363,9245.470418306744,3207.49732351363,11497.219458691708,10435.458881988381,2271.717790019807,11238.538824371728,3917.803373166034,12168.84892409813,6639.222988187251,2618.7648807093856,7785.724531298308,5654.637394561563,9995.476210626193,10300.71213310282,5650.957308839084,9962.76843413897,10235.020777513413,4914.871073056411,11483.03579854946,977.8682251762973,4864.14957658409,3734.595978033396,11079.611005433046,8308.995871790881,3471.138886918993,1290.6443104505574,6451.260926684476,16250.337080765144,7627.603509113903,4050.339340621143,7683.658277120694,6430.191195291801,8580.005039683072,7414.410832778576,11392.48779604466,10468.591683993322,8462.423758826937,9025.656279894434,5232.603525418021,7417.245718019941,16866.84246332608,8527.311574799593,3676.913710393082,7538.887928503292,11203.99841961184,6661.218607160322,7220.791800590565,16118.673036692468,8101.444726930585,8582.0380029295,12192.56058995407,2176.9866013798223,8661.610064419483,2494.192939368066,11200.48234434713,6936.932240416779,11902.321276104272,12182.641164425751],[7426.916656037403,8929.555430643364,4779.415355089946,13068.061177703836,10052.086412686109,11762.990379159963,7446.72545428006,8653.481394217084,6348.471219452719,6668.741298445231,5577.875365820999,13958.398392705323,0.0,7735.055022650801,1587.0727355809995,9525.9070211865,14409.620163142135,15216.404184184397,7739.41489563606,4607.756693683694,2027.6599453657484,11372.531370866898,4790.492811163769,13920.477050548783,10552.580817720678,9642.013869719682,10544.404374568025,11417.220921736778,9190.366063525831,7361.816750634356,12335.616711471928,10675.639551886952,14945.796345237019,15070.300693688445,1418.6775635381798,14109.46996494689,281.19033907154045,7174.4577039199075,4733.9367162764565,8294.015511566633,11188.09404965549,9037.709787080488,9616.364801829386,4773.432684733091,13765.171236480128,7934.5447274594035,3863.8515968756833,12103.541443479082,8213.247074953597,10648.130838927418,9469.865791381188,9580.224887789283,12415.508858044359,11155.924644244764,8539.99012632923,5813.858828294404,3660.2901428483533,14192.701791421981,13588.515271106224,9275.372370342331,11520.66919596102,7804.9749481356175,14267.400246817057,11196.80042047026,15238.589306780123,5251.438420527954,5701.307150491349,15212.81409426052,13582.183211773448,7515.345028275631,3044.115526893218,7178.351694404371,17010.861031909233,6444.747424157791,8241.474124486464,6939.519677408844,6741.236866500876,12302.420221571523,14218.50870643043,7173.058813546789,4956.479603548335,8733.469501068348,9658.082087617882,5098.362135704086,6801.902450203897,13269.082438644076,8631.313202590927,8754.046965141546,10176.032894417314,8310.731118835427,4595.838181638256,6117.1238244683145,11876.185963865892,2716.3024670422537,11976.861868861888,6842.245158796984,16446.337974540602,15243.928010714777,7549.29758251395,6336.83417537434,7897.459235330381],[8233.328283076664,6003.9641250491995,3023.649135832902,16093.594537876414,2688.9226214622227,10402.521516089953,9982.097159596842,10230.589726767677,6419.749787432397,9951.118849946757,10776.10708379665,12123.55994024731,7735.055022650801,0.0,8049.344798391843,4830.33154813469,11537.400298341616,18763.29685590085,10865.291415684078,4948.015492495869,5707.39563006183,10630.432656354753,12208.178865884069,15218.934630413964,2963.379902264844,3364.4744044185204,12796.954026546311,11642.232407442823,1759.9915640167897,477.8773797662672,10916.009453777602,15478.547765706877,14394.325916520038,13737.913046204047,8805.064909530422,15886.226689547182,7909.459550719974,13325.996181882912,12465.865390360976,9167.206354008686,14891.516861047623,10033.082813863974,9297.132162418617,7373.040383741984,13722.080703633512,13255.619973898984,8077.401172711695,11392.140884046883,1017.9590904434322,10804.163146591043,14851.652751325351,11778.144360862145,9631.001770794346,14003.849427306088,7119.246991678084,10273.206351216868,6588.997232815029,15341.754228311946,17025.019477319758,2452.9304148358337,12647.45713066169,13137.831818115346,12889.031848221362,12276.670563468642,15055.898094846985,10560.021882849063,7518.287406515683,11478.827833864525,12500.280492807973,7427.003014007657,10704.770245627391,9614.644254940717,13441.000888101005,8182.4347285147605,6043.507127137143,10312.461735045827,6188.298043726959,16717.61663050137,17722.0427455217,10490.134043528431,6407.372501356865,8108.302096672881,12400.6871189275,12828.180956990427,4172.128919484885,9504.40219479308,11409.140237048934,13794.511554896859,5664.827924928817,10765.857010277601,12287.652271817271,5764.993073108959,15028.398486286214,8842.76678871666,11058.580004289995,10269.077668720787,14172.906008953523,18786.86255956964,9299.549622604323,1417.9040344331547,13573.670234219055],[6103.686473572703,8105.184633375423,5028.044890133538,11482.52942209553,10089.644353704938,10508.62801095861,5915.218231242108,7168.053865383581,5289.858605181666,5105.255376248146,4033.261516648815,12701.983706929454,1587.0727355809995,8049.344798391843,0.0,8982.260877645056,13288.40981228207,13652.266376112906,6165.201687394618,4006.5948722177664,2695.608640022397,10051.285603527022,4163.939138151492,12369.751982272943,10668.040772893155,9419.492148458568,8976.677198374191,9984.773698082985,9657.370251789716,7743.18574769527,11069.842711121975,9177.032520744202,13522.787452029012,13728.392126788951,1037.9420195861164,12537.379724970358,1802.272884471566,5870.521142964757,4911.787971746039,6903.316402711167,9613.090682959422,7598.245469816795,8312.914835941394,3457.1526860215117,12312.222073174187,6464.068303379699,2365.2448214118763,10755.885286045592,8344.622468804631,9244.56580247167,8036.888923699993,8026.13757372077,11345.509219634007,9569.745178830044,7482.616486500581,4227.984857587191,2587.7535633913058,12647.789264443223,12013.914992607366,9211.12882394936,10006.83727082501,6333.71195800979,12946.480270514721,9691.989777328245,13777.695380874256,3710.1537078178067,4393.016704628869,14208.19214532152,12240.979449953533,6329.236578676481,3652.4865022143485,5665.0596868327575,15939.421596479759,5064.757735047958,7356.546113460168,5366.001497639689,5745.468111541117,10779.91752924192,12648.748678707612,5598.471958680891,3880.2696446017803,7528.609292853506,8079.597554431506,5095.651559790971,6247.693389438795,12329.186849772888,7060.833656123845,7258.263087210831,9540.246902469255,6762.99116984302,4439.462403184102,5197.632460798465,10290.349698362716,1179.8572050461519,10658.03131217261,5267.852080647297,15196.159528092841,13679.706704820384,6091.377641495336,6633.311320626648,6491.1307779659],[5534.67541428809,1891.3189086455873,5530.432130385647,12936.954029623987,3675.0163791354,5929.745925320843,7658.77497333359,7254.545143463943,4424.786365085467,8099.01291758779,9866.942964842967,7402.1295988697675,9525.9070211865,4830.33154813469,8982.260877645056,0.0,6708.597888038696,15669.053554851931,8630.487508591583,4987.420990174651,7841.357735788785,6369.132119511483,12787.749470327433,11315.776335592487,4371.693199960534,1977.9627893320626,9642.307804102229,7658.082643170741,5951.18295335248,5170.049063514867,6372.619472709477,13437.017478664342,9881.09885777197,9058.813119738821,9994.895949593598,12137.834309705891,9786.859172214696,12545.2676321292,13893.964468950322,6113.910126604749,12244.277904303113,6776.207653297429,5505.259188697949,6410.782637828401,9412.463072570437,11881.49830957114,7674.126937176569,7048.631711690806,3881.405714441297,6923.201136384683,13281.400286979313,8780.374606604817,4840.734926639538,10991.021436578116,3475.858043566808,9045.471201007033,6521.555501832834,11366.144379886611,14004.228008525013,2847.348431650564,8941.46044592403,11792.210376052224,8233.336455104949,8601.599268827757,10617.83048637511,9785.44843616409,5923.987764666742,6712.880506613586,7941.630171358331,4557.192737422732,12487.727419719587,7360.258527733197,8679.684595630604,6127.931956580725,2514.9772541319708,8394.518938558462,3912.103878620584,14295.304435850294,14680.393360581198,8481.824946790146,5470.430227980266,4532.517236692604,9586.96131760713,14057.117528998278,2742.4750942761048,4701.961924838064,8826.258544481909,12141.103273405948,850.6034620135288,8156.490494979769,13368.602746169241,4098.042331940525,12052.65203391829,9198.046297869996,6674.126988738043,8398.492239433259,9354.463369441317,15688.881882654565,6738.531023365632,4966.734750572221,12397.60505129363],[7354.148158318661,5930.632821930273,11679.361819685288,10618.743829148952,10025.310117909805,3138.3807405843013,8710.05692523693,7406.718531217253,8061.217494784078,9645.000218369383,12013.921725621385,1825.5516512383429,14409.620163142135,11537.400298341616,13288.40981228207,6708.597888038696,0.0,13008.721544620532,9364.46267695935,10044.326360340652,13285.287811198985,3963.0394951964718,15988.708727466425,7633.698688510996,10583.570752459751,8456.15736064933,8272.43530327218,5192.518528171545,12583.010127478992,11863.972539012864,2778.8277499934334,13049.323547203427,4590.417086973322,3188.249812137293,14298.34086025119,8663.324973245977,14690.801755106993,14184.039317656536,17810.365992570783,6893.50448242902,11075.079369968058,6684.7129467567565,5279.18021453214,9863.020544269031,5032.975531840736,12860.051560853153,11142.719814328337,3764.199134631288,10586.663357244975,5251.255564571336,13662.58116851763,8091.437659026011,2051.7365643810554,9456.288074550053,5875.396862179775,11058.278365731336,10770.24345762235,7476.058652251064,11751.885477073034,9427.77722386645,6579.9563936091745,12832.91844621572,2731.9232264011907,6477.279117310852,5455.812200201134,12122.47155052052,8950.794822397469,1654.7819650696267,3107.2963952608225,6961.887502108093,16913.562219128744,8675.290297888643,2708.3795672523943,8451.89709310049,6382.062101181289,9715.226643455926,7684.546348988701,13099.767679332876,12271.550657041622,9630.779343006023,9461.178284881751,5784.012841729251,8919.951308522031,17753.772578800446,8375.291069921986,2261.6999880104127,8892.142209015117,12648.113336092632,5886.8459512017935,8483.825196900465,17005.06224247433,8341.340487385865,10302.985630777137,12925.029768752689,3525.5980889486964,9786.522328109011,2679.467863892925,13018.479515927445,7931.945001717974,11527.588823681202,13535.761404041757],[10561.174709263129,13781.38048537822,16642.03285260986,2732.627427290604,19102.672180104473,10719.953776029197,8831.263573374328,8585.360412888496,12344.291148990114,9102.622918594203,9644.030145905741,11191.088042980053,15216.404184184397,18763.29685590085,13652.266376112906,15669.053554851931,13008.721544620532,0.0,8046.117923576976,14108.725100722628,15859.44812544442,9902.45366463779,12561.428321677078,5412.733183577086,19843.665501636722,17505.611146812356,6054.90745543901,8388.315174868836,20476.4061820939,18761.9795829258,10672.132900916482,4920.841869060622,8856.029665294041,10323.74318938348,14014.965920291796,4386.690480852326,15389.34557416836,8954.451229889155,14942.08069619574,9708.832642884894,4074.309893918473,8932.385760422141,10192.61105215394,11788.896381291157,8011.567400043191,7559.4983114225515,11795.389005749965,9594.958118141281,18326.073773044278,8913.703053589768,6455.691094775184,7016.153243046492,12805.901491599401,4768.638432484757,12220.121435412677,9479.197167766424,12982.955442102462,5629.929450751724,1742.4607185405152,18094.864274982392,6910.8624420778215,7674.67725811302,10384.543306033227,7194.177544995092,8148.643235917072,9971.534346663342,11358.093483569075,14660.932529500917,9902.491751456084,11449.44700283398,15519.462341827859,9201.983495369983,14907.901843863092,10614.777133596112,13283.269098050083,8746.590615220855,12610.451151779094,3256.335871117527,1047.962304673549,8527.48964800036,12564.51452175837,11147.649840991631,6363.656131707192,14451.657757577756,14668.249737571101,14364.580881521086,7380.934422711516,6683.780402461518,15381.342600395436,8005.108035225845,13922.76