{"problem":"50.10.2","tabu_size":4,"reset_after":250,"iterations":3214,"solution":{"truck_routes":[[[0,47,8,2,33,7,46,49,20,27,0]],[[0,19,4,35,26,40,48,0]],[[0,28,25,9,43,5,37,16,29,11,0]]],"drone_routes":[[[0,22,0],[0,44,23,13,21,0],[0,34,12,41,6,0]],[[0,14,31,0],[0,24,39,0],[0,36,32,15,1,0]],[[0,3,18,30,38,0],[0,10,42,45,50,0],[0,17,0]]],"truck_working_time":[1544.8554615787334,1557.2980841912774,1483.5119859408856],"drone_working_time":[1525.5298804992972,1553.651796778791,1491.158068403093],"working_time":1557.2980841912774,"energy_violation":0.0,"capacity_violation":0.0,"waiting_time_violation":0.0,"fixed_time_violation":0.0,"feasible":true},"config":{"customers_count":50,"trucks_count":3,"drones_count":3,"x":[0.0,3668.040269222521,-5074.144895856792,-4963.140562240464,-5470.393868755781,7856.145760892236,6990.644677400931,-2821.6777231981546,-4805.585587202593,4300.905325717604,4038.028473256929,2046.8069107355195,7420.200053040253,-7827.066233875801,-5684.982339299505,-90.68793719905398,5317.061443628196,895.9105055450229,-3997.284319954607,-3164.907689601434,2931.6809184874487,-6507.625547634843,-2215.1652516323884,-7243.682642358989,-6023.852800328272,1837.9261883077193,-7597.700604337474,2339.6913302129706,753.0115765460985,2975.139279838766,-5319.77028249415,-2031.4682671767105,-1077.7242200900196,-4850.921325796824,3793.811178813288,-7903.795647811133,-255.18305320787192,8023.331096203607,-1713.254187223581,-6570.179779285738,-7925.6576382979965,6843.0394120759565,4075.789731086918,5924.8868470306925,-6454.418951257211,4366.249953349266,2087.0710700956456,-1829.3770539072104,-6302.193181146811,2368.6659660952505,5438.893289018663],"y":[0.0,-7965.494258574183,-4638.485879477918,4821.098486730153,-746.9767752734361,3211.6604302803235,-3233.7978046015282,-5706.872417840785,-4409.5652408402975,4010.476903892413,5578.547463256309,-2290.367696194402,-6794.211790742038,167.21549806996302,1600.0705958848314,-5772.982277994745,1181.6265722405954,1949.8116214729444,5577.568356044782,-183.32872471751364,-6290.598001762053,-527.8713286687903,3738.2891120615186,1874.228472236933,-3906.9954562813778,3450.512390813197,4152.685423571137,-4518.70654762106,828.6149384878418,-1484.6496148940523,7663.843578514567,619.1085305597761,-4604.614676872355,-5848.270997629872,-2009.3078802325274,4007.2786003502315,-2850.1516834054737,4288.498251130523,7331.884685104285,-5451.753080882462,6810.353095017551,-4230.76543783774,8022.663995091198,3863.8228743264935,1232.0274025504025,6872.607749846917,-7653.801044738507,-963.5374295989867,5705.769451148111,-6686.347946906609,7145.103146030271],"demands":[0.0,0.16778178865243762,0.5167009867297414,0.6373051700520717,12.131351663782663,0.1515289851034139,0.6719710863078125,25.995786378686407,14.273544708548433,0.2556848364642699,0.045025919718873916,0.4496351412010162,0.3838960651354146,1.0340090206490182,0.89613012936646,0.10174141127032602,0.20076893660954273,0.3689690396333547,0.4511373750353978,0.398201691567063,8.341014874719567,0.676257808350739,0.4991044810470852,0.06451338936391836,0.5837384945154117,0.379767965176322,0.2681296803826806,0.8601668486201917,0.7939370204608677,0.8414736221475252,0.36192587669442816,0.9029817057157891,0.3038598486810846,0.9637091071343679,0.18043820605632002,24.632638865356512,1.1228057997187701,12.726816865181313,0.7312964476267064,1.5692624891753515,15.541539280641226,0.8989596188301656,0.925311886128811,0.15979417081784147,0.29998848372327147,0.9203521976954059,11.529847096360351,27.073804880168993,0.892119921808327,0.3186669310658511,0.34380077765385375],"dronable":[true,true,true,true,false,true,true,false,false,true,true,true,true,true,true,true,true,true,true,true,false,true,true,true,true,true,true,true,true,true,true,true,true,true,true,false,true,false,true,true,false,true,true,true,true,true,false,false,true,true,true],"distances":[[0.0,8769.470805015335,6874.772554657032,6919.230799684916,5521.1577936261465,8487.272172837009,7702.373741043707,6366.337877234026,6522.109969109401,5880.621703309993,6886.6440121903415,3071.677508073648,10060.849004164445,7828.852205289962,5905.86573754962,5773.694543703781,5446.777373047536,2145.7914607847824,6862.036920689589,3170.212943164045,6940.200013515183,6528.99980149029,4345.31501474833,7482.223639357253,7179.931479855924,3909.476746678863,8658.51319224555,5088.50315752945,1119.6558179626677,3325.001986983555,9329.225812169349,2123.713420675641,4729.055488893839,7598.270288084592,4293.055021549712,8861.617652730403,2861.552552210696,9097.530386278318,7529.3939295076,8537.498110514965,10449.7348424889,8045.282132108682,8998.622089529386,7073.429956837485,6570.952405776755,8142.289354866871,7933.255074940578,2067.6133061093524,8501.378942392133,7093.505996757891,8979.646940539697],[8769.470805015335,0.0,9353.864774258262,15427.061825885174,11645.513005054168,11936.038477984906,5781.751584579191,6871.521828575281,9189.503051516886,11992.681245825057,13549.094339984857,5902.157156641933,3930.7258442621114,14081.137791506346,13378.30568122831,4351.453379588654,9294.573165410227,10295.53272645781,15561.86833387731,10356.219300707335,1829.6181471821546,12604.063220398964,13099.261520688351,14693.0541521623,10507.340472251712,11561.769992869582,16545.91176813656,3693.8944798336165,9264.650497939883,6517.780226166453,18029.33553238731,10304.358427563273,5815.306711663639,8778.117166801672,5957.514120439999,16650.96623088724,6446.581334241849,13004.956386527585,16216.292195612254,10542.29787428241,18781.360339109877,4901.919921985616,15993.356869897549,12042.678286265971,13676.93625696673,14854.52011932121,1611.4019573461758,8902.190553986095,16920.66802687274,1823.345514783262,15214.009147550818],[6874.772554657032,9353.864774258262,0.0,9460.235638898735,3911.630907515416,15126.70531056324,12146.287335424278,2493.0018369948675,352.88632880727647,12755.239075970594,13690.123222065176,7498.107336820205,12678.951451382902,5538.351886932247,6268.389687838666,5110.961292853027,11910.116630008366,8890.85065991114,10272.652668277737,4847.020939026629,8174.516587188432,4353.3916392102565,8851.221602974929,6864.571527818064,1198.7590846554049,10639.953932668872,9146.202834693679,7414.8037516393115,7990.303117383519,8645.094500634867,12304.781262726712,6074.551839203909,3996.564208925223,1230.20680957807,9249.498467159932,9097.041652025888,5140.090703260824,15850.391888869292,12433.236015164883,1702.7988469918105,11798.603255649841,11924.156900501175,15621.332203869333,13902.084499313965,6030.595547910873,14887.119649280685,7770.144120726628,4902.424344894851,10416.89593574731,7719.402345648568,15791.673191866861],[6919.230799684916,15427.061825885174,9460.235638898735,0.0,5591.132983600646,12919.922317568557,14414.379480906466,10743.557811939738,9232.008255068016,9299.443723403843,9032.982506217842,9985.605381986708,16978.296664742673,5464.494224060688,3300.9205117226343,11660.846531568239,10905.425672472593,6524.781044411898,1226.8353369313454,5317.699989555399,13630.774191693328,5567.487041400068,2953.6154877678014,3726.2467794700074,8792.311091519898,6937.796133624344,2718.029182774869,11855.939934443293,6972.397016574695,10137.985301444203,2865.0278208479226,5123.614157740715,10195.122794471841,10669.959622736202,11105.79375519772,3051.189135363468,9000.719031258683,12997.388551033315,4106.800309786976,10397.790841102857,3568.4228060202063,14876.899075238889,9589.175280072763,10930.028246218888,3886.559208457218,9552.288607921637,14329.291761317598,6578.942651417948,1604.900193620821,13644.65867627203,10658.485159683314],[5521.1577936261465,11645.513005054168,3911.630907515416,5591.132983600646,0.0,13902.067005513014,12706.760424306105,5622.833983401628,3722.4352673115914,10867.918543001917,11420.260606759977,7674.005674611264,14238.55550921351,2527.776127183964,2356.836772912208,7362.198531920442,10958.499121171822,6913.935134427244,6493.837298612445,2373.386956896663,10066.11131635268,1060.1211027057707,5542.032427713653,3164.6911419857493,3208.12014320794,8427.956890960662,5341.546930434823,8673.141085602392,6419.755804163137,8477.68785591468,8412.168952679973,3700.3240879697814,5846.102703696019,5138.769208139941,9349.811494460808,5340.822820030289,5623.323620849515,14402.660246340125,8909.775591030357,4831.60937316132,7946.166053287524,12796.773914034202,12962.878560070958,12292.75786796136,2210.149972023653,12442.573287644762,10238.139371547952,3647.4514339483594,6506.137406994392,9834.988002473714,13464.674959872873],[8487.272172837009,11936.038477984906,15126.70531056324,12919.922317568557,13902.067005513014,0.0,6503.308695051381,13912.445598111333,14778.44787051317,3643.8773731308193,4492.234839031621,8001.295606366455,10015.364574673331,15975.975194588196,13636.69212163013,11994.83098757459,3250.843988099684,7073.693322873623,12087.238104493512,11532.11041055328,10702.4889298425,14842.574708582562,10085.070316040159,15158.942642876786,15599.026305855212,6022.957502995497,15482.470588317663,9496.833319522306,7492.224039414406,6773.444641280515,13907.79272090966,10221.850934190463,11870.475533347031,15606.149795002331,6615.215216161448,15780.011453681158,10126.165178984516,1089.7387892318889,10418.716968851715,16827.76284170267,16186.905430808136,7511.064323812223,6118.565764352653,2038.4005606832875,14446.840807079454,5057.856069931984,12302.051692831898,10547.11474125229,14376.339638643538,11317.376212407533,4616.825869671199],[7702.373741043707,5781.751584579191,12146.287335424278,14414.379480906466,12706.760424306105,6503.308695051381,0.0,10119.178273750646,11854.68167095463,7727.497255393807,9293.835137816366,5033.049993051562,3586.232782941675,15203.007864732492,13566.05336786372,7522.813927548565,4721.954390713327,8000.974397389123,14084.557404047511,10603.801463921123,5081.261087715695,13766.820154314544,11548.02720913804,15123.09514256046,13031.897009877228,8439.81697765824,16351.756863997682,4825.17953195598,7443.874259825643,4379.931847347379,16440.95204663687,9810.372531776842,8183.9914200408175,12126.75370761494,3423.3200248550106,16561.32664081149,7255.977111869103,7592.8505312340685,13689.101574569746,13741.00744314818,17982.798504894723,1007.8351929121498,11627.738886214847,7177.190192195143,14167.333226810882,10441.593791113337,6601.625766815501,9107.516978356645,16019.219739229227,5769.12382367494,10494.261160957067],[6366.337877234026,6871.521828575281,2493.0018369948675,10743.557811939738,5622.833983401628,13912.445598111333,10119.178273750646,0.0,2370.421128060503,12048.156171352142,13206.67524376767,5947.658963313241,10299.435290115058,7717.436296249712,7847.925173599764,2731.7898390690652,10662.574434065418,8511.478879511566,11345.512524768035,5534.197479280899,5782.894709155842,6356.749455980962,9464.614820694565,8776.515151848129,3673.3475606516727,10274.707058884334,10955.42219128563,5296.363718690876,7449.228052250609,7171.488880589672,13602.077513747776,6375.144386122762,2063.091357290792,2034.163994631209,7578.698893768952,10963.240971715166,3840.279709297378,14748.61522662497,13085.785781706152,3757.1736106524136,13517.82325352326,9776.791351014643,15364.739743872884,12965.361551329583,7832.313805476953,14488.258196640638,5280.752388996968,4846.0176876435435,11931.57082210125,5281.954176725377,15277.771740087477],[6522.109969109401,9189.503051516886,352.88632880727647,9232.008255068016,3722.4352673115914,14778.44787051317,11854.68167095463,2370.421128060503,0.0,12402.63223941487,13340.61111943877,7172.6063030834,12456.178133325102,5484.183369498206,6073.636599077157,4908.071501843867,11564.143236809643,8541.002972282666,10019.789839146599,4533.530528615265,7962.636323965444,4238.453450811694,8549.725613786488,6740.2062786587785,1317.8586384467062,10291.60187176728,9006.000372480792,7146.110414162202,7637.835689509247,8312.328847892166,12084.352958274094,5743.107765350971,3732.9605750539145,1439.4198775247432,8928.093869159093,8968.955670904106,4810.190626627713,15499.5939230721,12141.835110507813,2049.377504674363,11645.660868638835,11649.997156367504,15278.715630545388,13549.612155557204,5877.60316935226,14539.94479269857,7617.990663337203,4553.342169166384,10225.450123158187,7526.860224598246,15442.140686313205],[5880.621703309993,11992.681245825057,12755.239075970594,9299.443723403843,10867.918543001917,3643.8773731308193,7727.497255393807,12048.156171352142,12402.63223941487,0.0,1589.952678133357,6691.905732963363,11245.945819888357,12722.35640059619,10272.68275710019,10723.906235628281,3005.822259358281,3979.99134817791,8444.863942950798,8563.081783462507,10391.67549961309,11722.667969374736,6521.752982368163,11740.573610961661,13011.033738157252,2525.831840646638,11899.45571620026,8751.761576147657,4765.689417313982,5652.793209190962,10290.990584860154,7183.337299864604,10156.252199310467,13451.796952271463,6041.105306233849,12204.701392594528,8235.664267648892,3732.793791022805,6870.361292988581,14412.296404286108,12543.051805627982,8624.414243770467,4018.497515953953,1630.589888952552,11108.410414383845,2862.87668259123,11872.5078300367,7894.3765202653185,10737.770474686591,10869.94070046131,3334.8010858996377],[6886.6440121903415,13549.094339984857,13690.123222065176,9032.982506217842,11420.260606759977,4492.234839031621,9293.835137816366,13206.67524376767,13340.61111943877,1589.952678133357,0.0,8116.944566626251,12826.700906799682,13040.819991345506,10505.485112325812,12079.053218877538,4579.1744519233125,4800.06553418401,8035.312852863907,9223.963712621191,11920.596418875624,12186.023518388876,6518.357351368311,11874.299342842869,13828.122766381419,3060.8795033105594,11722.767323605423,10239.086268394354,5775.2225066683795,7142.722618321176,9587.327961504583,7838.03707628898,11395.951772082768,14477.071826448433,7591.7844279601,12044.751935098586,9459.10326172134,4188.89770299682,6012.607059692273,15303.647030147502,12026.933544767382,10202.485283423082,2444.4082174999958,2549.6107425567334,11357.098643329302,1335.0360913941504,13375.398380085075,8787.793941912942,10341.004269238223,12377.98168533758,2101.5515552254606],[3071.677508073648,5902.157156641933,7498.107336820205,9985.605381986708,7674.005674611264,8001.295606366455,5033.049993051562,5947.658963313241,7172.6063030834,6691.905732963363,8116.944566626251,0.0,7011.274170203241,10175.120934544575,8655.407275884454,4086.256055402699,4769.623560612574,4393.595700727859,9921.464434599884,5621.528466768425,4096.931108424552,8734.11175394278,7383.02848596221,10181.210997826887,8230.980104852162,5744.678870885851,11598.683490483732,2247.504242476557,3376.67869987947,1229.2203277114984,12383.5690188796,5009.728569575677,3888.243031894347,7761.271205635131,1769.4684322785931,11776.028199462564,2369.074905196968,8888.212333892372,10330.817990352634,9178.606493718029,13500.858050558409,5173.875684889318,10510.727565242201,7274.171126017278,9202.070874986535,9451.980483088475,5363.5844811845745,4096.984340232104,11560.450329176716,4407.747226891398,10026.6824030786],[10060.849004164445,3930.7258442621114,12678.951451382902,16978.296664742673,14238.55550921351,10015.364574673331,3586.232782941675,10299.435290115058,12456.178133325102,11245.945819888357,12826.700906799682,7011.274170203241,0.0,16761.282740934337,15563.090384718778,7579.996577811044,8248.465893899614,10909.825825049602,16835.079251610616,12479.915097306664,4516.683614079851,15272.568505311638,14274.937471738609,17034.415525554854,13750.58454343461,11666.882833774345,18584.184103037827,5566.820725889704,10127.136294380458,6924.594990080661,19270.24154521127,12012.133541616135,8775.480184749043,12307.52712279059,6003.832251148122,18748.254289628418,8629.433119154632,11099.109375416128,16821.610743442834,14054.640630070613,20508.035839973756,2627.6170972378495,15189.63095188291,10762.419082430728,16028.89790666707,14003.87687629489,5401.958759034539,10933.958119686464,18562.155239122112,5052.685547347493,14079.420350272994],[7828.852205289962,14081.137791506346,5538.351886932247,5464.494224060688,2527.776127183964,15975.975194588196,15203.007864732492,7717.436296249712,5484.183369498206,12722.35640059619,13040.819991345506,10175.120934544575,16761.282740934337,0.0,2577.1296325053595,9753.84533238328,13183.213653352002,8903.256265864085,6628.661068118823,4675.318550011343,12548.067400484308,1491.3314256776591,6651.76663684553,1803.9483664521604,4455.420697025448,10207.453992390181,3992.064518402458,11194.678413659296,8605.532200432424,10927.776640833807,7904.806484938475,5813.188720867359,8265.832132189955,6711.446661773563,11822.945735181429,3840.8296021116607,8150.94593341944,16377.425531873525,9418.661385856743,5757.826972998288,6643.869158630723,15315.163596122413,14261.348155486625,14240.123582105873,1737.2348587348401,13915.43189742364,12627.684595557572,6103.3497100317145,5744.633819321873,12285.12462239784,14989.216059908915],[5905.86573754962,13378.30568122831,6268.389687838666,3300.9205117226343,2356.836772912208,13636.69212163013,13566.05336786372,7847.925173599764,6073.636599077157,10272.68275710019,10505.485112325812,8655.407275884454,15563.090384718778,2577.1296325053595,0.0,9255.1628045322,11009.99831073473,6590.179771470982,4320.742185849338,3087.2786360767245,11683.729567907087,2281.4203213115356,4075.7341724881353,1582.6273016486296,5517.482187762764,7747.147058831605,3189.723125905107,10091.32405752867,6484.050392447211,9193.106397570615,6074.761117221509,3782.9157602048294,7728.191684410503,7494.894947090737,10142.73826650754,3273.8025100470877,7020.484215660128,13969.448826044818,6973.400696028235,7107.16481277689,5671.654918655637,13818.465104891146,11684.279069825612,11828.50949620658,852.9293593145669,11350.19465210602,12084.657816406043,4630.094839748969,4151.83240430103,11555.344360654322,12429.319972406509],[5773.694543703781,4351.453379588654,5110.961292853027,11660.846531568239,7362.198531920442,11994.83098757459,7522.813927548565,2731.7898390690652,4908.071501843867,10723.906235628281,12079.053218877538,4086.256055402699,7579.996577811044,9753.84533238328,9255.1628045322,0.0,8809.672957925806,7785.5585606223785,12004.019951401859,6379.267507459279,3066.372374209449,8287.839113240821,9745.649660994626,10471.158747268853,6219.674598552491,9422.972267317396,12444.843048688275,2734.949906537714,6655.292230861425,5271.536166445806,14418.44621559598,6680.228528578597,1529.484709010098,4760.82874142993,5408.7501656733475,12517.913362302488,2927.4557772676653,12925.582977660526,13204.93314470933,6487.449632077715,14823.193965095408,7103.168851727242,14411.085741623903,11360.244430841525,9463.996673911974,13408.029031608405,2877.51864063271,5114.078567476246,13051.61057704721,2623.482126258105,14051.804138961907],[5446.777373047536,9294.573165410227,11910.116630008366,10905.425672472593,10958.499121171822,3250.843988099684,4721.954390713327,10662.574434065418,11564.143236809643,3005.822259358281,4579.1744519233125,4769.623560612574,8248.465893899614,13183.213653352002,11009.99831073473,8809.672957925806,0.0,4487.391657430609,10299.579659877796,8591.094420372425,7843.735100961137,11947.619240441123,7954.304641596257,12579.82469613709,12430.221640740512,4153.579779242688,13252.104340580932,6431.059824760605,4577.681553229418,3548.750220476138,12456.376940598353,7370.028185685511,8624.028726635377,12361.52633950172,3535.8668030963263,13519.444205152136,6877.873554756608,4120.260557481645,9340.825055863346,13612.796535400481,14389.307521594807,5623.397196619474,6952.736762253952,2750.20521487846,11771.588292616565,5769.8621520722545,9407.317310901657,7461.455072158816,12468.95933204231,8402.265106855793,5964.720936027897],[2145.7914607847824,10295.53272645781,8890.85065991114,6524.781044411898,6913.935134427244,7073.693322873623,8000.974397389123,8511.478879511566,8541.002972282666,3979.99134817791,4800.06553418401,4393.595700727859,10909.825825049602,8903.256265864085,6590.179771470982,7785.5585606223785,4487.391657430609,0.0,6091.303187785655,4586.995983274683,8488.151267084944,7807.12872265836,3588.515584644855,8139.944067735009,9065.611581980755,1771.8623946766563,8774.62720996681,6627.686653243204,1130.2663871166992,4014.8121101688657,8443.035524317791,3215.6363592837515,6845.12513623184,9686.907072542675,4906.3688753408305,9037.034843054696,4936.057547191052,7501.305181625601,5981.174705378228,10513.118670708409,10071.98728814295,8577.171737640172,6855.0104187224815,5380.896033122421,7385.293312284141,6023.053843734094,9677.202061192975,3989.335154519714,8119.10807309921,8760.83676009856,6901.4307644194405],[6862.036920689589,15561.86833387731,10272.652668277737,1226.8353369313454,6493.837298612445,12087.238104493512,14084.557404047511,11345.512524768035,10019.789839146599,8444.863942950798,8035.312852863907,9921.464434599884,16835.079251610616,6628.661068118823,4320.742185849338,12004.019951401859,10299.579659877796,6091.303187785655,0.0,5820.720404717414,13742.777447521892,6601.379160680477,2561.0342658826917,4924.817596897567,9698.656119057472,6210.800975314081,3872.1168360606093,11920.236043015653,6716.983673229912,9924.193343743713,2470.124171981135,5333.925064556875,10592.48235743383,11457.683058704484,10874.826899565376,4210.301731647105,9221.159740181218,12089.536662691591,2880.0033731973504,11325.445792714281,4117.265493129683,14619.029736184373,8435.224793547819,10069.081598788654,4992.117464047038,8463.204627812562,14563.259138407786,6891.000421793884,2308.4714378107515,13817.704806886533,9565.490744645742],[3170.212943164045,10356.219300707335,4847.020939026629,5317.699989555399,2373.386956896663,11532.11041055328,10603.801463921123,5534.197479280899,4533.530528615265,8563.081783462507,9223.963712621191,5621.528466768425,12479.915097306664,4675.318550011343,3087.2786360767245,6379.267507459279,8591.094420372425,4586.995983274683,5820.720404717414,0.0,8629.43397208712,3360.4273960841633,4034.984158112996,4568.363682324497,4694.599138787507,6183.295889966533,6200.860562784282,7006.861725213763,4046.4949466855255,6276.433130858772,8137.662191984931,1388.7370064066993,4889.182376034202,5910.51714631353,7194.301089473973,6325.997852779934,3946.953528054372,12048.814200165692,7654.131595820082,6273.131052466141,8460.279278469896,10795.404074729502,10943.766063632598,9950.065365806986,3581.0776740466013,10320.10537620927,9131.880287022444,1546.728063381098,6672.633481650626,8538.717491941117,11301.827505492021],[6940.200013515183,1829.6181471821546,8174.516587188432,13630.774191693328,10066.11131635268,10702.4889298425,5081.261087715695,5782.894709155842,7962.636323965444,10391.67549961309,11920.596418875624,4096.931108424552,4516.683614079851,12548.067400484308,11683.729567907087,3066.372374209449,7843.735100961137,8488.151267084944,13742.777447521892,8629.43397208712,0.0,11059.363691920013,11272.47099090052,13046.16476003259,9267.31596977611,9802.322739541281,14830.038568899468,1868.1678184476011,7445.118735798424,4806.144871558751,16211.504764812356,8507.461090241304,4349.467707324372,7795.1620170028,4367.231810938802,14948.371648147411,4689.645279078474,11740.620897559156,14392.618131884132,9538.816358499216,17015.190865131975,4420.592206568026,14358.915487098295,10586.384890953537,12028.664254123474,13241.147003752198,1603.6484441362725,7144.595674773838,15138.601750265403,688.1888227071898,13667.632538363501],[6528.99980149029,12604.063220398964,4353.3916392102565,5567.487041400068,1060.1211027057707,14842.574708582562,13766.820154314544,6356.749455980962,4238.453450811694,11722.667969374736,12186.023518388876,8734.11175394278,15272.568505311638,1491.3314256776591,2281.4203213115356,8287.839113240821,11947.619240441123,7807.12872265836,6601.379160680477,3360.4273960841633,11059.363691920013,0.0,6051.887333618308,2512.3422338935165,3413.5781726584314,9245.31074635857,4805.81680260328,9705.760232041619,7386.2647151330175,9530.910421474055,8277.390485623626,4620.773398130916,6789.967949408528,5572.371265102237,10407.413361893698,4745.195025213137,6669.784343748462,15308.367545702873,9206.615085772499,4924.279088524554,7473.978371826965,13854.662740397831,13605.893329169847,13185.383665867847,1760.7028386542167,13153.260394383255,11164.572731152472,4698.490600242229,6237.024918099746,10803.489496181259,14198.37489306084],[4345.31501474833,13099.261520688351,8851.221602974929,2953.6154877678014,5542.032427713653,10085.070316040159,11548.02720913804,9464.614820694565,8549.725613786488,6521.752982368163,6518.357351368311,7383.02848596221,14274.937471738609,6651.76663684553,4075.7341724881353,9745.649660994626,7954.304641596257,3588.515584644855,2561.0342658826917,4034.984158112996,11272.47099090052,6051.887333618308,0.0,5362.901194109687,8541.456373156341,4063.2949267568815,5398.463774641156,9429.989173121936,4156.474164444831,7363.311080956873,5004.852671831773,3124.585105596527,8420.084069155328,9942.300780967196,8315.207088670686,5694.986490689733,6873.796791694874,10253.269603466304,3628.47679600801,10169.71125667599,6484.388977655609,12064.696521210042,7611.306243539045,8141.020015601093,4924.694882563216,7289.64878602067,12177.39526781717,4717.627090112913,4535.942700401234,11387.91317335297,8378.006565153775],[7482.223639357253,14693.0541521623,6864.571527818064,3726.2467794700074,3164.6911419857493,15158.942642876786,15123.09514256046,8776.515151848129,6740.2062786587785,11740.573610961661,11874.299342842869,10181.210997826887,17034.415525554854,1803.9483664521604,1582.6273016486296,10471.158747268853,12579.82469613709,8139.944067735009,4924.817596897567,4568.363682324497,13046.16476003259,2512.3422338935165,5362.901194109687,0.0,5908.513768722332,9217.390625616648,2305.7959138845213,11520.011929954604,8064.764478435146,10756.69017318051,6100.908280516834,5361.203667167706,8943.961751702094,8084.695713515098,11700.774523653037,2232.8573687119424,8435.573149620192,15456.726919329913,7769.919577139845,7356.875139841204,4983.012762045378,15352.742063910042,12881.526081637274,13318.021935772254,1017.5261117033444,12640.18711411069,13335.90309348569,6112.906045307976,3945.5175425600664,12871.702078530587,13734.258337529396],[7179.931479855924,10507.340472251712,1198.7590846554049,8792.311091519898,3208.12014320794,15599.026305855212,13031.897009877228,3673.3475606516727,1317.8586384467062,13011.033738157252,13828.122766381419,8230.980104852162,13750.58454343461,4455.420697025448,5517.482187762764,6219.674598552491,12430.221640740512,9065.611581980755,9698.656119057472,4694.599138787507,9267.31596977611,3413.5781726584314,8541.456373156341,5908.513768722332,0.0,10767.566604679843,8211.909205248483,8385.884621360996,8267.520583197549,9319.314236261998,11592.240860208054,6035.292168590283,4995.0836338531535,2268.1091180506296,9999.387188404291,8134.48947096707,5864.679821747195,16263.132924846079,12037.179372084356,1638.5204566010084,10884.77935521682,12870.965084506508,15630.72467571781,14253.350367112967,5157.028519789407,14971.77613089205,8934.519469423416,5124.214275589528,9616.793776155444,8840.767586127104,15923.047177725048],[3909.476746678863,11561.769992869582,10639.953932668872,6937.796133624344,8427.956890960662,6022.957502995497,8439.81697765824,10274.707058884334,10291.60187176728,2525.831840646638,3060.8795033105594,5744.678870885851,11666.882833774345,10207.453992390181,7747.147058831605,9422.972267317396,4153.579779242688,1771.8623946766563,6210.800975314081,6183.295889966533,9802.322739541281,9245.31074635857,4063.2949267568815,9217.390625616648,10767.566604679843,0.0,9461.717599781568,7984.999608411413,2837.496425605512,5064.491844018114,8305.707583667185,4794.690946452296,8566.568121514609,11454.608398898992,5799.579595816129,9757.619225220724,6639.237461717104,6241.911099712514,5260.792045543057,12245.267514057234,10325.507188355694,9168.052544770026,5090.442370619881,4107.806346668659,8583.977140976873,4254.780570980599,11107.108086585598,5738.723628773298,8446.758417118328,10150.744909520821,5159.163198517571],[8658.51319224555,16545.91176813656,9146.202834693679,2718.029182774869,5341.546930434823,15482.470588317663,16351.756863997682,10955.42219128563,9006.000372480792,11899.45571620026,11722.767323605423,11598.683490483732,18584.184103037827,3992.064518402458,3189.723125905107,12444.843048688275,13252.104340580932,8774.62720996681,3872.1168360606093,6200.860562784282,14830.038568899468,4805.81680260328,5398.463774641156,2305.7959138845213,8211.909205248483,9461.717599781568,0.0,13188.813334751718,8987.983006089808,11981.8399902659,4185.355198809174,6593.110653559365,10917.893436939752,10371.302991610166,12951.32048023613,338.8765555159234,10146.540865511497,15621.62208329977,6688.349391323502,9659.246245527955,2677.826220645318,16697.820832890182,12298.256411185741,13525.672365995559,3136.4528075554867,12269.233489006,15270.491973485361,7710.336754367389,2022.476076559826,14724.574935208457,13375.625000947733],[5088.50315752945,3693.8944798336165,7414.8037516393115,11855.939934443293,8673.141085602392,9496.833319522306,4825.17953195598,5296.363718690876,7146.110414162202,8751.761576147657,10239.086268394354,2247.504242476557,5566.820725889704,11194.678413659296,10091.32405752867,2734.949906537714,6431.059824760605,6627.686653243204,11920.236043015653,7006.861725213763,1868.1678184476011,9705.760232041619,9429.989173121936,11520.011929954604,8385.884621360996,7984.999608411413,13188.813334751718,0.0,5577.759381373337,3099.8863798069187,14390.339807396527,6745.678616969109,3418.495173336383,7312.499709093701,2900.2665749866433,13327.46968529197,3085.0362073452548,10481.91859139838,12524.491204534253,8958.592468748138,15288.066647937276,4512.544075033759,12660.964131815865,9117.040441043699,10507.488596630224,11570.176371892798,3145.25587221101,5479.083741759046,13387.385008174186,2167.835041100019,12068.533852592858],[1119.6558179626677,9264.650497939883,7990.303117383519,6972.397016574695,6419.755804163137,7492.224039414406,7443.874259825643,7449.228052250609,7637.835689509247,4765.689417313982,5775.2225066683795,3376.67869987947,10127.136294380458,8605.532200432424,6484.050392447211,6655.292230861425,4577.681553229418,1130.2663871166992,6716.983673229912,4046.4949466855255,7445.118735798424,7386.2647151330175,4156.474164444831,8064.764478435146,8267.520583197549,2837.496425605512,8987.983006089808,5577.759381373337,0.0,3207.6540374039528,9143.250519860534,2792.3504319947956,5733.374016258837,8716.930066134986,4159.359102814045,9221.941986096419,3814.417422073927,8051.604713038033,6955.212736847029,9647.39105110078,10540.421752186487,7917.43448535426,7924.342022723989,5996.730861663546,7218.711549111249,7041.685925356467,8586.681294005473,3143.332809158735,8576.861332290217,7686.677193386329,7864.827442436826],[3325.001986983555,6517.780226166453,8645.094500634867,10137.985301444203,8477.68785591468,6773.444641280515,4379.931847347379,7171.488880589672,8312.328847892166,5652.793209190962,7142.722618321176,1229.2203277114984,6924.594990080661,10927.776640833807,9193.106397570615,5271.536166445806,3548.750220476138,4014.8121101688657,9924.193343743713,6276.433130858772,4806.144871558751,9530.910421474055,7363.311080956873,10756.69017318051,9319.314236261998,5064.491844018114,11981.8399902659,3099.8863798069187,3207.6540374039528,0.0,12349.107350619553,5430.646136915538,5114.673453605838,8960.380358832463,972.3630873076823,12186.570505332382,3507.0754589100084,7668.994516740579,9985.60515767773,10336.876987288897,13697.972237083151,4743.606596881972,9570.812060344906,6107.959452886349,9813.098514268608,8472.245249428986,6232.743738475715,4832.694394527227,11737.590209960448,5236.9337801375,8974.55940603387],[9329.225812169349,18029.33553238731,12304.781262726712,2865.0278208479226,8412.168952679973,13907.79272090966,16440.95204663687,13602.077513747776,12084.352958274094,10290.990584860154,9587.327961504583,12383.5690188796,19270.24154521127,7904.806484938475,6074.761117221509,14418.44621559598,12456.376940598353,8443.035524317791,2470.124171981135,8137.662191984931,16211.504764812356,8277.390485623626,5004.852671831773,6100.908280516834,11592.240860208054,8305.707583667185,4185.355198809174,14390.339807396527,9143.250519860534,12349.107350619553,0.0,7774.3952845107715,12981.141042286303,13520.246287070779,13290.117614067516,4477.460723238062,11670.22451243877,13763.404756138623,3621.761319076652,13175.067348657201,2742.096810208993,17012.220998982415,9402.409268913776,11869.39220486171,6531.132131791554,9718.283909504575,17014.450788277238,9306.69371739094,2190.709711499678,16280.050637663666,10771.16212306225],[2123.713420675641,10304.358427563273,6074.551839203909,5123.614157740715,3700.3240879697814,10221.850934190463,9810.372531776842,6375.144386122762,5743.107765350971,7183.337299864604,7838.03707628898,5009.728569575677,12012.133541616135,5813.188720867359,3782.9157602048294,6680.228528578597,7370.028185685511,3215.6363592837515,5333.925064556875,1388.7370064066993,8507.461090241304,4620.773398130916,3124.585105596527,5361.203667167706,6035.292168590283,4794.690946452296,6593.110653559365,6745.678616969109,2792.3504319947956,5430.646136915538,7774.3952845107715,0.0,5310.07644532716,7055.233058617474,6390.810077947539,6779.669998397606,3897.5576446752566,10703.429878280302,6720.314271051748,7579.924992731397,8548.273369492057,10113.266735256933,9597.4597562974,8592.540827719107,4465.216937333552,8946.342879348798,9241.395950489397,1595.4965038155335,6641.777669558466,8528.239889623615,9919.420724086243],[4729.055488893839,5815.306711663639,3996.564208925223,10195.122794471841,5846.102703696019,11870.475533347031,8183.9914200408175,2063.091357290792,3732.9605750539145,10156.252199310467,11395.951772082768,3888.243031894347,8775.480184749043,8265.832132189955,7728.191684410503,1529.484709010098,8624.028726635377,6845.12513623184,10592.48235743383,4889.182376034202,4349.467707324372,6789.967949408528,8420.084069155328,8943.961751702094,4995.0836338531535,8566.568121514609,10917.893436939752,3418.495173336383,5733.374016258837,5114.673453605838,12981.141042286303,5310.07644532716,0.0,3972.870176921759,5519.73500373459,10989.083535701333,1937.708535012584,12724.647948782254,11953.406014922839,5557.4015101744035,13311.486819040718,7929.5813111519265,13638.433660226563,10988.675821768344,7935.693857215602,12702.89295528628,4394.708947673571,3717.8522702223145,11558.507550388249,4026.315775371034,13435.853998829307],[7598.270288084592,8778.117166801672,1230.20680957807,10669.959622736202,5138.769208139941,15606.149795002331,12126.75370761494,2034.163994631209,1439.4198775247432,13451.796952271463,14477.071826448433,7761.271205635131,12307.52712279059,6711.446661773563,7494.894947090737,4760.82874142993,12361.52633950172,9686.907072542675,11457.683058704484,5910.51714631353,7795.1620170028,5572.371265102237,9942.300780967196,8084.695713515098,2268.1091180506296,11454.608398898992,10371.302991610166,7312.499709093701,8716.930066134986,8960.380358832463,13520.246287070779,7055.233058617474,3972.870176921759,0.0,9458.807424458952,10317.552980443576,5487.21511264724,16385.98383460689,13548.485483388611,1764.3911380968782,13026.69441225851,11805.29719976878,16495.120729033308,14506.64706799158,7259.602611056093,15709.137547845274,7169.077851193544,5743.722818663578,11644.828924897469,7268.068081557749,16574.31918494411],[4293.055021549712,5957.514120439999,9249.498467159932,11105.79375519772,9349.811494460808,6615.215216161448,3423.3200248550106,7578.698893768952,8928.093869159093,6041.105306233849,7591.7844279601,1769.4684322785931,6003.832251148122,11822.945735181429,10142.73826650754,5408.7501656733475,3535.8668030963263,4906.3688753408305,10874.826899565376,7194.301089473973,4367.231810938802,10407.413361893698,8315.207088670686,11700.774523653037,9999.387188404291,5799.579595816129,12951.32048023613,2900.2665749866433,4159.359102814045,972.3630873076823,13290.117614067516,6390.810077947539,5519.73500373459,9458.807424458952,0.0,13154.21295055776,4135.38058614621,7586.250773592674,10843.691598736408,10920.74803019629,14667.391352029608,3772.62064071747,10035.93401787938,6247.811485937717,10748.603407619907,8900.34333104301,5896.886032717627,5719.605033219039,12706.365423106512,4889.349922291084,9301.050284085108],[8861.617652730403,16650.96623088724,9097.041652025888,3051.189135363468,5340.822820030289,15780.011453681158,16561.32664081149,10963.240971715166,8968.955670904106,12204.701392594528,12044.751935098586,11776.028199462564,18748.254289628418,3840.8296021116607,3273.8025100470877,12517.913362302488,13519.444205152136,9037.034843054696,4210.301731647105,6325.997852779934,14948.371648147411,4745.195025213137,5694.986490689733,2232.8573687119424,8134.48947096707,9757.619225220724,338.8765555159234,13327.46968529197,9221.941986096419,12186.570505332382,4477.460723238062,6779.669998397606,10989.083535701333,10317.552980443576,13154.21295055776,0.0,10272.566608150733,15929.609248562707,7026.792240705366,9552.58141191932,2803.159747371258,16891.84755610349,12634.626457422753,13829.426563978484,3130.928299946031,12600.16389534323,15355.721938876084,7849.049194492656,2334.523855408067,14828.253988294658,13706.687818159147],[2861.552552210696,6446.581334241849,5140.090703260824,9000.719031258683,5623.323620849515,10126.165178984516,7255.977111869103,3840.279709297378,4810.190626627713,8235.664267648892,9459.10326172134,2369.074905196968,8629.433119154632,8150.94593341944,7020.484215660128,2927.4557772676653,6877.873554756608,4936.057547191052,9221.159740181218,3946.953528054372,4689.645279078474,6669.784343748462,6873.796791694874,8435.573149620192,5864.679821747195,6639.237461717104,10146.540865511497,3085.0362073452548,3814.417422073927,3507.0754589100084,11670.22451243877,3897.5576446752566,1937.708535012584,5487.21511264724,4135.38058614621,10272.566608150733,0.0,10931.336579296096,10285.90472644508,6829.898497176103,12335.377291937511,7231.241698739407,11703.650970396595,9125.279082510675,7422.581209355621,10765.207570269795,5344.2681037507455,2457.1121452842963,10477.123553156029,4647.6860315858285,11503.374483014211],[9097.530386278318,13004.956386527585,15850.391888869292,12997.388551033315,14402.660246340125,1089.7387892318889,7592.8505312340685,14748.61522662497,15499.5939230721,3732.793791022805,4188.89770299682,8888.212333892372,11099.109375416128,16377.425531873525,13969.448826044818,12925.582977660526,4120.260557481645,7501.305181625601,12089.536662691591,12048.814200165692,11740.620897559156,15308.367545702873,10253.269603466304,15456.726919329913,16263.132924846079,6241.911099712514,15621.62208329977,10481.91859139838,8051.604713038033,7668.994516740579,13763.404756138623,10703.429878280302,12724.647948782254,16385.98383460689,7586.250773592674,15929.609248562707,10931.336579296096,0.0,10201.141797266933,17545.456838845963,16147.135767896903,8600.636154482645,5433.882279979638,2140.985157013126,14796.86657657532,4477.9308153182865,13336.329913798669,11165.112479635663,14395.461210928794,12345.950218765402,3852.2084970536207],[7529.3939295076,16216.292195612254,12433.236015164883,4106.800309786976,8909.775591030357,10418.716968851715,13689.101574569746,13085.785781706152,12141.835110507813,6870.361292988581,6012.607059692273,10330.817990352634,16821.610743442834,9418.661385856743,6973.400696028235,13204.93314470933,9340.825055863346,5981.174705378228,2880.0033731973504,7654.131595820082,14392.618131884132,9206.615085772499,3628.47679600801,7769.919577139845,12037.179372084356,5260.792045543057,6688.349391323502,12524.491204534253,6955.212736847029,9985.60515767773,3621.761319076652,6720.314271051748,11953.406014922839,13548.485483388611,10843.691598736408,7026.792240705366,10285.90472644508,10201.141797266933,0.0,13675.200939612952,6234.256317988514,14384.1940345292,5830.111966612114,8388.602457056495,7725.7298805510745,6096.827527370428,15460.053326396788,8296.23484366703,4868.53282253016,14600.442399572883,7154.5860023663945],[8537.498110514965,10542.29787428241,1702.7988469918105,10397.790841102857,4831.60937316132,16827.76284170267,13741.00744314818,3757.1736106524136,2049.377504674363,14412.296404286108,153