{"problem":"50.10.3","tabu_size":4,"reset_after":250,"iterations":4310,"solution":{"truck_routes":[[[0,32,40,2,12,4,36,31,44,3,0]],[[0,8,21,1,24,48,27,42,22,46,0]],[[0,7,38,43,41,13,16,47,0]]],"drone_routes":[[[0,17,15,29,0],[0,5,30,0],[0,35,18,39,0]],[[0,26,28,45,34,0],[0,23,33,0],[0,14,20,19,0]],[[0,49,50,9,11,0],[0,6,0],[0,10,25,37,0]]],"truck_working_time":[1520.4381667230134,1526.2217603577742,1527.7257862984668],"drone_working_time":[1523.23889171603,1524.2878083828655,1525.1665185911056],"working_time":1527.7257862984668,"energy_violation":0.0,"capacity_violation":0.0,"waiting_time_violation":0.0,"fixed_time_violation":0.0,"feasible":true},"config":{"customers_count":50,"trucks_count":3,"drones_count":3,"x":[0.0,3666.5983541193696,883.802643357517,-3868.5898074485913,-3097.335307260143,701.0526688675321,2230.622412713384,-4001.526721215692,2326.372568507445,-7034.426053071871,2466.2777477944487,-6636.228118582299,-2641.251495631286,-4399.013763355787,563.7145251563778,-2595.4258780819173,-3265.303422229247,-2836.6967772064368,5592.3357799523255,-215.2157869753603,-53.621361366548655,4751.352981782449,3468.8829132343103,6360.922137027252,5928.541192162909,7975.892169380767,-2551.2179187967754,7846.344974831532,-7146.145833778761,-1435.8943158722834,1657.4474929505366,-5959.1993468875025,-167.84215380765687,5365.9926457442925,-4291.749870041033,3578.6219033932125,-3307.6747084407175,7968.739527888797,-6705.552788939599,8028.053598453458,508.63459865005274,-5539.819434839479,7494.172762566533,-7556.77969933666,-3696.847191870592,-5639.355165174246,1302.1901329084853,-985.5730521633948,7932.232536383252,-1790.5120251218293,-7630.892708878403],"y":[0.0,-5236.948478873077,6190.743391460369,4754.036556884746,7030.086192546022,-4326.4796468195445,1883.8219522489826,-828.4422053522824,-2448.5659831223084,4297.308575445942,3921.0292743427067,3622.506782609755,6091.555539592857,-7975.238717283937,-7589.645273594249,-7123.02412033691,-5516.480599541421,-2708.248946708573,2679.4806804026757,-4225.848429660319,-5182.199522399493,-4021.59762300936,-2109.5083952428577,4754.403419474737,-5967.258977696774,4973.516809098716,972.0613115287091,-6166.774268756056,1378.840967022619,-7570.391437427126,-4979.577205900828,4783.537308307174,1028.9801644293289,5090.240346565959,2550.8178975494284,3798.434394946608,7095.470519095324,5747.570602448667,-2408.674976850758,-516.900198171433,3793.037172487333,-7854.200212902362,-3372.8285382554955,-4299.231667705743,4102.033657379343,3042.2278138719944,-1519.1764785529492,-3466.354487449945,-6422.417011962572,3379.212938959264,6482.157447256385],"demands":[0.0,1.054871686910872,0.4656989474424908,0.8852168736599694,0.19981049398751086,0.5636744602026617,0.43381612260656593,15.45516907932164,1.0258057235953288,0.8633977337220701,0.45126925211416546,0.2901282600936012,10.00910364255617,18.725371967007078,1.0607727134155287,0.4659300598827921,0.3799595381509828,0.4297884090147806,0.6295914650721931,0.41084900915042016,0.70822641043565,0.5290465834570146,13.71807702536952,1.0243834805978858,0.09913811725507568,1.0072661088659252,0.8655931517665004,1.9567270859397632,0.9117623466695461,1.023060014705696,0.8277285605561117,0.9101970320145154,0.6138649936882777,0.9376795068254695,0.24194752868394848,0.8994848073466105,0.5161654438412133,0.7692532664257503,0.07462745128931345,0.6086215280389424,15.050749048564892,0.12208675175755562,0.28936616767405926,0.644626205533307,0.935243911803633,0.1580114265150277,14.334708344226138,0.5647514210948655,0.36102005510327756,0.23891383888222292,0.5625266369086713],"dronable":[true,true,true,true,true,true,true,false,true,true,true,true,false,false,true,true,true,true,true,true,true,true,false,true,true,true,true,true,true,true,true,true,true,true,true,true,true,true,true,true,false,true,true,true,true,true,false,true,true,true,true],"distances":[[0.0,6392.931476310528,6253.511881440377,6129.180261869584,7682.161016291348,4382.910103900154,2919.6680454932625,4086.383803341551,3377.4968099478115,8243.17965888998,4632.169739929502,7560.560761736926,6639.52244932713,9108.004978471321,7610.551191921897,7581.141609778747,6410.441844704537,3921.920570735909,6201.115721576737,4231.325180770914,5182.476931000497,6224.837556024054,4059.9475779040613,7941.390451831241,8411.645521185208,9399.506654499315,2730.1311438391863,9979.69109471109,7277.953193719606,7705.3630026251385,5248.173143238999,7641.615407484931,1042.5790940661539,7396.243902143152,4992.573373868001,5218.6816898675725,7828.563972032754,9825.241854197255,7125.037077051784,8044.677146692165,3826.988391256838,9611.350599940713,8218.187010750291,8694.153918404629,5522.079253896527,6407.610845742259,2000.8988768133083,3603.743563825684,10206.260494755332,3824.2663870258284,10012.436701694298],[6392.931476310528,0.0,11761.636512455216,12513.945925045811,14008.245364974913,3102.1629076269855,7264.117182221047,8845.05905772565,3093.7488745902415,14332.270613588575,9236.304785267941,13588.16326281143,12966.26287807702,8517.765684693275,3893.9787189879858,6539.895168120001,6937.535617453106,6977.619141877472,8147.288829241611,4011.3344831266636,3720.622552708763,1629.0396880018411,3133.68359479086,10348.260404713514,2376.9179260690894,11082.581584771982,8787.09518447627,4281.92221004612,12676.123495191647,5610.738586687498,2025.568353595311,13894.823381093787,7346.073493492235,10466.077106283914,11134.837744248183,9035.811171798381,14167.88774280073,11796.952069367906,10750.844168561885,6426.596892639515,9566.26238113051,9571.213880388277,4257.3781844238065,11262.483196380108,11892.72540883717,12455.742891919585,4405.934053398205,4977.720550201533,4427.298343216032,10198.93579102078,16277.92210407573],[6253.511881440377,11761.636512455216,0.0,4964.812235623337,4068.655271657024,10518.810673745482,4512.593021164935,8551.924312274019,8758.919708428613,8141.464308799335,2766.91699000998,7946.489913135336,3526.4493350621365,15118.96816228882,13784.105635237252,13760.86612327096,12420.715547784544,9645.422778354832,5873.606228244755,10474.408177937776,11411.51148124332,10920.158177245943,8693.492953029661,5662.323768830311,13163.069878802356,7195.788657119977,6247.720297342274,14183.978230388273,9361.328831302377,13955.279494208651,11197.079467483189,6986.193899324629,5267.803754064352,4615.315175512701,6327.353429370676,3603.497353830028,4288.008111712959,7098.783894352061,11469.45125762277,9799.632862251416,2426.8799258042404,15444.20154793473,11625.786045157576,13464.137812193094,5034.387874033955,7243.25466467427,7721.263659106516,9836.366449754623,14448.95080341044,3880.291539483195,8519.680691980391],[6129.180261869584,12513.945925045811,4964.812235623337,0.0,2403.171955573459,10165.50081831135,6740.810157780561,5584.061367308688,9500.265374652801,3198.612133899837,6389.401229789768,2990.013620592029,1815.3006254499812,12740.321761186506,13115.327019519036,11945.104299312137,10288.22030883064,7533.293314547186,9685.705707638637,9694.610673206336,10643.437962795266,12301.023085456833,10047.22624591693,10229.511951054268,14523.427755298895,11846.51530537767,4004.8477436097246,16015.73620045329,4704.7124009399295,12562.226424552051,11192.869387627607,2090.8176727604596,5250.864530998857,9240.700518522064,2243.4876641997726,7508.271289584584,2407.6832739561364,11878.950950859831,7704.076549065303,13012.02899639387,4481.4744580503675,12718.515751080422,13969.907283054727,9775.705101168158,674.2427656037733,2462.9046113839167,8129.585904557782,8711.292357224223,16253.384951058068,2491.6956575404274,4140.20832010251],[7682.161016291348,14008.245364974913,4068.655271657024,2403.171955573459,0.0,11974.946299714093,7407.507617058896,7910.374876935039,10920.689272613032,4792.57311319082,6373.384120465499,4912.775159220014,1043.4808238595483,15061.677942799966,15071.159013741742,14162.007082462966,12547.69108465608,9741.822402804795,9717.929405291457,11619.065244183372,12585.869734265068,13555.132718552153,11253.773187171188,9728.173824828138,15823.951088690555,11262.586043106088,6082.590703064516,17144.132061779044,6951.9378074497345,14694.704256677309,12916.654923825025,3638.302855808879,6677.96403829966,8682.794593117607,4635.781552914757,7417.0060010358675,220.2675052006272,11140.146251102784,10104.921860559325,13443.633507539907,4845.771901420135,15083.358727846147,14845.8976855403,12175.388596042523,2988.796772697199,4729.152081123029,9614.86954243984,10706.764533262394,17396.011303883613,3877.7135794813307,4566.548874553122],[4382.910103900154,3102.1629076269855,10518.810673745482,10165.50081831135,11974.946299714093,0.0,6395.891615144973,5860.931569464221,2483.5910501663257,11584.789784888726,8434.300384971088,10817.674177434426,10941.044478172687,6270.894702304231,3266.0544504772083,4322.896228555396,4141.02437916749,3890.2881309715763,8544.479538239588,921.7779152483887,1140.9598579145159,4061.758938346941,3546.243899106343,10700.306521792581,5478.940871538843,11807.337711707914,6217.057202783353,7378.474532936792,9702.02080221778,3884.521350286477,1158.1137600472118,11285.006239965722,5425.488734001165,10508.866752494736,8498.54685851148,8619.433443421762,12104.992390671849,12421.986987015052,7650.86786971076,8258.198241609067,8121.796481860001,7168.91184261545,6859.732578190097,8257.877322516159,9506.91115474096,9721.040126613485,2870.9436304520596,1893.283289057312,7528.805729660407,8098.493245713106,13647.268943241941],[2919.6680454932625,7264.117182221047,4512.593021164935,6740.810157780561,7407.507617058896,6395.891615144973,0.0,6796.768326796304,4333.445893845371,9574.238390268982,2050.7918251603332,9035.710447090767,6437.404548486239,11880.789246198081,9619.000113563034,10218.31778133486,9217.899904057616,6838.482208325362,3454.5896391843903,6581.048296026738,7426.0641728722185,6420.908266100963,4180.906161509683,5029.87214277333,8678.368226110448,6523.368676176488,4867.98771794094,9815.724089864356,9390.356145741414,10140.290712722666,6887.291012636004,8688.010681404106,2546.249547679816,4484.603150512936,6556.388013677218,2341.547230487919,7604.867900660427,6917.697713790975,9913.665170912745,6274.844635280684,2571.059079245824,12458.284079084873,7438.906953629692,11576.847246560563,6328.930326843885,7954.775371856618,3527.3764780958854,6242.45954766256,10074.818297762049,4290.188384008174,10880.908501500619],[4086.383803341551,8845.05905772565,8551.924312274019,5584.061367308688,7910.374876935039,5860.931569464221,6796.768326796304,0.0,6532.00661942212,5955.820633970374,8024.336357966536,5172.291401953862,7052.426354056064,7157.841597271328,8158.142838145296,6449.71945634173,4745.495625470743,2211.447983405705,10215.073208926173,5087.093427853953,5877.172747679595,9317.14251347856,7579.455830688914,11770.66317631894,11180.951953391103,13308.692335694972,2311.970704112535,12994.993379958365,3841.969334357883,7213.6224663634,7018.255548879469,5943.634929152208,4259.947795706852,11080.668853492185,3391.6999158500707,8880.689176271946,7954.233054185335,13657.643227248696,3131.9151628114337,12033.613800085559,6457.524817684401,7192.191602942882,11773.912197417456,4968.521231757176,4939.880752465702,4202.923792975715,5348.506922954752,4006.8139140608605,13179.801370101111,4753.2039509992055,8161.933885613439],[3377.4968099478115,3093.7488745902415,8758.919708428613,9500.265374652801,10920.689272613032,2483.5910501663257,4333.445893845371,6532.00661942212,0.0,11538.256991144703,6371.131548093488,10825.254528325657,9879.826135380774,8704.879828196272,5434.855991533694,6787.831673327003,6378.004427641862,5169.595758879733,6079.751498359211,3101.355230136968,3624.516993103793,2890.494515624127,1191.7591768920986,8255.928684018085,5035.555498980755,9327.614094463563,5957.481015559525,6655.461533352498,10216.538006764742,6355.135568472564,2617.9149272922587,10997.90980064333,4279.536690970722,8128.52330318916,8294.177704748028,6371.274764151601,11082.920259324686,9950.525605899087,9032.013449662056,6020.008245176755,6500.906189076836,9544.519791990004,5249.801912123778,10054.93223375905,8898.850034243122,9674.793788410003,1383.0092236109983,3464.805511687812,6871.474221653412,7135.246731677912,13375.53560774853],[8243.17965888998,14332.270613588575,8141.464308799335,3198.612133899837,4792.57311319082,11584.789784888726,9574.238390268982,5955.820633970374,11538.256991144703,0.0,9508.152229757077,783.5298683819863,4745.450964923534,12552.32309132768,14107.849306528977,12252.702617623903,10512.69439189731,8166.931325147375,12729.983561886349,10915.39435782913,11772.54041916409,14425.976147114263,12303.121674501714,13403.144736606762,16534.807735624265,15025.541944121469,5581.794025348788,18191.601802898276,2920.6051583220456,13121.961027528563,12712.563688737138,1180.0554437618284,7604.731753842006,12425.744432411328,3251.538456322488,10624.766462101488,4660.298901100422,15073.09647672597,6714.042971826653,15813.124276011655,7559.897727046141,12243.080281390387,16428.97400596732,8612.395571726402,3343.2865489460437,1876.5528237522403,10165.169345158109,9841.904631765816,18409.600375962855,5323.676730443642,2264.8039791868073],[4632.169739929502,9236.304785267941,2766.91699000998,6389.401229789768,6373.384120465499,8434.300384971088,2050.7918251603332,8024.336357966536,6371.131548093488,9508.152229757077,0.0,9107.399668703114,5549.598115232294,13735.116295891787,11666.849418958771,12148.74310291992,11041.631008516388,8489.338522223812,3363.5816820070304,8576.830644299438,9445.563299570165,8264.798294908705,6113.313479779782,3982.8089816556726,10476.903775144267,5609.240687059945,5819.937698117142,11432.799468703824,9942.907447093115,12135.884672711494,8937.281583194303,8469.509099213688,3911.845563179488,3126.563772066983,6895.5359835563795,1119.0795436200551,6589.051842507437,5797.701170694999,11143.950435197734,7115.375507728554,1961.8227946298678,14239.158036030947,8858.89891972867,12962.807201523041,6165.782319268146,8153.132951616012,5563.35677527245,8154.061122481689,11698.869297012398,4291.133196731716,10416.920310206813],[7560.560761736926,13588.16326281143,7946.489913135336,2990.013620592029,4912.775159220014,10817.674177434426,9035.710447090767,5172.291401953862,10825.254528325657,783.5298683819863,9107.399668703114,0.0,4696.38584256925,11811.554882890565,13324.846258196241,11480.179316239562,9740.853334261907,7383.42105791037,12264.871513798595,10140.31946738441,10993.34184120607,13715.295676046871,11617.627424068758,13046.344498112783,15806.234060325442,14674.443342136543,4869.514300987912,17480.702128596095,2300.8807809848536,12341.978861743088,11949.096371471975,1344.0088687593507,6968.959557100613,12091.631200561651,2577.8082403943413,10216.364886604024,4810.482815592314,14758.759303981344,6031.580168212087,15237.31762578733,7146.897499052905,11528.959860396055,15767.147659399801,7975.045785952351,2978.238784238575,1153.464072607315,9458.086016405367,9065.420938147223,17695.77745944056,4851.819901107215,3027.6987252702056],[6639.52244932713,12966.26287807702,3526.4493350621365,1815.3006254499812,1043.4808238595483,10941.044478172687,6437.404548486239,7052.426354056064,9879.826135380774,4745.450964923534,5549.598115232294,4696.38584256925,0.0,14176.192325696555,14051.585778308263,13214.659116899433,11624.798656946195,8801.974656588189,8912.587405987671,10598.795871439117,11566.908960891542,12527.029490255414,10226.983531700165,9100.939836350364,14793.794451531561,10675.848922047862,5120.285851018451,16132.46197632338,6519.490136535912,13715.016628998377,11876.396476321297,3566.4673890323843,5634.485176254573,8069.609089378495,3906.528885559721,6629.119827240739,1204.975180093218,10615.565701184221,9421.914021867686,12550.129817203184,3899.3549583063595,14243.798636826452,13867.277702083209,11494.819542245246,2252.216595650904,4276.33314794076,8571.696082440752,9700.253357165968,16382.859139855567,2842.632587918198,5004.906521325303],[9108.004978471321,8517.765684693275,15118.96816228882,12740.321761186506,15061.677942799966,6270.894702304231,11880.789246198081,7157.841597271328,8704.879828196272,12552.32309132768,13735.116295891787,11811.554882890565,14176.192325696555,0.0,4977.685643892687,1994.7929664895687,2707.5432811207243,5493.8161243853365,14606.509204460956,5618.015044131804,5165.607715596157,9967.97318780846,9813.795918216847,16667.933570490786,10520.949291477993,17911.12968313567,9136.11116880483,12378.180572624144,9749.130286989863,2990.648454777392,6756.826980167666,12853.81440375808,9948.80750940774,16311.409912624524,10526.603127385695,14221.886280836528,15110.171998368189,18473.67903528778,6025.508621921185,14493.405972393855,12750.581549987059,1147.208742832919,12752.64934029023,4846.082287269763,12097.666961274645,11087.065236490947,8613.040432805776,5655.2289508799995,12428.63188582496,11650.229771654016,14814.227802250698],[7610.551191921897,3893.9787189879858,13784.105635237252,13115.327019519036,15071.159013741742,3266.0544504772083,9619.000113563034,8158.142838145296,5434.855991533694,14107.849306528977,11666.849418958771,13324.846258196241,14051.585778308263,4977.685643892687,0.0,3193.4156303306067,4354.2381890684155,5949.019005295727,11434.245912312663,3452.8048943456847,2485.3367260262207,5501.57067393103,6202.572334810314,13637.564087181838,5604.774969625483,14586.754914838119,9110.742218948453,7420.328036073944,11826.905436436598,1999.7015345613795,2829.9659225567875,13987.281815534112,8649.617310348707,13558.811691583558,11242.976821925367,11780.408525869572,15186.845638338205,15255.022865117688,8926.628730910817,10282.99959657041,11382.815709069428,6109.264777101663,8112.508536816418,8761.806214921726,12443.783282007429,12309.134775892555,6115.2217960442795,4404.7495847482505,7460.3940577242,11218.655585101875,16283.955893290626],[7581.141609778747,6539.895168120001,13760.86612327096,11945.104299312137,14162.007082462966,4322.896228555396,10218.31778133486,6449.71945634173,6787.831673327003,12252.702617623903,12148.74310291992,11480.179316239562,13214.659116899433,1994.7929664895687,3193.4156303306067,0.0,1740.6085166868577,4421.363079464236,12772.17841001676,3749.5369128004145,3198.0572729633195,7974.58500074301,7868.3658431850145,14875.80097780372,8601.965338198019,16064.83948622337,8095.206142703663,10485.465765687346,9643.171785198081,1242.839877120465,4762.48848660472,12372.597827599318,8505.782538791385,14579.02650556735,9821.442586133635,12545.80097518675,14236.32284713685,16650.93989067597,6254.456896489504,12509.96360759596,11348.814281320545,3033.821335447216,10764.01261766438,5708.6632021179685,11278.964980153813,10611.213521117943,6826.01779674331,3995.354668261072,10550.94507672009,10533.037053022314,14507.132442051807],[6410.441844704537,6937.535617453106,12420.715547784544,10288.22030883064,12547.69108465608,4141.02437916749,9217.899904057616,4745.495625470743,6378.004427641862,10512.69439189731,11041.631008516388,9740.853334261907,11624.798656946195,2707.5432811207243,4354.2381890684155,1740.6085166868577,0.0,2840.7514273744578,12067.789919383196,3311.9127374767363,3229.0316657788353,8154.842427264128,7546.967947567228,14076.763727851816,9204.888915125486,15375.451992123979,6527.717383429373,11130.660894849148,7912.420446968463,2750.5067548373963,4951.943237458017,10646.475668261874,7241.361952150469,13674.860183621935,8132.336524725825,11558.847486546156,12612.022294016844,15908.56908983807,4636.1375619775,12350.535089070687,10045.383483628566,3261.649288674792,10970.942162414445,4460.7693954104825,9628.190200432491,8881.869813502884,6069.632411595956,3065.972543203852,11234.123567407049,9017.115569621192,12768.151189493714],[3921.920570735909,6977.619141877472,9645.422778354832,7533.293314547186,9741.822402804795,3890.2881309715763,6838.482208325362,2211.447983405705,5169.595758879733,8166.931325147375,8489.338522223812,7383.42105791037,8801.974656588189,5493.8161243853365,5949.019005295727,4421.363079464236,2840.7514273744578,0.0,10003.81029330798,3029.0709421864503,3723.699802778656,7700.869034753955,6333.942333213044,11844.297110000687,9351.499507659495,13263.544204131613,3691.365841458342,11228.925971749484,5939.331202594728,5059.908807056768,5035.500450003959,8116.457576338813,4592.348683405217,11318.151307819899,5456.64398466139,9137.463646013803,9815.026009944751,13720.726583945177,3880.437011850624,11083.537795447675,7311.495279211991,5812.717654957153,10352.223504219257,4981.004799264596,6864.386926986954,6397.0991092544045,4306.306792281102,2000.3457341969652,11391.439021389877,6176.705816610741,10365.707130605806],[6201.115721576737,8147.288829241611,5873.606228244755,9685.705707638637,9717.929405291457,8544.479538239588,3454.5896391843903,10215.073208926173,6079.751498359211,12729.983561886349,3363.5816820070304,12264.871513798595,8912.587405987671,14606.509204460956,11434.245912312663,12772.17841001676,12067.789919383196,10003.81029330798,0.0,9022.816928255144,9678.99001201784,6753.64364586089,5238.651395523968,2212.697304513207,8653.273414965546,3308.163058458253,8320.621836474493,9128.898294762372,12804.709191831975,12428.028673595807,8610.720848856485,11741.593506847496,5991.978119269438,2421.361885882162,9884.923026918123,2303.7146073110694,9935.34865764372,3880.7822076182897,13308.921490688974,4018.6530096884585,5204.231524618981,15325.903330250912,6344.086284619227,14886.291140687736,9397.477175088536,11237.547195437197,6002.838629456779,9002.231640767752,9397.853926989917,7415.933315945673,13759.146858035698],[4231.325180770914,4011.3344831266636,10474.408177937776,9694.610673206336,11619.065244183372,921.7779152483887,6581.048296026738,5087.093427853953,3101.355230136968,10915.39435782913,8576.830644299438,10140.31946738441,10598.795871439117,5618.015044131804,3452.8048943456847,3749.5369128004145,3311.9127374767363,3029.0709421864503,9022.816928255144,0.0,969.9073001948449,4970.766915358035,4248.703140272887,11130.611540674618,6385.785818168569,12317.571609240546,5698.699117993683,8291.921069883265,8913.49171464092,3560.3404334012494,2018.6566890176825,10684.679616723799,5255.042132503001,10859.990683973454,7908.308076999438,8875.940472431239,11736.079623128171,12901.403481239047,6739.925352454727,9039.235982350088,8051.489656026453,6443.317520486135,7756.4369876213095,7341.930657457328,9026.371214125245,9068.970188280839,3102.997546987415,1081.7954355062898,8438.354562268429,7766.4996400172695,13025.116278564583],[5182.476931000497,3720.622552708763,11411.51148124332,10643.437962795266,12585.869734265068,1140.9598579145159,7426.0641728722185,5877.172747679595,3624.516993103793,11772.54041916409,9445.563299570165,10993.34184120607,11566.908960891542,5165.607715596157,2485.3367260262207,3198.0572729633195,3229.0316657788353,3723.699802778656,9678.99001201784,969.9073001948449,0.0,4943.154378247571,4674.341357612689,11827.190973229854,6033.455657017937,12946.492256449763,6641.755413722336,7961.083817183815,9661.840181642547,2759.3729620624626,1723.024209742065,11584.116795076485,6212.229832475683,11614.44087537506,8818.236313077172,9687.361699233688,12701.576470400198,13557.955200526265,7206.984814878921,9331.58549984002,8992.83078311925,6102.2911264070235,7761.637681284857,7554.933307255126,9973.468814237005,9941.912649817927,3905.888199598024,1952.6029135336544,8081.584120556058,8735.821227071287,13909.430778769623],[6224.837556024054,1629.0396880018411,10920.158177245943,12301.023085456833,13555.132718552153,4061.758938346941,6420.908266100963,9317.14251347856,2890.494515624127,14425.976147114263,8264.798294908705,13715.295676046871,12527.029490255414,9967.97318780846,5501.57067393103,7974.58500074301,8154.842427264128,7700.869034753955,6753.64364586089,4970.766915358035,4943.154378247571,0.0,2302.3498195675147,8922.382370376057,2274.064684608337,9555.612833255447,8846.703980154323,3765.7347594453568,13065.803267728586,7132.739071323554,3238.8232515932614,13865.292364168452,7050.306147181302,9132.54472205363,11179.19294777311,7907.477407117674,13730.882396553494,10285.340247379512,11569.88372031869,4797.881925491473,8892.085034768685,10981.66983298508,2818.5034460140037,12311.263572794092,11720.301675034694,12564.41186836711,4261.318568503755,5763.732753914901,3985.213730686358,9877.651276629736,16237.26820989364],[4059.9475779040613,3133.68359479086,8693.492953029661,10047.22624591693,11253.773187171188,3546.243899106343,4180.906161509683,7579.455830688914,1191.7591768920986,12303.121674501714,6113.313479779782,11617.627424068758,10226.983531700165,9813.795918216847,6202.572334810314,7868.3658431850145,7546.967947567228,6333.942333213044,5238.651395523968,4248.703140272887,4674.341357612689,2302.3498195675147,0.0,7448.300227043528,4575.1675822340685,8395.378400067972,6762.964282436628,5968.549276758785,11173.514065553945,7340.169157967564,3393.905310961151,11679.16153560919,4803.736009861969,7445.495771428638,9052.40643984455,5908.961893438879,11430.370510761777,9054.413284604088,10178.833061860385,4829.331030933862,6603.26542425263,10684.484174543677,4218.8785423235995,11241.001915141322,9483.192638067663,10464.243253158666,2245.6734794218937,4656.523302379667,6206.663402717999,7601.795643276114,14036.443310554703],[7941.390451831241,10348.260404713514,5662.323768830311,10229.511951054268,9728.173824828138,10700.306521792581,5029.87214277333,11770.66317631894,8255.928684018085,13403.144736606762,3982.8089816556726,13046.344498112783,9100.939836350364,16667.933570490786,13637.564087181838,14875.80097780372,14076.763727851816,11844.297110000687,2212.697304513207,11130.611540674618,11827.190973229854,8922.382370376057,7448.300227043528,0.0,10730.377339143455,1629.7665117778142,9681.54699395529,11021.73321692104,13922.474889127228,14583.92659968225,10810.784085470372,12320.155930908357,7516.883768857556,1050.081489324825,10878.198841840274,2941.950265714445,9947.982716366123,1889.830102335445,14901.089191828409,5528.649847755479,5930.724617843228,17337.95073008197,8205.861092843137,16603.334987217262,10078.904215231663,12121.80682217604,8059.067826146679,11025.055651971375,11286.732535491343,8266.621302415606,14098.08556728968],[8411.645521185208,2376.9179260690894,13163.069878802356,14523.427755298895,15823.951088690555,5478.940871538843,8678.368226110448,11180.951953391103,5035.555498980755,16534.807735624265,10476.903775144267,15806.234060325442,14793.794451531561,10520.949291477993,5604.774969625483,8601.965338198019,9204.888915125486,9351.499507659495,8653.273414965546,6385.785818168569,6033.455657017937,2274.064684608337,4575.1675822340685,10730.377339143455,0.0,11130.688246503241,10957.211354006102,1928.1539617428243,14997.087224662451,7536.905468124875,4383.806185244691,16028.037805886872,9279.722627042505,11071.799861501675,13304.585038578614,10044.445614976605,15998.205714045735,11891.158116051998,13125.694298375529,5840.750223191958,11164.173432086356,11622.557493774673,3030.226314872205,13588.090176827303,13929.779456771208,14662.437668462442,6417.831568579383,7352.516511571576,2054.7379003318724,12121.894235642954,18407.775993818537],[9399.506654499315,11082.581584771982,7195.788657119977,11846.51530537767,11262.586043106088,11807.337711707914,6523.368676176488,13308.692335694972,9327.614094463563,15025.541944121469,5609.240687059945,14674.443342136543,10675.848922047862,17911.12968313567,14586.754914838119,16064.83948622337,15375.451992123979,13263.544204131613,3308.163058458253,12317.571609240546,12946.492256449763,9555.612833255447,8395.378400067972,1629.7665117778142,11130.688246503241,0.0,11261.95777419018,11141.044285655911,15543.414289614959,15682.198791663464,11789.267305499916,13936.386467714394,9048.744557551443,2612.5083555228607,12504.579610023327,4551.5716485833545,11481.357456051895,774.0868396244449,16432.941965111735,5490.664780188662,7559.991256614607,18633.968556509644,8360.235298375444,18089.99059411931,11705.2264856105,13751.539447065235,9310.927182570555,12310.129423334734,11396.01745424962,9895.67863871597,15679.532225527644],[2730.1311438391863,8787.09518447627,6247.720297342274,4004.8477436097246,6082.590703064516,6217.057202783353,4867.98771794094,2311.970704112535,5957.481015559525,5581.794025348788,5819.937698117142,4869.514300987912,5120.285851018451,9136.11116880483,9110.742218948453,8095.206142703663,6527.717383429373,3691.365841458342,8320.621836474493,5698.699117993683,6641.755413722336,8846.703980154323,6762.964282436628,9681.54699395529,10957.211354006102,11261.95777419018,0.0,12612.386275772558,4612.898463222926,8614.954771058497,7289.366611043035,5112.894159693677,2384.0553250612684,8924.215466241336,2349.877407697248,6750.060818420482,6169.956823018296,11553.13782778246,5356.106427700104,10683.538375139136,4161.802762822494,9318.510155563767,10944.76777953642,7269.262576886878,3333.0456518195724,3717.819387744388,4588.5748702269075,4706.461372734167,12828.914339210343,2524.4905256533184,7494.281513123983],[9979.69109471109,4281.92221004612,14183.978230388273,16015.73620045329,17144.132061779044,7378.474532936792,9815.724089864356,12994.993379958365,6655.461533352498,18191.601802898276,11432.799468703824,17480.702128596095,16132.46197632338,12378.180572624144,7420.328036073944,10485.465765687346,11130.660894849148,11228.925971749484,9128.898294762372,8291.921069883265,7961.083817183815,3765.7347594453568,5968.549276758785,11021.73321692104,1928.1539617428243,11141.044285655911,12612.386275772558,0.0,16784.251247305594,9387.763706339965,6301.736975412811,17621.077653018663,10770.61173729483,11527.034559069472,14944.221613759368,10840.610864966124,17329.14573508215,11914.973526475851,15029.339267415131,5652.7953295129155,12370.927107935124,13492.101538297173,2816.053623792334,15515.92617585901,15449.715260200574,16330.028402424769,8026.588803132105,9235.531551070966,269.6847889359974,13564.471409067683,19988.505693883082],[7277.953193719606,12676.123495191647,9361.328831302377,4704.7124009399295,6951.9378074497345,9702.02080221778,9390.356145741414,3841.969334357883,10216.538006764742,2920.6051583220456,9942.907447093115,2300.8807809848536,6519.490136535912,9749.130286989863,11826.905436436598,9643.171785198081,7912.420446968463,5939.331202594728,12804.709191831975,8913.49171464092,9661.840181642547,13065.803267728586,11173.514065553945,13922.474889127228,14997.087224662451,15543.414289614959,4612.898463222926,16784.251247305594,0.0,10615.824651274464,10859.684025062412,3605.662094414829,6987.068400344272,13050.980602438889,3085.6289866880093,10994.32014145203,6885.761687401393,15733.580588149733,3813.0564192332226,15292.160180123929,8026.456676963707,9371.730572851511,15392.117842905302,5692.901634210283,4394.705854762276,2244.387203952372,8931.566812204992,7837.638419168218,16976.958512302775,5717.018586513328,5126.287021845775],[7705.3630026251385,5610.738586687498,13955.279494208651,12562.226424552051,14694.704256677309,3884.521350286477,10140.290712722666,7213.6224663634,6355.135568472564,13121.961027528563,12135.884672711494,12341.978861743088,13715.016628998377,2990.648454777392,1999.7015345613795,1242.839877120465,2750.5067548373963,5059.908807056768,12428.028673595807,3560.3404334012494,2759.3729620624626,7132.739071323554,7340.169157967564,14583.92659968225,7536.905468124875,15682.198791663464,8614.954771058497,9387.763706339965,10615.824651274464,0.0,4034.982271149458,13155.981295908256,8692.361487681701,14372.10017389475,10516.405723853233,12425.60154359237,14784.825625139316,16303.841591195278,7376.490848781362,11803.306688692255,11528.603665320266,4113.726875125118,9867.402511194065,6940.153032646434,11889.3824693023,11414.761078737438,6641.860351374281,4128.66909879278,9438.201417721064,10955.345257868115,15357.478153843103],[5248.173143238999,2025.568353595311,11197.079467483189,11192.869387627607,12916.654923825025,1158.1137600472118,6887.291012636004,7018.255548879469,2617.9149272922587,12712.563688737138,8937.281583194303,11949.096371471975,11876.396476321297,6756.826980167666,2829.9659225567875,4762.48848660472,4951.943237458017,5035.500450003959,8610.720848856485,2018.6566890176825,1723.024209742065,3238.8232515932614,3393.905310961151,10810.784085470372,4383.806185244691,11789.267305499916,7289.366611043035,6301.736975412811,10859.684025062412,4034.982271149458,0.0,12382.718364735336,6279.685021329612,10731.007999730418,9596.864054361375,8985.78871218058,13056.003065091669,12446.047856747638,8749.24636675806,7778.181550130319,8847.515702049574,7750.103783965895,6053.842015939462,9239.310190832797,10542.4915197477,10844.016082931146,3478.5889360046226,3045.554234869283,6438.533532353715,9042.001853797421,14752.783634429692],[7641.615407484931,13894.823381093787,6986.193899324629,2090.8176727604596,3638.302855808879,11285.006239965722,8688.010681404106,5943.634929152208,10997.90980064333,1180.0554437618284,8469.509099213688,1344.0088687593507,3566.4673890323843,12853.81440375808,13987.281815534112,12372.597827599318,10646.475668261874,8116.457576338813,11741.593506847496,10684.679616723799,11584.116795076485,13865.292364168452,11679.16153560919,12320.155930908357,16028.037805886872,13936.386467714394,5112.894159693677,17621.077653018663,3605.662094414829,13155.981295908256,12382.718364735336,0.0,6901.921289357177,11329.34421860544,2786.6509872981896,9588.558909044563,3517.899668756282,13961.262174019876,7230.834046998983,14957.87026006826,6543.238224771204,12644.694111192122,15732.753253592,9222.199046548189,2362.770513515357,1770.440356517531,9615.195175157316,9633.154891377571,17847.837179768405,4398.8726875182765,2383.2475895232283],[1042.5790940661539,7346.073493492235,5267.803754064352,5250.864530998857,6677.96403829966,5425.488734001165,2546.249547679816,4259.947795706852,4279.536690970722,7604.731753842006,3911.845563179488,6968.959557100613,5634.485176254573,9948.80750940774,8649.617310348707,8505.782538791385,7241.361952150469,4592.348683405217,5991.978119269438,5255.042132503001,6212.229832475683,7050.306147181302,4803.736009861969,7516.883768857556,9279.722627042505,9048.744557551443,2384.0553250612684,10770.61173729483,6987.068400344272,8692.361487681701,6279.685021329612,6901.921289357177,0.0,6864.19418837642,4395.748507132466,4658.95585585741,6830.875031384275,9405.799125257026,7386.415451292102,8340.410857829873,2845.633838077256,10381.18651812657,8836.4241881981,9109.678335695084,4679.480134502748,5830.147573736046,2941.78469660215,4569.104666618202,11006.113295210647,2855.9852250572712,9243.065836911628],[7396.243902143152,10466.077106283914,4615.315175512701,9240.700518522064,8682.794593117607,10508.866752494736,4484.603150512936,11080.668853492185,8128.52330318916,12425.744432411328,3126.563772066983,12091.631200561651,8069.609089378495,16311.409912624524,13558.811691583558,14579.02650556735,13674.860183621935,11318.151307819899,2421.361885882162,10859.990683973454,11614.44087537506,9132.54472205363,7445.495771428638,1050.081489324825,11071.799861501675,2612.5083555228607,8924.215466241336,11527.034559069472,13050.980602438889,14372.10017389475,10731.007999730418,11329.34421860544,6864.19418837642,0.0,9986.023076068699,2205.3246444122074,8902.440868429116,2684.4691091185546,14211.120300997089,6206.979426772475,5027.590205308188,16926.17140804782,8726.550610571772,15973.735624129396,9116.557375611286,11194.285853655918,7758.793825814392,10656.345619786607,11795.205239044712,7358.204529211586,13071.207371027374],[4992.573373868001,11134.837744248183,6327.353429370676,2243.4876641997726,4635.781552914757,8498.54685851148,6556.388013677218,3391.6999158500707,8294.177704748028,3251.538456322488,6895.5359835563795,2577.8082403943413,3906.528885559721,10526.603127385695,11242.976821925367,9821.442586133635,8132.336524725825,5456.64398466139,9884.923026918123,7908.308076999438,8818.236313077172,11179.19294777311,9052.40643984455,10878.198841840274,13304.585038578614,12504.579610023327,2349.877407697248,14944.221613759368,3085.6289866880093,10516.405723853233,9596.864054361375,2786.6509872981896,4395.748507132466,9986.023076068699,0.0,7968.644726466862,4649.975416515948,12670.39179082598,5515.70612909258,12696.0014105679,4958.507817305309,10479.603022891943,13190.813447177381,7588.38578570191,1661.3788038972516,1434.4071030677537,6917.876768062861,6865.651364719195,15163.927282002354,2634.848971286299,5158.03310897177],[5218.6816898675725,9035.811171798381,3603.497353830028,7508.271289584584,7417.0060010358675,8619.433443421762,2341.547230487919,8880.689176271946,6371.274764151601,10624.766462101488,1119.0795436200551,10216.364886604024,6629.119827240739,14221.886280836528,11780.408525869572,12545.80097518675,11558.847486546156,9137.463646013803,2303.7146073110694,8875.940472431239,9687.361699233688,7907.477407117674,5908.961893438879,2941.950265714445,10044.445614976605,4551.5716485833545,6750.060818420482,10840.610864966124,10994.32014145203,12425.60154359237,8985.78871218058,9588.558909044563,4658.95585585741,2205.3246444122074,7968.644726466862,0.0,7634.888881319561,4803.359731719275,12012.179479839342,6198.350995189603,3069.9920490604604,14796.278780248442,8170.59058990789,13768.419100111336,7281.800812181587,9248.943162864398,5784.386484981182,8579.570682622816,11109.443236535362,5385.475445259361,11526.29980801427],[7828.563972032754,14167.88774280073,4288.008111712959,2407.6832739561364,220.2675052006272,12104.992390671849,7604.867900660427,7954.233054185335,11082.920259324686,4660.298901100422,6589.051842507437,4810.482815592314,1204.975180093218,15110.171998368189,15186.845638338205,14236.32284713685,12612.022294016844,9815.026009944751,9935.34865764372,11736.079623128171,12701.576470400198,13730.882396553494,11430.370510761777,9947.982716366123,15998.205714045735,11481.357456051895,6169.956823018296,17329.14573508215,6885.761687401393,14784.825625139316,13056.003065091669,3517.899668756282,6830.875031384275,8902.440868429116,4649.975416515948,7634.888881319561,0.0,11356.687554678565,10093.282769151321,13654.55690181202,5046.809163835709,15115.393646039722,15042.114011701871,12161.17309923454,3018.6287395006025,4676.0571189581515,9770.516708424273,10814.078951578394,17580.352618038607,4014.0195576970086,4366.505101725743],[9825.241854197255,11796.952069367906,7098.783894352061,11878.950950859831,11140.146251102784,12421.986987015052,6917.697713790975,13657.643227248696,9950.525605899087,15073.09647672597,5797.701170694999,14758.759303981344,10615.565701184221,18473.67903528778,15255.022865117688,16650.93989067597,15908.56908983807,13720.726583945177,3880.7822076182897,12901.403481239047,13557.955200526265,10285.340247379512,9054.413284604088,1889.830102335445,11891.158116051998,774.0868396244449,11553.13782778246,11914.973526475851,15733.580588149733,16303.841591195278,12446.047856747638,13961.262174019876,9405.799125257026,2684.4691091185546,12670.39179082598,4803.359731719275,11356.687554678565,0.0,16788.662750486423,6264.751596894229,7711.897722615921,19170.01133444739,9132.73749214909,18492.70080681908,11781.074032269498,13874.405240552633,9861.465102861637,12848.195567609644,12170.042370318673,10042.515068305813,15616.918510223168],[7125.037077051784,10750.844168561885,11469.45125762277,7704.076549065303,10104.921860559325,7650.86786971076,9913.665170912745,3131.9151628114337,9032.013449662056,6714.042971826653,11143.950435197734,6031.580168212087,9421.914021867686,6025.508621921185,8926.628730910817,6254.456896489504,4636.1375619775,3880.437011850624,13308.921490688974,6739.925352454727,7206.984814878921,11569.88372031869,10178.833061860385,14901.089191828409,13125.694298375529,16432.941965111735,5356.106427700104,15029.339267415131,3813.0564192332226,7376.490848781362,8749.24636675806,7230.834046998983,7386.415451292102,14211.120300997089,5515.70612909258,12012.179479839342,10093.282769151321,16788.662750486423,0.0,14854.56054522909,9513.450123194281,5568.902885608295,14232.420659468493,2073.3528050770037,7172.282502082078,5554.198286596543,8056.9941219341945,5816.945430057919,15178.105427050523,7593.23858679352,8938.856479493741],[8044.677146692165,6426.596892639515,9799.632862251416,13012.02899639387,13443.633507539907,8258.198241609067,6274.84463528068