{"problem":"50.20.1","tabu_size":4,"reset_after":250,"iterations":4433,"solution":{"truck_routes":[[[0,19,40,32,14,17,6,5,37,7,22,1,45,39,0]],[[0,8,42,10,43,27,35,16,28,50,36,0]],[[0,29,9,23,21,11,2,33,13,44,4,38,0]]],"drone_routes":[[[0,49,0],[0,18,48,30,0],[0,46,0],[0,20,24,0],[0,47,31,0],[0,3,12,0]],[[0,26,34,25,0],[0,41,0]],[[0,15,0]]],"truck_working_time":[4050.675501179999,4205.378046486144,4244.89672411155],"drone_working_time":[3891.0161592155973,996.0876524745294,225.03728955807298],"working_time":4244.89672411155,"energy_violation":0.0,"capacity_violation":0.0,"waiting_time_violation":0.0,"fixed_time_violation":0.0,"feasible":true},"config":{"customers_count":50,"trucks_count":3,"drones_count":3,"x":[0.0,7315.897084345794,8889.377675769523,5397.428962984601,-9904.769315434729,12101.388713059345,11714.579567658995,10025.558581358167,-6324.160831430228,10841.168470658384,-13928.452250719462,11278.32437026296,2727.280822782406,151.80259914932046,11738.19094416266,-3060.904648654719,-12958.582357023646,13908.919052569596,-2487.088680074217,2779.071257562176,-3744.07008098107,15863.247357331025,10772.743804869007,15043.10450441361,-5648.189705780007,-6953.024847603266,-8918.244570346555,-14787.865835293502,-12521.781071076532,8569.408219722825,-9518.894106866162,5322.431707040342,10582.898089669587,4587.7486333957495,-9049.832326333924,-15987.74605838213,-11058.450718537657,15282.378317517087,-8945.089757712805,-1885.8898721192838,5668.373642573205,1260.056885818574,-8364.659056352959,-15959.560353185025,-6489.635189584546,-2598.772232251336,-6814.1881027047675,8154.499518495524,-6443.22487801064,10882.43957553071,-11165.218831383683],"y":[0.0,-9918.14760133287,13585.038513800891,8703.331874107365,10824.528478546228,-2550.2430965616823,805.4795478420175,-7489.320901601154,-13551.939434766658,12036.59625029283,-12048.159718277826,13825.909708972871,5878.317124721705,15087.270062702553,3291.318539441817,1740.2496512202156,5150.152739532939,3060.3767272667305,2768.7097327207425,7411.667640607092,2936.383187172442,14405.690660756536,-10018.987837379613,11884.10284845828,-4470.881651240404,-3963.7128827556458,-4036.5657622103313,76.43737000585328,9360.395235703945,8390.71429550746,-746.2014266828921,-4833.380050416891,5287.501302203049,12695.417782723316,-4550.454391896987,5090.737845429023,4791.205549717431,-3182.791538526312,7043.132184355158,-6189.164844569112,3565.0842338534594,5183.98371228188,-14744.365078567806,-9994.717839798328,10457.339974602488,-7693.3064816792585,6203.545194465632,-4779.711271007909,2550.9303372294466,-1202.0454101737882,5008.967948088236],"demands":[0.0,0.7075112116424292,0.15968666102613122,0.10472719669306768,1.5052692864606703,0.7685873614910043,0.13886634039908693,0.40068837833063353,0.7696395293771278,1.1077350665760144,0.620769145100202,13.371136032519551,0.06783981576987722,21.14806037932959,25.097765960306127,0.38310198535282614,0.32112318119486083,0.7947045915080985,0.5663359714977261,13.886386791020856,1.0391588374101368,0.7797593692756194,10.763432986114386,1.113703960411216,0.5934758198978225,0.23633503859401817,1.0484338617860873,0.7287168320032134,13.834018762746354,0.9785983362594826,0.2206046975214498,0.9534890067044917,0.2059359144242928,0.7815019218696985,0.6110033799616251,0.9150212570033751,0.278263409961585,0.46196479550630465,0.6705333887768617,21.01264973446605,12.10600942697734,1.1307496338099898,1.0096118907407858,0.15167849831419275,0.21085632820723366,0.11988679943275804,0.012199128821190754,0.28080210376545034,0.5763607027944122,0.8943752519852171,20.545605190994078],"dronable":[true,true,true,true,true,true,true,true,true,true,true,false,true,false,false,true,true,true,true,false,true,true,false,true,true,true,true,true,false,true,true,true,true,true,true,true,true,true,true,false,false,true,true,true,true,true,true,true,true,true,false],"distances":[[0.0,12324.44733002516,16234.97172414917,10241.104682665744,14672.24836127155,12367.18838847863,11742.238787769793,12514.062187611356,14954.934726215957,16199.092045598138,18416.29535758222,17842.544097788796,6480.175376107743,15088.033734520519,12190.894321980471,3521.023447341433,13944.494610572416,14241.626835573572,3721.742023114428,7915.557735840887,4758.193669157087,21428.171646999606,14711.632348957888,19170.990940570682,7203.528974875951,8003.472643066351,9789.226188477029,14788.06338349191,15633.68159329592,11993.283271276734,9548.097275735881,7189.564798225018,11830.274806492498,13498.92848344312,10129.466931062712,16778.66609233871,12051.762647595127,15610.293047134992,11385.09296140519,6470.1114428587925,6696.288923447758,5334.9255369407565,16951.808832662,18830.877604725123,12307.368696773216,8120.380639857265,9215.049239088245,9452.06338485644,6929.819075128352,10948.625680111496,12237.314715968536],[12324.44733002516,0.0,23555.797560987055,18720.043210070886,26959.413239299523,8785.61021898394,11590.711230270865,3638.882323697896,14115.793390187257,22235.968967815432,21350.86251861081,24072.413413516817,16449.428471450625,26011.442911643277,13930.063844320557,15607.569980760612,25260.803466656573,14557.129951385794,16032.931076757342,17913.829431541028,16957.648288920824,25781.89877587346,3458.317221192709,23131.10155587428,14062.014529680697,15461.482009104258,17266.741446923716,24258.360702177117,27662.17071232089,18351.722374864054,19171.19691313988,5461.571683807111,15552.654247632132,22777.535717223785,17223.50804958767,27718.70173867512,23536.816422440002,10432.154357142896,23496.90841464026,9928.655276139476,13583.514795978701,16271.065445254695,16406.46872484062,23275.58338533596,24612.05426866332,10161.22953510913,21437.54384241364,5206.417382746537,18568.55788188573,9417.5720198019,23756.481728496725],[16234.97172414917,23555.797560987055,0.0,6002.0634392472175,18995.7989245447,16451.879149488555,13088.12030409087,21104.96462493527,31110.566148675134,2491.4174179432193,34317.84104746713,2401.0591916474486,9867.370074872248,8865.77226450635,10680.655782707903,16825.821550003486,23419.663866492097,11660.37312243225,15697.673555214076,8685.985981014675,16522.64695767234,7021.988912103581,23679.044067771458,6384.476174222011,23180.96456965149,23641.92025387772,25052.591628825652,27259.753578202366,21823.962282541914,5204.169918205255,23329.142895852365,18760.630211977306,8468.597001283455,4392.657221245076,25509.044639738797,26287.34351601535,21800.168711478556,17945.2105551624,18996.440905053343,22519.44735526956,10524.93946557907,11348.315183061466,33170.12046183649,34256.01598058254,15693.837480515396,24181.51265028379,17351.899659180257,18379.44723229383,18890.21557114865,14920.795780083248,21811.369223705435],[10241.104682665744,18720.043210070886,6002.0634392472175,0.0,15448.519255473724,13099.084928005126,10113.479279141924,16841.068483891617,25153.384828688984,6383.177204884373,28356.905472830298,7799.085489055949,3887.209722265029,8262.642600570822,8336.375161696527,10955.725513560228,18696.743928894302,10212.169521426817,9868.402019817702,2919.6221614532305,10808.54763271022,11918.483561054023,19478.68745651299,10156.591979684676,17192.021224603504,17691.459301025312,19163.598318081375,21951.52465953766,17931.25261954529,3187.347197220166,17657.58685457631,13536.919676054682,6209.4273938712995,4073.3686474333686,19605.769792251645,21688.166043041307,16914.51177157419,15459.371058423776,14438.286126248118,16578.09373147494,5145.386266547168,5431.7270908116825,27188.04073552353,28385.52546201448,12015.774572781273,18242.504842404338,12464.851575640605,13762.045287714516,13343.654973554027,11322.625162200527,16969.66784525154],[14672.24836127155,26959.413239299523,18995.7989245447,15448.519255473724,0.0,25751.80587573168,23828.08401035994,27066.862566474265,24638.03857949122,20781.31475407061,23223.907718401657,21394.666330359134,13565.902013914672,10922.710491745913,22916.52200455238,11373.76830209775,6443.936228772067,25047.4311278686,10950.716947935218,13134.96976701283,10008.848644835247,26015.676155411133,29360.036124851755,24970.364554336178,15876.65081217408,15079.949534514139,14893.80250659042,11805.341761242726,2998.7391820502244,18633.804954385476,11577.162442341012,21841.19388861886,21222.70448490806,14612.778766738988,15398.734218167252,8359.363676719753,6142.635130251254,28820.087091207606,3901.2745080590403,18808.726379514548,17182.034580699546,12508.76050471926,25615.234868045936,21681.82445678234,3434.817097746972,19906.978801255438,5559.24264124455,23866.91201177333,8968.540354832672,24015.547734279866,5950.586295960828],[12367.18838847863,8785.61021898394,16451.879149488555,13099.084928005126,25751.80587573168,0.0,3377.9425366825153,5357.570372838051,21460.153735108997,14641.176086308782,27708.537326114652,16396.823339372786,12606.13049838661,21304.330046658833,5852.841614682513,15757.647921103182,26216.373625388005,5894.592499552993,15527.87596067474,13643.506450923302,16768.47137848274,17368.225874914373,7586.003249113172,14731.05680722253,17853.189813146728,19106.767727097285,21072.117559355207,27017.243760967947,27352.582980413703,11496.931541084434,21695.418768952703,7153.109284745576,7983.4861453935355,16996.61621890923,21245.587699173197,29109.862280060133,24295.576361208405,3243.2718657399196,23129.788267538934,14452.87908022198,8875.861155697748,13317.384882888164,23823.428011348646,29031.656285872654,22689.719855077834,15573.883035433857,20842.932992196653,4533.041214795342,19233.425686645478,1817.5461483724346,24463.783400052627],[11742.238787769793,11590.711230270865,13088.12030409087,10113.479279141924,23828.08401035994,3377.9425366825153,0.0,8465.01662067165,23054.969855280782,11265.026823245182,28684.161539461245,13027.736571566877,10320.136617848762,18375.727238230822,2485.951123666414,14805.023774810543,25052.76640421586,3146.376815452219,14336.72395554482,11112.381827349183,15604.826153453656,14218.902445157495,10865.36464081151,11567.842170930362,18146.78330575036,19267.191052273007,21193.36770535689,26512.47093036675,25701.90186420598,8211.448653256613,21290.094366476056,8523.866014954026,4622.6855802866185,13862.263537924235,21444.03949050278,28031.808428430963,23119.189436008688,5351.21427134539,21580.784208353223,15293.718290809184,6646.203736840966,11334.387642176927,25396.328309925037,29706.93999674901,20604.655896799355,16646.363077969385,19299.076250110404,6623.33197412128,18241.50379616092,2173.157477854659,23262.727473618404],[12514.062187611356,3638.882323697896,21104.96462493527,16841.068483891617,27066.862566474265,5357.570372838051,8465.01662067165,0.0,17437.564863122134,19542.943998132727,24383.962891616495,21352.01344379031,15230.187281977676,24641.296978156097,10915.827791234919,16013.75947302777,26230.26932001123,11241.735124521841,16180.035042722182,16569.581710742048,17271.30508228561,22659.879557510812,2637.7074447716373,20012.628885015016,15961.746799040675,17340.767202080522,19255.88730500694,25941.21680849368,28147.743414171124,15946.65769799738,20674.9919258814,5401.2428385437315,12788.972318179007,20904.38836188765,19300.45270565234,28895.499586590722,24399.729057504494,6795.61247375803,23897.231871081167,11982.195543075044,11882.126640022814,15409.304650462866,19769.56678261107,26105.620464955107,24389.224298801375,12625.978718829292,21704.185087402475,3292.847759451399,19288.013727971553,6345.3981863455465,24601.956660530894],[14954.934726215957,14115.793390187257,31110.566148675134,25153.384828688984,24638.03857949122,21460.153735108997,23054.969855280782,17437.564863122134,0.0,30812.687136222066,7751.554774701594,32548.33496529718,21435.098926460687,29362.26188484352,24697.04214781602,15636.492188339387,19843.986511667852,26179.12469620927,16765.640815158815,22854.795034668794,16688.967947890065,35691.87810542917,17458.1183159065,33219.7572984265,9106.181825027195,9608.827106547722,9862.636897548657,16042.660525152356,23735.744704696393,26519.774731474943,13198.228920308164,14548.415566500418,25313.497756006273,28425.226983633424,9405.105957677297,20998.43555153782,18944.246320637078,23965.84574116045,20761.171533258464,8597.016853206787,20900.080918079293,20212.7478229641,2363.368765535204,10271.063694649236,24009.84963552175,6942.773242292568,19761.561164605042,16928.780005823053,16103.309943643699,21179.872048326994,19181.84364011527],[16199.092045598138,22235.968967815432,2491.4174179432193,6383.177204884373,20781.31475407061,14641.176086308782,11265.026823245182,19542.943998132727,30812.687136222066,0.0,34548.65526683362,1841.941349221689,10186.244379102605,11116.16631059041,8791.162127834936,17299.780065161583,24776.021546782657,9485.969141757289,16233.7968195567,9294.480949364697,17191.3658969384,5552.826727861539,22055.6902268616,4204.702209357242,23332.290066354046,23929.96465105584,25471.17863007542,28282.37613598557,23515.727995538185,4295.736242596883,24040.217648998343,17749.71988096198,6754.034809506619,6288.028742989642,25899.46257574698,27713.45528415716,23067.05458084729,15854.151177855341,20406.633677743062,22229.62846175009,9925.941878640102,11779.473578953199,32955.784024890614,34693.77272689495,17402.609169150386,23872.60077810562,18593.98021813738,17029.57394386224,19716.189064973143,13238.705991083107,23101.269264727107],[18416.29535758222,21350.86251861081,34317.84104746713,28356.905472830298,23223.907718401657,27708.537326114652,28684.161539461245,24383.962891616495,7751.554774701594,34548.65526683362,0.0,36122.694477935824,24469.818475386008,30570.985035418307,29901.10643625821,17556.304389705838,17225.63784035838,31673.12922026381,18720.16080816676,25648.123179238464,18117.896297985735,39841.58085985861,24784.402859436566,37577.97616129819,11223.987291436746,10677.77449155623,9449.223180630504,12155.01732876459,21454.718572502778,30395.744713674594,12131.713162161988,20558.443005512683,30022.182441093624,30904.600348960328,8945.195220220246,17262.16964015574,17082.187547960326,30526.502836859207,19730.973829191636,13392.204059549771,25056.11645488562,22970.363014155468,6182.662699398653,2888.256164573127,23703.027563905584,12137.808535035841,19589.21863142047,23248.37847403762,16406.15918702366,27078.008582581304,17279.49834793952],[17842.544097788796,24072.413413516817,2401.0591916474486,7799.085489055949,21394.666330359134,16396.823339372786,13027.736571566877,21352.01344379031,32548.33496529718,1841.941349221689,36122.694477935824,0.0,11674.098407849446,11197.790704644685,10544.623671566089,18753.044229898485,25742.89041075179,11082.270920834893,17656.394528929828,10647.995341159165,18554.086420995307,4621.435355968568,23850.25682679645,4236.057523457031,24925.47798630261,25472.58852688374,26962.37057329,29470.226694619552,24215.404983808385,6072.855662142204,25394.30486025053,19586.774919335152,8566.681728215279,6785.411976149397,27403.005533136966,28631.133825007393,24094.758778890722,17473.64776282278,21330.554374888365,23956.204749567143,11694.275804767318,13230.592138001959,34671.42049778016,36184.59148622682,18084.458769222056,25605.67272257338,19632.611858245247,18866.038634414508,21004.24879856993,15033.16865580196,24113.297025894462],[6480.175376107743,16449.428471450625,9867.370074872248,3887.209722265029,13565.902013914672,12606.13049838661,10320.136617848762,15230.187281977676,21435.098926460687,10186.244379102605,24469.818475386008,11674.098407849446,0.0,9562.316784877727,9374.916687407585,7115.24373911441,15702.755397300583,11531.254120235453,6071.18665869435,1534.2249032331144,7108.681861818298,15661.089241168651,17817.232659820576,13702.152207462375,13313.693021817542,13804.84960222985,15294.546882584955,18451.075067379934,15641.571424052072,6359.449037916264,13923.111952629584,11021.581759617671,7877.803372765432,7066.413648779302,15730.85088203833,18731.591290754834,13828.528689121455,15483.351165347936,11730.346503473758,12919.189794234726,3741.8008207305284,1623.2205545858453,23416.36503687597,24518.386409401155,10291.69524610774,14579.293825794655,9547.010136864144,11960.278928824226,9755.494741009079,10799.914254663276,13919.67365393019],[15088.033734520519,26011.442911643277,8865.77226450635,8262.642600570822,10922.710491745913,21304.330046658833,18375.727238230822,24641.296978156097,29362.26188484352,11116.16631059041,30570.985035418307,11197.790704644685,9562.316784877727,0.0,16534.475111734824,13728.235200659215,16450.790084171764,18273.05164483802,12598.04253790896,8112.793177787549,12760.167545989209,15726.221633645906,27260.38477059325,15231.912310545164,20400.029637303207,20332.695941174847,21165.699901375847,21178.26222944695,13907.437518476425,10756.390822514053,18553.199028332565,20580.76058605939,14312.34505214342,5039.6998470135595,21686.63890640156,18984.617121232994,15220.996153414644,23721.919662665536,12143.376991520929,21373.78939193593,12774.714178864191,9965.104520392608,31023.484239065045,29810.77210209511,8095.983480857435,22946.030802680747,11289.180395088419,21418.219003850747,14165.246243428668,19506.111055096866,15154.113222903632],[12190.894321980471,13930.063844320557,10680.655782707903,8336.375161696527,22916.52200455238,5852.841614682513,2485.951123666414,10915.827791234919,24697.04214781602,8791.162127834936,29901.10643625821,10544.623671566089,9374.916687407585,16534.475111734824,0.0,14880.156083232318,24766.628274224513,2182.9783877168065,14234.876197304678,9861.191726880978,15486.328988981706,11855.182751137972,13345.274220622952,9206.432306925966,19040.4302447431,20049.863558424342,21917.714673374994,26720.16371956815,25007.597528057362,6003.75058040294,21637.126249655445,10352.424535574863,2306.392681654149,11813.801581924987,22217.905261328877,27784.266996050872,22845.930319012125,7380.742878538274,21020.80412873713,16598.046369470383,6075.987963295465,10647.69809870246,27007.600073167763,30719.443185061442,19585.849707666497,18061.298402287972,18779.558897611965,8830.87574567598,18196.484715151684,4574.126144808492,22967.72733288201],[3521.023447341433,15607.569980760612,16825.821550003486,10955.725513560228,11373.76830209775,15757.647921103182,14805.023774810543,16013.75947302777,15636.492188339387,17299.780065161583,17556.304389705838,18753.044229898485,7115.24373911441,13728.235200659215,14880.156083232318,0.0,10468.594131516791,17021.094322855555,1177.7074785523146,8140.657258203107,1377.4797435008713,22771.40586594729,18156.252252295104,20752.17832184127,6728.46163868309,6905.344903193729,8226.787178424738,11844.403318869727,12148.036936438077,13397.494444905098,6920.120432851993,10653.306336859187,14097.387965070206,13361.04808084016,8685.63250929736,13353.988167277068,8559.73568718538,18992.429137237545,7921.123503511896,8016.001120952425,8917.977390623802,5525.397077650986,17316.82227219309,17438.02686657164,9367.169093611463,9444.8688547198,5831.6501775055285,12972.863256040004,3478.116344888234,14250.401691967449,8738.674251662067],[13944.494610572416,25260.803466656573,23419.663866492097,18696.743928894302,6443.936228772067,26216.373625388005,25052.76640421586,26230.26932001123,19843.986511667852,24776.021546782657,17225.63784035838,25742.89041075179,15702.755397300583,16450.790084171764,24766.628274224513,10468.594131516791,0.0,26948.65109381058,10738.87566838757,15899.314165726351,9476.708928541477,30271.485762916658,28165.20312804908,28800.009568669997,12083.300189261228,10914.635476280884,10035.941722664738,5393.4094684945285,4232.840327719593,21770.52175466966,6826.305568294042,20829.459958878164,23541.881111111477,19099.862716714557,10458.494419406938,3029.7463357959873,1933.7381747930356,29444.690865454788,4437.509889931776,15848.805700695037,18694.275379875362,14218.679490473436,20418.03052469001,15439.33203859994,8367.407830577133,16500.912416841544,6234.036927755239,23331.618579734466,7014.687461032534,24672.75315244887,1798.9124159978114],[14241.626835573572,14557.129951385794,11660.37312243225,10212.169521426817,25047.4311278686,5894.592499552993,3146.376815452219,11241.735124521841,26179.12469620927,9485.969141757289,31673.12922026381,11082.270920834893,11531.254120235453,18273.05164483802,2182.9783877168065,17021.094322855555,26948.65109381058,0.0,16398.60174541181,11950.19851519421,17653.42458978549,11512.408408853014,13450.106787651028,8896.320548461183,20957.107523457256,22012.69038858231,23904.936556417197,28851.505281147784,27171.16379974842,7544.724946973647,23735.04722294771,11663.582682870652,4002.8114267269175,13405.902958160465,24187.37305295338,29965.529380048392,25027.291537436213,6392.459647700203,23198.449511366773,18303.824962464838,8255.98681693579,12825.88869202717,28515.27858090652,32596.956240836345,21698.29671777351,19701.41045999803,20960.12113949194,9725.241590563357,20358.51905702809,5227.601792665597,25149.739528857222],[3721.742023114428,16032.931076757342,15697.673555214076,9868.402019817702,10950.716947935218,15527.87596067474,14336.72395554482,16180.035042722182,16765.640815158815,16233.7968195567,18720.16080816676,17656.394528929828,6071.18665869435,12598.04253790896,14234.876197304678,1177.7074785523146,10738.87566838757,16398.60174541181,0.0,7020.648020173845,1268.1153849526158,21729.10853682595,18421.410550582335,19758.4934835604,7899.635630928977,8078.991281454758,9363.308210610925,12591.959700435951,12006.055520123113,12403.751811416427,7861.354083029262,10898.641096377269,13310.47952298388,12189.866927987885,9830.552764194563,13698.88915944163,8806.743809387282,18739.645801352322,7744.447379498263,8978.026339298762,8194.252744587273,4458.09917883565,18473.051260522687,18558.35597195272,8668.068617470208,10462.612316539087,5524.661443255131,13046.917606755653,3962.125879086051,13946.726575875857,8962.627951364935],[7915.557735840887,17913.829431541028,8685.985981014675,2919.6221614532305,13134.96976701283,13643.506450923302,11112.381827349183,16569.581710742048,22854.795034668794,9294.480949364697,25648.123179238464,10647.995341159165,1534.2249032331144,8112.793177787549,9861.191726880978,8140.657258203107,15899.314165726351,11950.19851519421,7020.648020173845,0.0,7910.7233463044095,14836.172761738208,19176.19751634392,13054.087029291028,14567.55659050125,14970.403356338687,16367.322494019256,19036.88214879457,15424.448814226735,5872.523689848805,14757.73627029992,12506.393378245446,8087.755922301835,5584.740765171239,16823.05927938285,18909.789720781468,14083.459660496623,16388.26570244217,11729.951828315772,14378.612820131964,4810.849423661356,2696.2901079227468,24800.655458322464,25575.7418296276,9756.282036177725,16033.759504117237,9669.032267927341,13323.84887166662,10424.850749274461,11826.268668428307,14149.777097081917],[4758.193669157087,16957.648288920824,16522.64695767234,10808.54763271022,10008.848644835247,16768.47137848274,15604.826153453656,17271.30508228561,16688.967947890065,17191.3658969384,18117.896297985735,18554.086420995307,7108.681861818298,12760.167545989209,15486.328988981706,1377.4797435008713,9476.708928541477,17653.42458978549,1268.1153849526158,7910.7233463044095,0.0,22715.455334427035,19457.120130692838,20809.123384685405,7648.08759965076,7609.777688504728,8682.977524852802,11408.098647018178,10877.32232791327,13467.42275646149,6849.089134194689,11940.296287797475,14518.600943398853,12831.91175649204,9176.265576996882,12431.767590859301,7545.894917613131,19986.246220447287,6626.914289743903,9312.811636032791,9433.417294659135,5485.708233247885,18274.53697678289,17788.523726268966,8006.4298388214775,10691.211793730285,4483.299259386183,14181.469324479396,2726.5381929943537,15200.70314121572,7705.131820208052],[21428.171646999606,25781.89877587346,7021.988912103581,11918.483561054023,26015.676155411133,17368.225874914373,14218.902445157495,22659.879557510812,35691.87810542917,5552.826727861539,39841.58085985861,4621.435355968568,15661.089241168651,15726.221633645906,11855.182751137972,22771.40586594729,30271.485762916658,11512.408408853014,21729.10853682595,14836.172761738208,22715.455334427035,0.0,24949.511942219287,2651.6107169648076,28619.344974513944,29291.931719742468,30890.761792678597,33835.16277214535,28829.929670527497,9454.101228557378,29560.66540418073,21937.425473444786,10536.767320527237,11404.468632549351,31304.903363241356,33185.14920140606,28586.99269315722,17598.071340800503,25877.806277427986,27187.863941014217,14881.337230332234,17271.16240994849,37904.05253790082,40100.76091016765,22698.916963085616,28796.038651653256,24115.166789684146,20676.18051106398,25260.91934024454,16383.219201947526,28615.317266339553],[14711.632348957888,3458.317221192709,23679.044067771458,19478.68745651299,29360.036124851755,7586.003249113172,10865.36464081151,2637.7074447716373,17458.1183159065,22055.6902268616,24784.402859436566,23850.25682679645,17817.232659820576,27260.38477059325,13345.274220622952,18156.252252295104,28165.20312804908,13450.106787651028,18421.410550582335,19176.19751634392,19457.120130692838,24949.511942219287,0.0,22315.496008295533,17332.874534070565,18731.503652858864,20579.70838176156,27482.037320669704,30301.73885257021,18541.084658735537,22309.978416828864,7523.059888366297,15307.666418358533,23541.418562731327,20563.058685946948,30731.541255376273,26380.729377370033,8189.650986099607,26075.06280026494,13225.299645922662,14511.430280650837,17933.810424995852,19712.16320813741,26732.315175298518,26781.891815402116,13572.259756548236,23926.361024839247,5857.065996047771,21316.482369430938,8817.624789406906,26591.60882157369],[19170.990940570682,23131.10155587428,6384.476174222011,10156.591979684676,24970.364554336178,14731.05680722253,11567.842170930362,20012.628885015016,33219.7572984265,4204.702209357242,37577.97616129819,4236.057523457031,13702.152207462375,15231.912310545164,9206.432306925966,20752.17832184127,28800.009568669997,8896.320548461183,19758.4934835604,13054.087029291028,20809.123384685405,2651.6107169648076,22315.496008295533,0.0,26374.517513656552,27110.569339672118,28768.280075340594,32082.82648800636,27680.17371521607,7356.120388377769,27619.130360370847,19338.19314485654,7962.951288447057,10486.786844033262,29164.43513625636,31765.759784946804,27048.112265872824,15068.794192840543,24471.78908311,24763.559027419906,12533.62076345397,15325.273181754885,35454.177455659694,37945.32939613868,21579.95669661311,26353.572260159268,22583.400438674555,18031.516288436094,23425.850239732714,13731.657179573602,27095.086122247023],[7203.528974875951,14062.014529680697,23180.96456965149,17192.021224603504,15876.65081217408,17853.189813146728,18146.78330575036,15961.746799040675,9106.181825027195,23332.290066354046,11223.987291436746,24925.47798630261,13313.693021817542,20400.029637303207,19040.4302447431,6728.46163868309,12083.300189261228,20957.107523457256,7899.635630928977,14567.55659050125,7648.08759965076,28619.344974513944,17332.874534070565,26374.517513656552,0.0,1399.933893819015,3298.7708481704703,10208.417606729596,15445.079429397569,19171.873697389714,5371.740438237642,10976.608732793471,18938.697127565258,19986.40212594331,3402.5731937791616,14083.003691248676,10726.471159906801,20970.16580564728,11976.730127990713,4136.108940881442,13879.53002531727,11871.82783559784,10626.554825726587,11697.740417114235,14951.917315598641,4436.549190045216,10737.920690057308,13806.143761238241,7066.677049823537,16850.72683319737,10968.370836120132],[8003.472643066351,15461.482009104258,23641.92025387772,17691.459301025312,15079.949534514139,19106.767727097285,19267.191052273007,17340.767202080522,9608.827106547722,23929.96465105584,10677.77449155623,25472.58852688374,13804.84960222985,20332.695941174847,20049.863558424342,6905.344903193729,10914.635476280884,22012.69038858231,8078.991281454758,14970.403356338687,7609.777688504728,29291.931719742468,18731.503652858864,27110.569339672118,1399.933893819015,0.0,1966.5696277284585,8815.188447632852,14441.014612168809,19838.7953069894,4115.345067620665,12306.224222215791,19826.58712834746,20266.13152698935,2177.3532559991913,12790.983752066195,9669.701047136577,22249.112163439626,11185.658717191007,5534.301518178465,14696.342601847933,12293.700197854534,10872.680116069905,10839.312829011731,14428.495953836487,5733.182733127483,10168.20596027418,15129.545460518599,6534.559839246586,18048.008156525044,9912.193473151601],[9789.226188477029,17266.741446923716,25052.591628825652,19163.598318081375,14893.80250659042,21072.117559355207,21193.36770535689,19255.88730500694,9862.636897548657,25471.17863007542,9449.223180630504,26962.37057329,15294.546882584955,21165.699901375847,21917.714673374994,8226.787178424738,10035.941722664738,23904.936556417197,9363.308210610925,16367.322494019256,8682.977524852802,30890.761792678597,20579.70838176156,28768.280075340594,3298.7708481704703,1966.5696277284585,0.0,7167.234373141257,13873.140931012327,21453.561236749756,3344.7387530616115,14262.951091804953,21615.56827076216,21502.816693806966,530.4685299308716,11544.93492555777,9083.503106866303,24215.678363110474,11079.730468346794,7354.433724703149,16448.54138068598,13733.76689565291,10722.099753345383,9223.86600798799,14695.96703289514,7301.1973895637675,10454.038742230696,17088.910321326464,7037.103618505617,20002.539795508586,9320.438478629163],[14788.06338349191,24258.360702177117,27259.753578202366,21951.52465953766,11805.341761242726,27017.243760967947,26512.47093036675,25941.21680849368,16042.660525152356,28282.37613598557,12155.01732876459,29470.226694619552,18451.075067379934,21178.26222944695,26720.16371956815,11844.403318869727,5393.4094684945285,28851.505281147784,12591.959700435951,19036.88214879457,11408.098647018178,33835.16277214535,27482.037320669704,32082.82648800636,10208.417606729596,8815.188447632852,7167.234373141257,0.0,9556.516824171542,24792.93149417929,5332.803921464213,20700.975202706883,25900.40249574618,23122.566957321742,7371.102761887621,5155.862857717246,6011.453742773692,30246.357739203097,9092.462203882442,14342.89910951102,20751.587662549246,16841.106059320526,16152.825466297674,10139.084539701942,13289.987612315688,14454.8580893941,10055.893141622859,23450.67819169328,8703.800787633047,25702.122443568875,6119.920687284641],[15633.68159329592,27662.17071232089,21823.962282541914,17931.25261954529,2998.7391820502244,27352.582980413703,25701.90186420598,28147.743414171124,23735.744704696393,23515.727995538185,21454.718572502778,24215.404983808385,15641.571424052072,13907.437518476425,25007.597528057362,12148.036936438077,4232.840327719593,27171.16379974842,12006.055520123113,15424.448814226735,10877.32232791327,28829.929670527497,30301.73885257021,27680.17371521607,15445.079429397569,14441.014612168809,13873.140931012327,9556.516824171542,0.0,21113.468375094362,10543.273979935897,22800.859337832077,23460.91780205038,17431.534129196632,14337.578786107671,5499.3533732210335,4797.794296047621,30502.505040726464,4261.740114112758,18839.08172619031,19091.028209991284,14400.745490532332,24460.603697656148,19658.044881370413,6131.074269310226,19730.556167550923,6522.447368547571,25048.975848123395,9127.850655867242,25677.279771672987,4557.979875950209],[11993.283271276734,18351.722374864054,5204.169918205255,3187.347197220166,18633.804954385476,11496.931541084434,8211.448653256613,15946.65769799738,26519.774731474943,4295.736242596883,30395.744713674594,6072.855662142204,6359.449037916264,10756.390822514053,6003.75058040294,13397.494444905098,21770.52175466966,7544.724946973647,12403.751811416427,5872.523689848805,13467.42275646149,9454.101228557378,18541.084658735537,7356.120388377769,19171.873697389714,19838.7953069894,21453.561236749756,24792.93149417929,21113.468375094362,0.0,20264.99222729912,13616.883921948518,3699.1988778912046,5863.794434855186,21861.18671105637,24777.886730101116,19955.182527636047,13379.462052873934,17566.263602368446,17941.185410348928,5630.515705488838,7981.838006113762,28670.447017014285,30654.435471113076,15200.188488992455,19581.21495129533,15538.299279134762,13176.959392571405,16108.452104610285,9867.682241737026,20022.280419686165],[9548.097275735881,19171.19691313988,23329.142895852365,17657.58685457631,11577.162442341012,21695.418768952703,21290.094366476056,20674.9919258814,13198.228920308164,24040.217648998343,12131.713162161988,25394.30486025053,13923.111952629584,18553.199028332565,21637.126249655445,6920.120432851993,6826.305568294042,23735.04722294771,7861.354083029262,14757.73627029992,6849.089134194689,29560.66540418073,22309.978416828864,27619.130360370847,5371.740438237642,4115.345067620665,3344.7387530616115,5332.803921464213,10543.273979935897,20264.99222729912,0.0,15393.829316217447,20987.796886125787,19485.23790904443,3833.0613844936406,8712.973409632,5747.44383033261,24920.67585844345,7810.439778601098,9374.892234906565,15787.345747145322,12302.555843608185,14045.669944035606,11270.192435807683,11605.849797332627,9805.628761312488,7457.507134901852,18127.825128824523,4508.970955099225,20406.425697749863,5986.013667781021],[7189.564798225018,5461.571683807111,18760.630211977306,13536.919676054682,21841.19388861886,7153.109284745576,8523.866014954026,5401.2428385437315,14548.415566500418,17749.71988096198,20558.443005512683,19586.774919335152,11021.581759617671,20580.76058605939,10352.424535574863,10653.306336859187,20829.459958878164,11663.582682870652,10898.641096377269,12506.393378245446,11940.296287797475,21937.425473444786,7523.059888366297,19338.19314485654,10976.608732793471,12306.224222215791,14262.951091804953,20700.975202706883,22800.859337832077,13616.883921948518,15393.829316217447,0.0,11406.346738398866,17544.187433272615,14375.048534640586,23507.69645040865,18999.104110850152,10095.790158235875,18563.77417471679,7334.715563444345,8405.586128101057,10809.739402146894,16898.641300222862,21898.917640550007,19321.776400058825,8421.677448114662,16404.61091484411,2832.5762878630107,13890.958022341554,6640.804075343912,19201.93829801752],[11830.274806492498,15552.654247632132,8468.597001283455,6209.4273938712995,21222.70448490806,7983.4861453935355,4622.6855802866185,12788.972318179007,25313.497756006273,6754.034809506619,30022.182441093624,8566.681728215279,7877.803372765432,14312.34505214342,2306.392681654149,14097.387965070206,23541.881111111477,4002.8114267269175,13310.47952298388,8087.755922301835,14518.600943398853,10536.767320527237,15307.666418358533,7962.951288447057,18938.697127565258,19826.58712834746,21615.56827076216,25900.40249574618,23460.91780205038,3699.1988778912046,20987.796886125787,11406.346738398866,0.0,9529.902601046051,21959.72394695673,26571.37268377975,21647.03877467836,9686.639005333102,19606.747541646997,16946.51996961374,5207.616642807916,9323.415897815847,27573.27678203749,30627.57453822972,17838.122784359253,18500.210896038738,17421.186652965232,10355.959087148665,17244.64218117919,6496.456082655597,21749.900469683947],[13498.92848344312,22777.535717223785,4392.657221245076,4073.3686474333686,14612.778766738988,16996.61621890923,13862.263537924235,20904.38836188765,28425.226983633424,6288.028742989642,30904.600348960328,6785.411976149397,7066.413648779302,5039.6998470135595,11813.801581924987,13361.04808084016,19099.862716714557,13405.902958160465,12189.866927987885,5584.740765171239,12831.91175649204,11404.468632549351,23541.418562731327,10486.786844033262,19986.40212594331,20266.13152698935,21502.816693806966,23122.566957321742,17431.534129196632,5863.794434855186,19485.23790904443,17544.187433272615,9529.902601046051,0.0,21986.44403937399,21935.86421274681,17529.407439638147,19143.997370714085,14665.812197262778,19963.352837314724,9194.060100090614,8215.544666148535,30343.14664691629,30611.013723142994,11301.213414356376,21618.19047196641,13120.540043619014,17835.409928592086,14986.427264065713,15256.559810616734,17528.19143570611],[10129.466931062712,17223.50804958767,25509.044639738797,19605.769792251645,15398.734218167252,21245.587699173197,21444.03949050278,19300.45270565234,9405.105957677297,25899.46257574698,8945.195220220246,27403.005533136966,15730.85088203833,21686.63890640156,22217.905261328877,8685.63250929736,10458.494419406938,24187.37305295338,9830.552764194563,16823.05927938285,9176.265576996882,31304.903363241356,20563.058685946948,29164.43513625636,3402.5731937791616,2177.3532559991913,530.4685299308716,7371.102761887621,14337.578786107671,21861.18671105637,3833.0613844936406,14375.048534640586,21959.72394695673,21986.44403937399,0.0,11878.014763015677,9555.163960407093,24370.6170725574,11594.05971636921,7348.975672499928,16807.366067567542,14179.319474888345,10216.911348236214,8796.837266609302,15224.60183801708,7175.91078509994,10983.92517263905,17205.859261996546,7564.659110675413,20211.563667335267,9790.68003460205],[16778.66609233871,27718.70173867512,26287.34351601535,21688.166043041307,8359.363676719753,29109.862280060133,28031.808428430963,28895.499586590722,20998.43555153782,27713.45528415716,17262.16964015574,28631.133825007393,18731.591290754834,18984.617121232994,27784.266996050872,13353.988167277068,3029.7463357959873,29965.529380048392,13698.88915944163,18909.789720781468,12431.767590859301,33185.14920140606,30731.541255376273,31765.759784946804,14083.003691248676,12790.983752066195,11544.93492555777,5155.862857717246,5499.3533732210335,24777.886730101116,8712.973409632,23507.69645040865,26571.37268377975,21935.86421274681,11878.014763015677,0.0,4938.387605644852,32346.127541815247,7308.272807170526,18058.199040709096,21709.79362971052,17248.054997409523,21249.53560542097,15085.482016327342,10909.378006505227,18512.061189243213,9240.806553664097,26082.05872346812,9876.664757966979,27597.209951423192,4823.220414956428],[12051.762647595127,23536.816422440002,21800.168711478556,16914.51177157419,6142.635130251254,24295.576361208405,23119.189436008688,24399.729057504494,18944.246320637078,23067.05458084729,17082.187547960326,24094.758778890722,13828.528689121455,15220.996153414644,22845.930319012125,8559.73568718538,1933.7381747930356,25027.291537436213,8806.743809387282,14083.459660496623,7545.894917613131,28586.99269315722,26380.729377370033,27048.112265872824,10726.471159906801,9669.701047136577,9083.503106866303,6011.453742773692,4797.794296047621,19955.182527636047,5747.44383033261,18999.104110850152,21647.03877467836,17529.407439638147,9555.163960407093,4938.387605644852,0.0,27521.335430352654,3088.279151652153,14307.494765925017,16771.70315408271,12324.76792006932,19720.4217321024,15577.047413790024,7278.6780845474,15080.755974201833,4473.082653415217,21464.852797071697,5130.218571050983,22744.707603409206,242.5281263377655],[15610.293047134992,10432.154357142896,17945.2105551624,15459.371058423776,28820.087091207606,3243.2718657399196,5351.21427134539,6795.61247375803,23965.84574116045,15854.151177855341,30526.502836859207,17473.64776282278,15483.351165347936,23721.919662665536,7380.742878538274,18992.429137237545,29444.690865454788,6392.459647700203,18739.645801352322,16388.26570244217,19986.246220447287,17598.071340800503,8189.650986099607,15068.794192840543,20970.16580564728,22249.112163439626,24215.678363110474,30246.357739203097,30502.505040726464,13379.462052873934,24920.67585844345,10095.790158235875,9686.639005333102,19143.997370714085,24370.6170725574,32346.127541815247,27521.335430352654,0.0,26297.142911777955,17429.506966250276,11745.761504871138,16328.760713275455,26322.08880926805,31975.945206324606,25691.900666335787,18441.265955348335,24007.53141887749,7304.574512285447,22469.477091335364,4825.227057685075,27687.186900028028],[11385.09296140519,23496.90841464026,18996.440905053343,14438.286126248118,3901.2745080590403,23129.788267538934,21580.784208353223,23897.231871081167,20761.171533258464,20406.633677743062,19730.973829191636,21330.554374888365,11730.346503473758,12143.376991520929,21020.80412873713,7921.123503511896,4437.509889931776,23198.449511366773,7744.447379498263,11729.951828315772,6626.914289743903,25877.806277427986,26075.06280026494,24471.78908311,11976.730127990713,11185.658717191007,11079.730468346794,9092.462203882442,4261.740114112758,17566.263602368446,7810.439778601098,18563.77417471679,19606.747541646997,14665.812197262778,11594.05971636921,7308.272807170526,3088.279151652153,26297.142911777955,0.0,14997.532719965695,