{"problem":"50.30.3","tabu_size":4,"reset_after":250,"iterations":5866,"solution":{"truck_routes":[[[0,27,40,23,18,44,17,2,0],[0,45,28,30,16,20,25,15,46,0]],[[0,7,36,26,13,10,3,11,0],[0,8,41,48,29,6,43,12,0]],[[0,4,9,39,34,31,49,35,0],[0,24,47,19,33,32,5,37,1,0]]],"drone_routes":[[[0,14,50,0],[0,22,21,0]],[[0,42,38,0]],[]],"truck_working_time":[8701.43730831771,8908.103012671027,8836.20641055519],"drone_working_time":[1091.1297914305533,683.1771471723914,-0.0],"working_time":8908.103012671027,"energy_violation":0.0,"capacity_violation":0.0,"waiting_time_violation":0.0,"fixed_time_violation":0.0,"feasible":true},"config":{"customers_count":50,"trucks_count":3,"drones_count":3,"x":[0.0,10965.19557476187,801.5517489401377,14663.447253797094,-618.8033236093183,23501.723798009763,-10988.26423663678,7959.243883932019,-14974.694471178243,-3470.037005611359,17957.01727114593,13099.477098918574,-7997.587338424593,20796.01944127512,6819.26688354825,-19619.782459986138,-22651.861291818044,-1532.2651176543652,5526.886859899239,21866.758302099708,-23527.918800595588,-5211.657787499711,1983.204696503712,7631.886152368922,14961.879396277076,-21881.942104397647,16901.52925772436,10858.123114771115,-17897.416068563958,-13612.089964113107,-20695.235946493216,-15582.737478842158,21333.638093336478,19902.9046210472,-13807.914782626818,-3367.313780347128,13377.57399079644,22596.017346955723,4908.773033703639,-11799.83382231272,10828.111727254964,-24126.867033333714,7963.308884917205,-8268.940527412704,6810.9770525118365,-15651.58905951808,-14930.567057749062,17294.57256877514,-20818.68157297349,-8631.409303437444,1393.8557655420734],"y":[0.0,1494.0525567762913,-11207.465884237892,12652.62695151963,14618.970524736082,-774.0065463038197,-16366.262137133901,18036.599922529276,-8561.91288641101,19775.883685329372,20262.851289101643,7935.912875146341,-10428.321050339102,22056.378363068354,-1921.1174077117685,-5489.877296653705,15816.78679803834,-23357.797598757963,-13235.46145477154,-13137.616049315146,11054.965656934026,646.1796639534713,-1835.0675193267207,-13172.998202178875,-19067.903605352996,3192.4579050106863,23141.607403860973,-9773.75099123224,17341.94974419562,-23928.37949193725,19580.574592345383,17736.502590859043,-6547.377560023232,-11886.205260740026,20535.073078846246,6383.041535721784,18580.341539580928,3980.246080688361,401.5403048024679,20325.371468274596,-12756.269903832152,-13964.632362533877,6070.898620930228,-15690.204011890908,-15374.153947984716,13757.958503338445,-2167.1333723261287,-22186.46781475552,-20662.522553388877,10310.097199934555,3535.77772948905],"demands":[0.0,0.21373104195453588,0.05768256555401123,0.6005506208064818,0.7082782977527976,0.4588983285871184,22.00323402051076,0.7300410866723457,0.6842508036036004,0.055200844193995825,0.2992757760955477,0.14805327882475644,1.1115180229950299,0.03873253880803147,0.10995353788664734,1.1114792994753773,0.6795043842777412,0.9163433133733314,0.9232441346736975,0.5120277694863206,21.346659254816906,0.4853369701810273,0.32994550496130387,0.7654841259815323,0.758255048479532,0.3573513597684617,1.109380770758489,0.20516823892931518,20.008066298798713,0.207791121375824,0.018230065244816636,0.9679196761995629,0.8259462213362978,0.7294427381495205,20.36535706068231,25.24322177958497,0.19896273200170894,1.1155219831315684,0.491175379204457,0.8087632883018612,11.124428962824673,19.761759056652192,0.8717004707289012,1.1213425846427423,0.34738715057271924,0.8631652739696202,0.22631062376694414,0.564145642125487,0.6481409186914571,0.734869050720342,0.04437342645911878],"dronable":[true,true,true,true,true,true,false,true,true,true,true,true,true,true,true,true,true,true,true,true,false,true,true,true,true,true,true,true,false,true,true,true,true,true,false,false,true,true,true,true,false,false,true,true,true,true,true,true,true,true,true],"distances":[[0.0,11066.512866986921,11236.092592738154,19367.64451706016,14632.061261367528,23514.465922313855,19712.850815534865,19714.677272765395,17249.57468402126,20078.016145924095,27074.667341270906,15315.841910486202,13141.966487732154,30314.324190005005,7084.708386607811,20373.3800953473,27627.4784335879,23408.001731359378,14343.079107460504,25509.84269064922,25995.67711684791,5251.564057698754,2701.9573772956346,15224.111398611361,24237.218961171562,22113.597123387135,28656.512078132353,14609.074098454701,24921.089921219293,27529.190658304356,28490.2034434194,23609.430986155967,22315.740346467403,23182.05098465073,24745.66097314517,7216.787466876462,22895.16493949563,22943.895894262572,4925.168759829137,23502.272306258947,16732.316798259897,27876.812405023888,10013.49581625787,17735.779638365093,16815.291196591777,20838.753855919713,15087.02421683584,28130.79441522781,29331.848572944906,13446.164168102545,3800.5996957698167],[11066.512866986921,0.0,16267.397656834592,11755.460348472472,17505.78481940009,12740.040501794158,28300.975931161807,16813.435666626374,27820.861535726028,23293.803662399176,20028.81365654403,6786.215586447821,22399.33320972475,22791.540984727446,5371.416070178297,31372.219519562987,36541.034858316314,27817.27844185367,15701.394355105365,18246.363914395748,35793.6586369745,16199.057785763269,9579.102286656349,15041.054805803378,20946.778338983015,32891.01753428392,22446.752291879875,11268.312265295193,32927.28649822911,35360.189701567644,36462.38066082917,31122.49881562077,13121.326098544923,16090.803033387027,31245.278992213334,15143.415653363592,17255.748051766997,11893.576978137438,6154.1723258738175,29544.291079601557,14250.981798197932,38346.105376230946,5473.467236919204,25792.453652468917,17372.216963239516,29306.25553245866,26153.294337937754,24511.794267227313,38744.40175244321,21488.358846185176,9786.68418947115],[11236.092592738154,16267.397656834592,0.0,27594.495413370783,25865.463964887498,24983.09197864999,12869.069109794185,30107.27389867527,15996.527606393529,31276.419568710462,35842.58445305222,22753.19578078837,8833.567532485446,38810.592270781905,11065.675011890173,21206.64306601909,35782.29752679277,12372.439611478134,5142.135543231719,21153.449051798256,32977.85613629383,13291.636532469885,9446.594878530323,7107.516117149035,16195.720430022991,26868.172593806605,37935.05122620167,10158.256052614432,34128.002141424826,19224.32600760867,37550.17067351712,33259.5586950132,21054.286804430787,19113.408086627755,34943.172325361214,18077.75957061428,32333.72552840424,26564.36194288598,12314.150046965959,33957.54334187599,10145.476769962856,25080.431215859564,18703.813655192676,10117.745364284012,7312.624829688589,29899.469181153443,18144.618322624283,19813.08202056966,23597.300386078936,23494.388166049637,14755.136607357557],[19367.64451706016,11755.460348472472,27594.495413370783,0.0,15408.23447895859,16074.50214958008,38731.20481379365,8598.459616528571,36448.26670014461,19482.40328814646,8292.352978950234,4969.244844401277,32345.82893441401,11226.708433233383,16550.685494239395,38787.75966723287,37449.22107853219,39484.829688248894,27453.048230812008,26777.30987423318,38224.76896873066,23220.13300719198,19253.099552861255,26765.757342217366,31721.934375966972,37749.97061893664,10725.097761134948,22746.932088398236,32896.80179822026,46235.00878530963,36030.9996554705,30670.465963157596,20325.639450682513,25091.95488288355,29542.366410958468,19089.684249782622,6065.580787197106,11753.121213177155,15660.229665159048,27553.153244820915,25696.72815762859,47044.30864499927,9392.07122949031,36458.33891400215,29106.042943878416,30335.180640916973,33097.29564674781,34938.307694515184,48671.148051119046,23412.342635011864,16099.658319430562],[14632.061261367528,17505.78481940009,25865.463964887498,15408.23447895859,0.0,28613.695527392505,32674.307379606664,9233.801199693875,27266.18723551282,5892.6468463062665,19414.28599899849,15259.570023393582,26111.55431574547,22669.575854106733,18135.583729775895,27665.917097483685,22065.593290347617,37987.75236250249,28524.356061665796,35721.54223807196,23184.68681340355,14708.269665927666,16658.505746080547,28990.81583099788,37115.53802215766,24138.89519965254,19483.259304694428,26957.83194968727,17491.85736906511,40678.295085096914,20680.441527803847,15285.2324674978,30494.654866216002,33521.11036921014,14455.204270750917,8682.4441284055,14546.16919482463,25536.451526452776,15254.16082400493,12553.025720572427,29672.135964632205,37008.80183682807,12112.893264302093,31259.729050788883,30899.662653069823,15057.423042563863,22059.008709024183,40933.23010982616,40654.874678332424,9097.705420443312,11264.455563663938],[23514.465922313855,12740.040501794158,24983.09197864999,16074.50214958008,28613.695527392505,0.0,37850.72930657788,24400.975341260757,39256.67138191655,33908.31563761205,21755.301837853378,13567.219048755283,32945.59743900122,22990.156832352004,16721.848941765526,43378.60923188277,49044.957339553715,33715.40032878896,21871.959706149715,12471.245010654246,48494.451912951125,28748.481889429906,21544.663253584473,20139.184218370377,20188.997300829313,45556.66768964647,24809.65857449332,15519.537309830237,45189.34226132772,43744.25857726957,48658.81445316019,43246.20286012087,6167.042117973913,11680.43063151317,42966.1029823361,27805.907962797784,21842.371646606698,4839.754355000155,18630.075912970875,41126.43581716052,17441.18912486038,49421.40501850722,16979.25395180379,35097.97798322659,22175.331588798377,41763.14063769007,38457.532198192675,22293.995244359707,48578.301753070366,33991.1105845734,22524.03315227711],[19712.850815534865,28300.975931161807,12869.069109794185,38731.20481379365,32674.307379606664,37850.72930657788,0.0,39275.50103913676,8763.532007251713,36915.829197642735,46685.34322415138,34217.17394783093,6648.555682232485,49865.218258078035,22929.68318251062,13885.202700653652,34231.39107645677,11759.995214681976,16809.28697637397,33013.280079102566,30152.390789414632,17966.423074824797,19478.568307347883,18891.980707894916,26090.3971068219,22387.848203289464,48360.23507827872,22819.41812397048,34409.00939104798,8004.378822618571,37234.397680529146,34410.866691587136,33780.406518675176,31214.343225665805,37008.90392761772,23991.867444136704,42602.33774175808,39266.835448555554,23105.735060941028,36700.60792174887,22113.034710829997,13356.298477632861,29369.85370519949,2802.1020724190716,17826.869302496994,30483.032454130298,14736.24813895794,28875.485310058117,10728.231847365565,26780.270959356352,23439.455765887717],[19714.677272765395,16813.435666626374,30107.27389867527,8598.459616528571,9233.801199693875,24400.975341260757,39275.50103913676,0.0,35120.455750507535,11560.863707336988,10242.639691468603,11333.396504738568,32632.37945125082,13451.44696382601,19990.24833750716,36250.48723014999,30691.486285100214,42468.634181917674,31366.513728465758,34135.768612274456,32251.89344736897,21815.117868313406,20750.81230432675,31211.314906459815,37759.51649808806,33329.34042891254,10296.87181093331,27961.02857087962,25865.989305829156,47184.55193429749,28696.04628051189,23543.894004469235,27986.53907383334,32218.400050890094,21910.079062568075,16251.040938874406,5445.54460940936,20293.255547962497,17896.94667056009,19891.19470997233,30926.222447070584,45316.63471130273,11965.701992082295,37427.947751906366,33430.47996831941,23995.378819212747,30530.874274995003,41292.17286426395,48226.4561626637,18301.601501121047,15917.856809861803],[17249.57468402126,27820.861535726028,15996.527606393529,36448.26670014461,27266.18723551282,39256.67138191655,8763.532007251713,35120.455750507535,0.0,30584.1112007749,43764.8793903679,32562.821809633424,7222.4305726188395,47085.28148842831,22783.259558746726,5569.043462615719,25558.94928780335,19990.425491858412,21027.527037091393,37124.51618379263,21400.457243098514,13420.352219779128,18243.376682345068,23072.052255450275,31726.555058942406,13633.609300872698,44957.834000435796,25861.226112101318,26068.22588365314,15426.762038140969,28718.01170455154,26305.443788582736,36364.17696300391,35035.665231703926,29120.370311931027,18923.079801699976,39249.880283450075,39608.889634490675,21810.45100700049,29061.22739197673,26141.488834867327,10627.870922491898,27207.924775212537,9786.708860690736,22825.908788460354,22330.13311959156,6394.93176369972,35027.61899260779,13437.891931345015,19909.546238385476,20353.956742856488],[20078.016145924095,23293.803662399176,31276.419568710462,19482.40328814646,5892.6468463062665,33908.31563761205,36915.829197642735,11560.863707336988,30584.1112007749,0.0,21432.58716128845,20365.011820428746,30541.65509153581,24372.979946216597,24013.11372885456,29986.21276920107,19586.138749377482,43177.18634889242,34215.39926700634,41536.14884949367,21871.740519664883,19208.821382202263,22288.361470321535,34768.973459719346,42995.06196448589,24779.19005895977,20647.731308087197,32840.174816123785,14631.244002337118,44865.620001074734,17226.306168031486,12283.18313804238,36168.16806261063,39354.57123018873,10365.716833279723,13393.236087865931,16889.976829721872,30478.539283373317,21108.520533222894,8347.901043444046,35535.58884183519,39561.686642133056,17847.913431767593,35789.28403249326,36622.73058752888,13586.965589787867,24755.6003091929,46818.88458937676,44002.72909095833,10781.506285480229,16952.831455134532],[27074.667341270906,20028.81365654403,35842.58445305222,8292.352978950234,19414.28599899849,21755.301837853378,46685.34322415138,10242.639691468603,43764.8793903679,21432.58716128845,0.0,13249.494601163073,40194.39712209144,3358.075741708312,24822.931954900687,45554.57065591978,40851.542291573875,47776.49147256764,35730.17070665821,33628.51904788212,42494.52998553531,30357.88710734003,27266.84257177002,34993.776072660425,39444.633747281034,43342.13901521045,3066.1525915617513,30864.08551683285,35973.21303340493,54309.05458184964,38658.27440912789,33634.767524608535,27022.026924701608,32207.89211704832,31766.098486965802,25443.588850311386,4878.743671804286,16930.550908827823,23764.013795968665,29756.916771921704,33779.929819455945,54245.49709677113,17357.584159225506,44501.94431626563,37339.39414108816,34232.32463102416,39808.25812444026,42454.48769405647,56377.664415949796,28390.16980702024,23540.036298387648],[15315.841910486202,6786.215586447821,22753.19578078837,4969.244844401277,15259.570023393582,13567.219048755283,34217.17394783093,11333.396504738568,32562.821809633424,20365.011820428746,13249.494601163073,0.0,27970.18440309896,16081.800571555532,11687.68952130504,35366.67623371159,36609.64859866149,34545.393260415934,22484.910805818126,22824.52279951912,36759.95947543093,19708.827238549056,14800.120607409497,21805.519430392273,27067.963477692476,35301.55881164238,15673.823615150894,17850.934483728543,32392.60587878412,41579.33312377461,35744.66080870997,30310.41061847305,16660.345407928,20957.17045409262,29711.051406935272,16539.8491909169,10648.06083160257,10287.447519738165,11128.989312272639,27811.407166538473,20816.472535236288,43190.67699354285,5464.2933752633835,31855.967588714862,24143.41417721389,29334.62153400913,29795.21637617866,30413.09988193547,44365.66236011523,21860.196134531172,12505.309276481232],[13141.966487732154,22399.33320972475,8833.567532485446,32345.82893441401,26111.55431574547,32945.59743900122,6648.555682232485,32632.37945125082,7222.4305726188395,30541.65509153581,40194.39712209144,27970.18440309896,0.0,43408.84111979268,17085.42311013474,12627.891595668822,30059.165508610993,14455.855396153442,13812.727449396958,29986.98751005475,26508.919311654266,11419.543315456325,13170.42960167758,15868.638702398153,24531.194415820297,19449.959553117285,41796.00583415516,18867.06862914939,29482.105570801432,14621.01972026673,32584.72184732463,29168.335458035148,29586.863769311756,27938.555402015445,31503.835972911605,17437.354880332026,36033.31829163188,33816.79249152186,16848.146338004986,30987.847325260846,18969.087779226702,16512.394168422834,22955.924246544448,5268.875103306514,15612.650075241681,25368.48164544229,10784.870404409956,27891.707873576295,16404.85713976837,20748.101643442376,16828.40629138247],[30314.324190005005,22791.540984727446,38810.592270781905,11226.708433233383,22669.575854106733,22990.156832352004,49865.218258078035,13451.44696382601,47085.28148842831,24372.979946216597,3358.075741708312,16081.800571555532,43408.84111979268,0.0,27753.736964554937,48910.46150050889,43893.6310083306,50606.320451463886,38453.35313747949,35210.278675508394,45668.83601319244,33686.73155964695,30409.261499952627,37608.55459099803,41536.05370618247,46661.074749108055,4042.8672821096775,33345.44823672116,38979.58169037377,57432.707996721394,41565.05597210403,36634.345657324106,28608.807852177993,33954.33164032736,34637.35892847395,28801.391627534453,8192.445599451263,18165.531942405505,26857.710433776992,32641.78357337683,36211.59570565972,57581.06410014098,20499.122488769324,47640.071147837414,39957.80474080494,37380.36834483379,43164.42405114484,44381.18484352941,59637.97310451953,31685.14926094758,26822.688215920356],[7084.708386607811,5371.416070178297,11065.675011890173,16550.685494239395,18135.583729775895,16721.848941765526,22929.68318251062,19990.24833750716,22783.259558746726,24013.11372885456,24822.931954900687,11687.68952130504,17085.42311013474,27753.736964554937,0.0,26678.818889425504,34397.39294686788,23006.0719024414,11387.915847105822,18767.973778979715,33005.00584227326,12301.795100496975,4836.827685606867,11281.186617061006,18981.949727045107,29153.182499491046,27014.666193798344,8830.414138279208,31336.56286598975,30029.31779245521,34919.487751822504,29803.889401565866,15233.819436122847,16446.414574753915,30491.984432928723,13142.506662728183,21524.89746968635,16844.344635718247,3007.4450285576204,29009.949644981763,11552.980853229943,33207.06938091069,8073.484520513239,20426.496243594065,13453.03909439119,27400.23336102294,21751.22526040438,22812.638083290916,33393.060083193406,19705.989074730238,7694.984752278004],[20373.3800953473,31372.219519562987,21206.64306601909,38787.75966723287,27665.917097483685,43378.60923188277,13885.202700653652,36250.48723014999,5569.043462615719,29986.21276920107,45554.57065591978,35366.67623371159,12627.891595668822,48910.46150050889,26678.818889425504,0.0,21521.325165669572,25424.807954663138,26312.52651940042,42185.55407284785,17000.157587965878,15660.308157942738,21909.967790754745,28314.021067424103,37151.771629098126,8972.196543258771,46406.55261639228,30777.49668272131,22896.700024448048,19392.543214608166,25093.508286412605,23574.614628002648,40967.071677437896,40036.930520825794,26666.005474130714,20127.318246175357,40843.615995210646,43264.96261551457,25226.153808334842,26973.666148504588,31302.950690934682,9598.712662538104,29907.83288635053,15260.677497275447,28218.504094433312,19652.62684342675,5747.118258330278,40514.759558938524,15219.938343168482,19245.351093716097,22869.968083150365],[27627.4784335879,36541.034858316314,35782.29752679277,37449.22107853219,22065.593290347617,49044.957339553715,34231.39107645677,30691.486285100214,25558.94928780335,19586.138749377482,40851.542291573875,36609.64859866149,30059.165508610993,43893.6310083306,34397.39294686788,21521.325165669572,0.0,44504.8919246128,40473.138943511716,53106.16663622775,4841.737016665971,23115.103700584696,30306.343182417222,41922.70260398439,51300.439696865426,12647.784610535195,40225.90832873901,42163.902562190975,4993.082353942777,40760.222142120474,4241.990252527955,7325.149842043366,49344.50327641186,50777.592212584226,10023.852317602039,21468.33301391748,36135.265899030106,46770.44170694439,31578.76484082848,11751.333368073068,44015.090169692514,29817.92362246577,32128.974171472626,34634.648541772855,42906.10245554863,7296.751693278784,19571.401823658645,55135.877061524865,36525.34132131702,15063.090794665946,27000.364674285593],[23408.001731359378,27817.27844185367,12372.439611478134,39484.829688248894,37987.75236250249,33715.40032878896,11759.995214681976,42468.634181917674,19990.425491858412,43177.18634889242,47776.49147256764,34545.393260415934,14455.855396153442,50606.320451463886,23006.0719024414,25424.807954663138,44504.8919246128,0.0,12340.717793307362,25533.632877085292,40841.73179276547,24284.33352694035,21807.944380117788,13700.795861862449,17042.88689515678,33451.837330409624,50019.99041054813,18386.082855944573,43866.70262769148,12093.292852566914,47020.45573374046,43429.91229149396,28380.270462648794,24311.80644248015,45577.13978540147,29797.397806141606,44509.67104603854,36462.8941104697,24616.927307907717,44873.62506911861,16284.081343890717,24469.319338367986,30922.711505121977,10206.60506680882,11547.651529751478,39710.63660539318,25071.073874792903,18863.24019711496,19473.83802074449,34408.211059954345,27052.293384465112],[14343.079107460504,15701.394355105365,5142.135543231719,27453.048230812008,28524.356061665796,21871.959706149715,16809.28697637397,31366.513728465758,21027.527037091393,34215.39926700634,35730.17070665821,22484.910805818126,13812.727449396958,38453.35313747949,11387.915847105822,26312.52651940042,40473.138943511716,12340.717793307362,0.0,16340.164395470669,37870.91999461068,17550.393194833487,11938.453214654512,2105.925848462457,11092.180380853204,31954.975194570055,38113.955822298114,6356.533594549609,38518.51559075365,21923.478967071478,42005.85609553988,37481.71282861306,17163.44518850925,14439.195924495727,38913.79648970401,21540.484317140003,32770.08710093219,24243.263013271375,13651.002955561862,37769.6274285041,5322.838494333866,29662.717511602936,19459.48847366353,14012.516345119431,2494.5727496487752,34309.94845965569,23259.73575373017,14785.091876595012,27372.435270062746,27474.54608562186,17272.99654960311],[25509.84269064922,18246.363914395748,21153.449051798256,26777.30987423318,35721.54223807196,12471.245010654246,33013.280079102566,34135.768612274456,37124.51618379263,41536.14884949367,33628.51904788212,22824.52279951912,29986.98751005475,35210.278675508394,18767.973778979715,42185.55407284785,53106.16663622775,25533.632877085292,16340.164395470669,0.0,51438.87361589006,30384.760031742873,22871.45179605687,14234.916122546083,9101.959305631493,46697.11021692042,36617.42145248069,11511.109278287664,50101.831247385526,37083.544193773894,53684.29335738061,48535.30607768261,6611.766821564136,2328.6799355741628,49056.41948638231,31903.204641765733,32834.35828339405,17133.389117635557,21699.816108538373,47467.99931400012,11045.231690055503,46001.06006907398,23712.295155323627,30243.611709743964,15220.993752302345,46162.73734587627,38397.84686417567,10138.37268268089,43343.638463141746,38469.90361197277,26403.442926528624],[25995.67711684791,35793.6586369745,32977.85613629383,38224.76896873066,23184.68681340355,48494.451912951125,30152.390789414632,32251.89344736897,21400.457243098514,21871.740519664883,42494.52998553531,36759.95947543093,26508.919311654266,45668.83601319244,33005.00584227326,17000.157587965878,4841.737016665971,40841.73179276547,37870.91999461068,51438.87361589006,0.0,21067.23150647764,28582.69366888563,39470.59256541853,48875.881760115786,8032.948862869805,42197.47834905479,40202.429227783665,8439.711483747305,36361.49198423344,8983.880000951234,10381.177295227342,48191.3039217146,49117.55028659155,13577.588697567922,20694.851286656594,37664.926395130686,46663.35974644244,30366.77319394242,14949.528459612406,41800.85851463932,25026.76615228708,31883.19848070747,30791.89046738931,40236.14003202592,8327.228861866084,15771.44126989631,52644.74048615977,31832.986424894316,14915.120657143727,26031.38556845602],[5251.564057698754,16199.057785763269,13291.636532469885,23220.13300719198,14708.269665927666,28748.481889429906,17966.423074824797,21815.117868313406,13420.352219779128,19208.821382202263,30357.88710734003,19708.827238549056,11419.543315456325,33686.73155964695,12301.795100496975,15660.308157942738,23115.103700584696,24284.33352694035,17550.393194833487,30384.760031742873,21067.23150647764,0.0,7610.6920676280015,18866.009059447057,28206.677962042497,16863.626895988145,31544.211996790564,19152.357899378007,20968.48114999985,25970.67997685571,24459.200802764877,19990.958749146826,27502.727118156232,28067.809263878833,21667.111380967166,6026.042561455128,25830.09292063087,28006.83479536041,10123.38720107102,20752.70231890161,20902.14966225939,23901.06627092255,14248.063818690576,16620.00028147306,20029.848664781668,16760.39705070887,10117.901345804847,32060.258822047952,26412.87530027193,10251.14640286642,7209.895025571847],[2701.9573772956346,9579.102286656349,9446.594878530323,19253.099552861255,16658.505746080547,21544.663253584473,19478.568307347883,20750.81230432675,18243.376682345068,22288.361470321535,27266.84257177002,14800.120607409497,13170.42960167758,30409.261499952627,4836.827685606867,21909.967790754745,30306.343182417222,21807.944380117788,11938.453214654512,22871.45179605687,28582.69366888563,7610.6920676280015,0.0,12667.133628370542,21573.51701810316,24388.957413570006,29092.794605065224,11907.42928587056,27622.401653908983,27043.070267086154,31192.008544708347,26298.453967591166,19915.951861884736,20546.070555766786,27382.15924258352,9806.39405754187,23379.918277386034,21417.420891161357,3682.575817900108,26097.07276562599,14053.64870437425,28789.96681177008,9912.91817353346,17235.756116859393,14374.082483557251,23539.932271800153,16917.03114277701,25467.96968949047,29570.239777617724,16129.942852525412,5403.083457540941],[15224.111398611361,15041.054805803378,7107.516117149035,26765.757342217366,28990.81583099788,20139.184218370377,18891.980707894916,31211.314906459815,23072.052255450275,34768.973459719346,34993.776072660425,21805.519430392273,15868.638702398153,37608.55459099803,11281.186617061006,28314.021067424103,41922.70260398439,13700.795861862449,2105.925848462457,14234.916122546083,39470.59256541853,18866.009059447057,12667.133628370542,0.0,9406.312277832936,33747.50675185148,37479.01897892852,4686.521795393531,39785.76780781883,23811.44153397151,43303.8379039323,38656.38355580609,15219.620729360082,12338.303381453232,39948.70628216782,22437.04725203855,32268.986868079333,22763.106374933173,13844.97889975157,38726.38004968704,3223.2778968308894,31768.617983069682,19246.750530053596,16098.838908098409,2349.2505970037,35600.514701574255,25103.652234520636,13214.013139037052,29419.853481988368,28564.84813100908,17835.252065548735],[24237.218961171562,20946.778338983015,16195.720430022991,31721.934375966972,37115.53802215766,20188.997300829313,26090.3971068219,37759.51649808806,31726.555058942406,42995.06196448589,39444.633747281034,27067.963477692476,24531.194415820297,41536.05370618247,18981.949727045107,37151.771629098126,51300.439696865426,17042.88689515678,11092.180380853204,9101.959305631493,48875.881760115786,28206.677962042497,21573.51701810316,9406.312277832936,0.0,43046.380537109755,42254.05378448283,10159.82718517236,49044.98668958286,28984.408754580178,52584.548505864266,47828.21275673585,14048.590012714198,8717.254234266162,48949.94197489637,31364.150412214345,37681.56560058083,24279.564786053317,21911.736437532836,47623.72744148166,7544.849575944257,39420.47025107888,26094.81493658574,23475.08996512209,8948.798553376088,44885.65109333705,34339.399958013055,3894.470460176258,35816.076737460964,37679.04195947069,26363.187878768953],[22113.597123387135,32891.01753428392,26868.172593806605,37749.97061893664,24138.89519965254,45556.66768964647,22387.848203289464,33329.34042891254,13633.609300872698,24779.19005895977,43342.13901521045,35301.55881164238,19449.959553117285,46661.074749108055,29153.182499491046,8972.196543258771,12647.784610535195,33451.837330409624,31954.975194570055,46697.11021692042,8032.948862869805,16863.626895988145,24388.957413570006,33747.50675185148,43046.380537109755,0.0,43613.37199327766,35214.12278754695,14699.815204192111,28353.664234695636,16431.02675011231,15849.580901038787,44299.55718416068,44422.28605930909,19129.982181394033,18787.53006337702,38471.0337529202,44484.93550816919,26935.69450862631,19879.27651042557,36391.06401838463,17303.335932277078,29983.736050903706,23278.074082771545,34176.05426968907,12265.687993631027,8777.63257941875,46678.57294976715,23878.664443982405,15041.190399764462,23278.329729260437],[28656.512078132353,22446.752291879875,37935.05122620167,10725.097761134948,19483.259304694428,24809.65857449332,48360.23507827872,10296.87181093331,44957.834000435796,20647.731308087197,3066.1525915617513,15673.823615150894,41796.00583415516,4042.8672821096775,27014.666193798344,46406.55261639228,40225.90832873901,50019.99041054813,38113.955822298114,36617.42145248069,42197.47834905479,31544.211996790564,29092.794605065224,37479.01897892852,42254.05378448283,43613.37199327766,0.0,33465.558057294045,35278.92607196708,56095.139044180156,37765.03288103634,32930.87826724241,30017.984891002485,35156.16466763608,30819.863310127454,26299.724866597728,5763.974931239328,19989.62136598823,25708.692178297806,28839.199494732922,36408.021035173035,55319.09554410024,19269.169203276353,46275.93464245769,39815.613976409426,33878.582893395396,40667.120816623006,45329.779241343276,57806.713333521475,28575.8395446491,24997.52976517111],[14609.074098454701,11268.312265295193,10158.256052614432,22746.932088398236,26957.83194968727,15519.537309830237,22819.41812397048,27961.02857087962,25861.226112101318,32840.174816123785,30864.08551683285,17850.934483728543,18867.06862914939,33345.44823672116,8830.414138279208,30777.49668272131,42163.902562190975,18386.082855944573,6356.533594549609,11511.109278287664,40202.429227783665,19152.357899378007,11907.42928587056,4686.521795393531,10159.82718517236,35214.12278754695,33465.558057294045,0.0,39523.945401460136,28269.14990088961,43096.29796764162,38156.69221882129,10961.108501595934,9288.19334085136,39077.3366808287,21526.84369841591,28465.80748832922,18081.77525743402,11786.913054157025,37674.13151480912,2982.6699025196876,35235.11064735451,16106.919964958073,20021.213247898122,6909.6964135381995,35447.231080869,26887.11907985851,13982.253770938596,33496.049041018996,27985.7612375693,16331.439349469103],[24921.089921219293,32927.28649822911,34128.002141424826,32896.80179822026,17491.85736906511,45189.34226132772,34409.00939104798,25865.989305829156,26068.22588365314,14631.244002337118,35973.21303340493,32392.60587878412,29482.105570801432,38979.58169037377,31336.56286598975,22896.700024448048,4993.082353942777,43866.70262769148,38518.51559075365,50101.831247385526,8439.711483747305,20968.48114999985,27622.401653908983,39785.76780781883,49044.98668958286,14699.815204192111,35278.92607196708,39523.945401460136,0.0,41492.21728324833,3583.1881446680472,2348.064931497149,45932.29332073527,47782.31146805259,5188.45423974924,18199.4928947979,31299.498677326595,42640.98116329536,28409.50075842006,6788.3219158717475,41605.99443745205,31920.3405766271,28210.16994884762,34406.84122398173,40998.1479023519,4229.507319901562,19733.385849882103,52924.20862861722,38116.580470513356,11632.103488862242,23722.638021034665],[27529.190658304356,35360.189701567644,19224.32600760867,46235.00878530963,40678.295085096914,43744.25857726957,8004.378822618571,47184.55193429749,15426.762038140969,44865.620001074734,54309.05458184964,41579.33312377461,14621.01972026673,57432.707996721394,30029.31779245521,19392.543214608166,40760.222142120474,12093.292852566914,21923.478967071478,37083.544193773894,36361.49198423344,25970.67997685571,27043.070267086154,23811.44153397151,28984.408754580178,28353.664234695636,56095.139044180156,28269.14990088961,41492.21728324833,0.0,44081.74273455987,41711.45946380476,39029.51623607981,35612.7620700478,44463.88379206049,31995.901046407,50353.086540294426,45715.625516915854,30577.236034339083,44290.84269205028,26872.653225228445,14485.744498440576,36952.05708465914,9819.204710308702,22142.186906951258,37741.48417927305,21801.15167886166,30955.7110274169,7912.065732788211,34598.85064598935,31296.299128244842],[28490.2034434194,36462.38066082917,37550.17067351712,36030.9996554705,20680.441527803847,48658.81445316019,37234.397680529146,28696.04628051189,28718.01170455154,17226.306168031486,38658.27440912789,35744.66080870997,32584.72184732463,41565.05597210403,34919.487751822504,25093.508286412605,4241.990252527955,47020.45573374046,42005.85609553988,53684.29335738061,8983.880000951234,24459.200802764877,31192.008544708347,43303.8379039323,52584.548505864266,16431.02675011231,37765.03288103634,43096.29796764162,3583.1881446680472,44081.74273455987,0.0,5434.909578677482,49488.34344300013,51365.03919850848,6953.147501310067,21781.45462031151,34087.488073815395,46016.33255040185,31990.633505148788,8926.527955328926,45159.638622668055,33720.27582274277,31683.17434706619,37395.73025348367,44479.48741695212,7703.326037527973,22498.760168362423,56459.82095670621,40243.28647990497,15214.39004222327,27301.345736667095],[23609.430986155967,31122.49881562077,33259.5586950132,30670.465963157596,15285.2324674978,43246.20286012087,34410.866691587136,23543.894004469235,26305.443788582736,12283.18313804238,33634.767524608535,30310.41061847305,29168.335458035148,36634.345657324106,29803.889401565866,23574.614628002648,7325.149842043366,43429.91229149396,37481.71282861306,48535.30607768261,10381.177295227342,19990.958749146826,26298.453967591166,38656.38355580609,47828.21275673585,15849.580901038787,32930.87826724241,38156.69221882129,2348.064931497149,41711.45946380476,5434.909578677482,0.0,44187.39209965397,46224.837649283625,3313.908927420007,16676.859838239103,28972.602654747137,40581.42325278893,26840.32266096626,4583.950494828087,40340.3288310866,32832.36371596121,26277.416451156772,34217.48588299652,39972.415825729775,3979.1398061021537,19914.317734061264,51718.09240463856,38754.35772381543,10172.141388740512,22132.900957027847],[22315.740346467403,13121.326098544923,21054.286804430787,20325.639450682513,30494.654866216002,6167.042117973913,33780.406518675176,27986.53907383334,36364.17696300391,36168.16806261063,27022.026924701608,16660.345407928,29586.863769311756,28608.807852177993,15233.819436122847,40967.071677437896,49344.50327641186,28380.270462648794,17163.44518850925,6611.766821564136,48191.3039217146,27502.727118156232,19915.951861884736,15219.620729360082,14048.590012714198,44299.55718416068,30017.984891002485,10961.108501595934,45932.29332073527,39029.51623607981,49488.34344300013,44187.39209965397,0.0,5527.2126326630405,44366.5174556323,27880.687966003297,26357.18541787681,10603.04017253721,17834.339116413634,42661.12517882054,12203.131908057165,46061.62388775904,18384.411791524006,30982.31651324039,16994.69520496794,42192.578733638766,36527.7855116331,16152.250440955971,44452.844357077054,34381.36880308173,22344.23728553386],[23182.05098465073,16090.803033387027,19113.408086627755,25091.95488288355,33521.11036921014,11680.43063151317,31214.343225665805,32218.400050890094,35035.665231703926,39354.57123018873,32207.89211704832,20957.17045409262,27938.555402015445,33954.33164032736,16446.414574753915,40036.930520825794,50777.592212584226,24311.80644248015,14439.195924495727,2328.6799355741628,49117.55028659155,28067.809263878833,20546.070555766786,12338.303381453232,8717.254234266162,44422.28605930909,35156.16466763608,9288.19334085136,47782.31146805259,35612.7620700478,51365.03919850848,46224.837649283625,5527.2126326630405,0.0,46771.344154728446,29584.936081705862,31157.509749179822,16093.387906974873,19385.888505355724,45195.67789266234,9116.407107428953,44078.80047317981,21564.125907611244,28427.508958182767,13548.59230712284,43837.71385508409,36163.947621487045,10625.384923689286,41656.58804292911,36150.8355929263,24091.958178744848],[24745.66097314517,31245.278992213334,34943.172325361214,29542.366410958468,14455.204270750917,42966.1029823361,37008.90392761772,21910.079062568075,29120.370311931027,10365.716833279723,31766.098486965802,29711.051406935272,31503.835972911605,34637.35892847395,30491.984432928723,26666.005474130714,10023.852317602039,45577.13978540147,38913.79648970401,49056.41948638231,13577.588697567922,21667.111380967166,27382.15924258352,39948.70628216782,48949.94197489637,19129.982181394033,30819.863310127454,39077.3366808287,5188.45423974924,44463.88379206049,6953.147501310067,3313.908927420007,44366.5174556323,46771.344154728446,0.0,17586.533088883476,27255.674184296386,39991.35620898833,27489.51699789336,2019.0007203199154,41415.544422184386,36009.86602438785,26138.066545390444,36646.29498463127,41407.86502795858,7023.419167957357,22729.947775621695,52844.060931837994,41789.86404459563,11460.643118970398,22805.04045543117],[7216.787466876462,15143.415653363592,18077.75957061428,19089.684249782622,8682.4441284055,27805.907962797784,23991.867444136704,16251.040938874406,18923.079801699976,13393.236087865931,25443.588850311386,16539.8491909169,17437.354880332026,28801.391627534453,13142.506662728183,20127.318246175357,21468.33301391748,29797.397806141606,21540.484317140003,31903.204641765733,20694.851286656594,6026.042561455128,9806.39405754187,22437.04725203855,31364.150412214345,18787.53006337702,26299.724866597728,21526.84369841591,18199.4928947979,31995.901046407,21781.45462031151,16676.859838239103,27880.687966003297,29584.936081705862,17586.533088883476,0.0,20716.30743767662,26074.278306881333,10211.36474371542,16294.046710572224,23829.04420496383,29068.65811029709,11334.921401662052,22610.92907805321,24020.265602080242,14328.043111803187,14381.040202835076,35258.05456957396,32187.15232405173,6567.531337271647,5547.580249711194],[22895.16493949563,17255.748051766997,32333.72552840424,6065.580787197106,14546.16919482463,21842.371646606698,42602.33774175808,5445.54460940936,39249.880283450075,16889.976829721872,4878.743671804286,10648.06083160257,36033.31829163188,8192.445599451263,21524.89746968635,40843.615995210646,36135.265899030106,44509.67104603854,32770.08710093219,32834.35828339405,37664.926395130686,25830.09292063087,23379.918277386034,32268.986868079333,37681.56560058083,38471.0337529202,5763.974931239328,28465.80748832922,31299.498677326595,50353.086540294426,34087.488073815395,28972.602654747137,26357.18541787681,31157.509749179822,27255.674184296386,20716.30743767662,0.0,17266.802984904083,20054.660405612427,25237.80881217002,31440.149086616457,49656.40364365699,13630.863097094096,40534.45303914369,34583.63715928393,29426.989067011003,35097.13043604219,40954.55558045651,52051.76535720921,23511.5351919716,19234.042807954334],[22943.895894262572,11893.576978137438,26564.36194288598,11753.121213177155,25536.451526452776,4839.754355000155,39266.835448555554,20293.255547962497,39608.889634490675,30478.539283373317,16930.550908827823,10287.447519738165,33816.79249152186,18165.531942405505,16844.344635718247,43264.96261551457,46770.44170694439,36462.8941104697,24243.263013271375,17133.389117635557,46663.35974644244,28006.83479536041,21417.420891161357,22763.106374933173,24279.564786053317,44484.93550816919,19989.62136598823,18081.77525743402,42640.98116329536,45715.625516915854,46016.33255040185,40581.42325278893,10603.04017253721,16093.387906974873,39991.35620898833,26074.278306881333,17266.802984904083,0.0,18045.657273344943,38081.98657625914,20459.583817230872,50050.4404291902,14781.30525288729,36600.16709567306,24975.193644236628,39477.62728488861,38026.76440643849,26698.35636929948,49920.958807506526,31862.504458964107,21206.819842673034],[4925.168759829137,6154.1723258738175,12314.150046965959,15660.229665159048,15254.16082400493,18630.075912970875,23105.735060941028,17896.94667056009,21810.45100700049,21108.520533222894,23764.013795968665,11128.989312272639,16848.146338004986,26857.710433776992,3007.4450285576204,25226.153808334842,31578.76484082848,24616.927307907717,13651.002955561862,21699.816108538373,30366.77319394242,10123.38720107102,3682.575817900108,13844.97889975157,21911.736437532836,26935.69450862631,25708.692178297806,11786.913054157025,28409.50075842006,30577.236034339083,31990.633505148788,26840.32266096626,17834.339116413634,19385.888505355724,27489.51699789336,10211.36474371542,20054.660405612427,18045.657273344943,0.0,26002.626623082906,14427.977684187874,32395.297671271164,6439.861254949207,20798.951171938046,15889.96253