{"problem":"50.30.4","tabu_size":5,"reset_after":300,"iterations":5968,"solution":{"truck_routes":[[[0,10,4,32,28,49,12,13,6,0],[0,8,19,37,22,44,48,0]],[[0,11,14,35,20,15,0],[0,39,42,38,3,43,1,33,31,17,7,0]],[[0,9,26,47,30,16,27,18,2,46,29,0],[0,25,5,45,36,34,41,23,24,0]]],"drone_routes":[[[0,21,40,0],[0,50,0]],[],[]],"truck_working_time":[8781.522367778027,8811.661300005724,8790.342043338707],"drone_working_time":[1274.89747490331,-0.0,-0.0],"working_time":8811.661300005724,"energy_violation":0.0,"capacity_violation":0.0,"waiting_time_violation":0.0,"fixed_time_violation":0.0,"feasible":true},"config":{"customers_count":50,"trucks_count":3,"drones_count":3,"x":[0.0,11081.970554047906,1009.7924394085935,22565.24115167266,284.2625478476531,23701.863532579533,-11668.06943011805,6966.613442783615,-13300.881342466842,-2631.976618456771,428.2209975894382,-7777.694159510595,-13783.424126357477,-15475.23570686349,-16523.17554022309,-9856.825075957133,-3403.1244237101364,11127.724065782899,1250.8659617479561,-23937.485810612325,-23119.43485185283,134.88564628583376,-23902.896657698926,16103.483194600194,12421.966004491389,12025.022061857891,-5621.963235054954,-659.0249770565368,-5708.264393388241,5720.232727344072,-6487.461368891968,12882.259114231845,-4086.593448052093,13096.300984027292,13479.92873571114,-16119.331830743859,19228.405258967297,-21262.254828078978,23043.366247580474,12748.248192191719,3573.2585202391506,13280.688775351044,20755.489809947852,21581.66411696371,-23431.523227476497,22319.228418610597,364.57374635893797,-2773.3371838530816,-15082.376203805366,-9699.386978836821,-2117.8704910540996],"y":[0.0,21882.84440098664,-19331.441146825466,18084.632477532126,12319.466534204817,-17827.242315438394,3628.3433134230013,9125.346955512301,-22562.261394740668,-3457.4745161959845,9681.224591103517,11795.066422819787,7988.936703430893,5672.382756492956,18242.870897818066,7303.115530216784,-20998.934445911316,15983.69907134138,-19891.361166622817,-23654.92570439629,17835.086670273464,-6043.202724788147,-10965.462952792894,-5066.147345509853,2972.848104173587,-23610.502134409482,-8909.047434443793,-21120.856226694017,21053.835677430383,-13785.286830740923,-18466.757697490724,18379.171593319912,19933.42302819527,19418.172981673277,-10873.718518647327,23299.424331708517,-14531.846790949026,-17644.20718177098,16903.682995195737,6843.87933550864,-9754.68305660879,-10147.62493490294,11781.97871396031,17874.61317328921,-6443.644761645901,-13942.645819192554,-16269.74337742533,-12579.101236879838,-3883.430552320294,15763.076955695584,8954.172855294339],"demands":[0.0,0.07588326515062215,0.30075784597882027,0.7108142516456327,0.9766644346985267,18.708162253880946,12.212398457337322,0.25270956630327934,0.136028686034314,18.33828346760863,0.6705062238631454,1.052798849055917,0.06263213251856523,0.7566019336381353,0.20052329542846675,10.309892076055476,0.3772780074779087,11.828832894419113,17.925661463598132,0.1705495019333102,0.41626038605056837,1.058099501587781,0.8374224332186481,0.9305319161286904,7.283260685866272,0.42460117599204267,0.8535874996310635,1.0361840848995636,0.9410411149094189,0.9748586574861653,28.626098489353662,0.7731057985434793,0.3936670695754207,0.29826187889930006,0.2072506015304336,23.411473922334814,0.7025319351528925,0.23036008537145566,3.1660157985808084,0.700274912892783,0.8870908027037825,0.1409310064681008,1.032534716928631,0.5046572924751838,0.20519115002437566,1.034726078942215,0.7377452476766567,0.7079376208007113,0.24609796183730429,0.6202427086544878,0.9426555307361797],"dronable":[true,true,true,true,true,false,false,true,true,false,true,true,true,true,true,false,true,false,false,true,true,true,true,true,false,true,true,true,true,true,false,true,true,true,true,false,true,true,false,true,true,true,true,true,true,true,true,true,true,true,true],"distances":[[0.0,24528.941078623375,19357.796816369973,28917.884433003586,12322.745671460614,29657.86410870447,12219.194712668948,11480.664611408652,26191.011506449835,4345.276855419894,9690.690522669885,14128.556839168536,15931.286523645183,16482.076517209272,24613.363616691724,12267.53834417121,21272.90538941339,19475.75104809576,19930.6526414789,33653.51002516342,29199.290820244823,6044.707876354393,26298.095870190067,16881.58819321178,12772.74697421147,26496.357610568357,10534.590490639828,21131.13536157165,21813.946894522884,14924.985610069354,19573.152399925224,22444.298793745085,20348.012178850488,23421.753593837082,17318.955890659945,28331.890739211936,24101.994522418612,27629.721812704276,28578.509877567103,14469.157415990801,10388.552256563582,16713.79628232913,23866.406928296998,28022.66978987126,24301.375240386238,26316.255995896576,16273.827564030827,12881.195094517203,15574.309127785062,18508.17935066576,9201.22746916778],[24528.941078623375,0.0,42427.185921171025,12095.119570874245,14423.893177988164,41667.16556013365,29168.324073162174,13404.8463334914,50694.091330260235,28813.26274261165,16198.206863621393,21388.085880803632,28483.82916183376,31113.73123095641,27844.09269467789,25514.73410365623,45262.179947379205,5899.322758089404,42915.438577621855,57446.06888418954,34440.0998021975,29995.04585842046,47989.0844862863,27412.839060410406,18957.414057636994,45503.119949471824,35030.87219632962,44577.67651792314,16810.68841701132,36068.876030256964,44008.80965897928,3939.132143393061,15293.318069487072,3183.101048713516,32844.21741720975,27238.16348671478,37314.79777521984,51073.835986694816,12956.351154633665,15130.993074086242,32516.363573388233,32105.845693487867,13985.866523802268,11238.749151476975,44649.425990577554,37546.52732052368,39629.31425754036,37142.903086043276,36721.573580588825,21663.7110046739,18476.643405996485],[19357.796816369973,42427.185921171025,0.0,43181.0135898915,31659.222205490933,22741.871176793487,26227.464308313614,29073.570567916184,14670.841269865741,16286.353135713467,29018.494078134685,32343.150653722154,31068.34888181916,29949.079497900108,41463.64542346746,28766.003990958303,4717.453671557768,36735.9724115855,609.6120665988933,25319.147118406658,44312.19244917299,13317.009508803438,26279.871940178255,20768.199436908584,25054.321472987576,11817.17591350607,12353.39929014166,2446.8260864962035,40940.23536547469,7276.542819500815,7546.9525063849915,39535.3737579652,39594.225687551145,40590.83990146903,15067.75933254705,45943.4172620103,18840.221841845432,22335.86461138306,42408.28452493505,28686.908962328907,9913.912137299752,15327.014618046687,36850.20298563442,42514.61375091063,27631.018931522776,21980.245149561622,3128.9455720754354,7739.907234963772,22306.92544860413,36692.12074356494,28458.008273305186],[28917.884433003586,12095.119570874245,43181.0135898915,0.0,23014.75930567619,35929.85752243905,37160.51465986017,17988.49586445724,54208.38241663762,33150.59814067547,23678.36407795052,30987.939015933945,37724.64102754961,40014.27023903174,39088.73698237037,34167.69652982274,46924.207122933985,11628.874333626127,43548.57842683013,62487.553417872055,45685.35755203212,32943.48614898494,54801.422207655705,24035.659389972163,18200.331251334646,43006.74910719511,39027.90343240806,45567.93699253064,28428.98667643424,36047.83024720818,46691.151704313095,9687.46068008178,26715.881307404157,9562.382452853104,30350.106986855124,39034.47503059692,32786.72282565167,56545.55143647762,1274.0664375013737,14924.070556199113,33700.488033293106,29719.745480583344,6557.335158609839,1005.749417778369,52128.09911816221,32028.22313773714,40903.45674420492,39778.236730327044,43588.28840213916,32348.042420539663,26317.699239877104],[12322.745671460614,14423.893177988164,31659.222205490933,23014.75930567619,0.0,38173.39505919367,14778.154910215091,7406.498050093466,37433.82264516309,16044.198944880665,2642.166646067387,8078.993837609933,14719.147291158935,17103.961762941468,17820.681646312063,11313.948717795143,33521.823735438644,11445.840195335282,32225.327668344486,43368.767453978704,24044.856361853217,18363.27682560728,33573.89777265833,23505.47408254446,15319.370785969662,37799.57780840187,22034.820360414393,33453.62428359188,10592.430479902567,26664.731763830296,31522.180242628856,13979.61168595512,8779.334577818077,14647.182736535879,26684.254515301116,19739.23457919079,32861.42982806518,36906.28880812276,23216.19783203986,13613.706082949655,22317.830868254736,25955.294137578032,20478.28212456957,22009.974279356113,30240.582673644833,34281.748295385325,28589.322714255715,25085.605298070685,22330.863407408324,10560.85747497176,4134.663793091065],[29657.86410870447,41667.16556013365,22741.871176793487,35929.85752243905,38173.39505919367,0.0,41368.76010304302,31725.55222492716,37304.470696809614,29999.356054830176,36033.01525538505,43225.498579823434,45515.07321764475,45684.54315562882,54028.75933820465,41925.17700112202,27289.924937256823,36073.37994686262,22545.684255690714,47994.47363524899,58856.059085613204,26348.928550646393,48096.74842227434,14851.967162370329,23661.780357957075,13030.530337100261,30649.975794992646,24582.530007615882,48751.347166097206,18430.313360224478,30196.097726866774,37788.4671282371,46883.53856694598,38725.9463102656,12362.825089111651,57246.22528752018,5556.209192297777,44964.49089905794,34737.167293940336,26993.44239886804,21687.0226801682,12945.169231497845,29755.45476179453,35764.75542905287,48488.58051891946,4123.32023944604,23389.204721579306,26990.354531866524,41214.64713441871,47370.3819328397,37200.844931242325],[12219.194712668948,29168.324073162174,26227.464308313614,37160.51465986017,14778.154910215091,41368.76010304302,0.0,19428.547419062434,26241.452888900665,11483.021711008952,13526.182531414514,9046.01492877994,4846.596765141775,4321.181817930537,15399.885449425377,4096.896014765238,25977.146221137333,25928.806702439797,26834.220512023363,29915.135744579853,18247.337527144,15259.375849124563,19043.90134989668,29100.744028388097,24098.951869533397,36101.485922023305,13919.107977405602,27087.302147796352,18416.488813123677,24608.688845953096,22694.320623594824,28640.977053489773,17981.501677327204,29369.929570248438,29029.83997768054,20168.420002250496,35838.31263941179,23336.01932680517,37163.401492240344,24627.144335932353,20283.083407394104,28499.435734306142,33433.0519701531,36173.20812247742,15486.245155844494,38260.633478246134,23253.351495406714,18487.76678195306,8251.317310279072,12293.391361332506,10934.841566514242],[11480.664611408652,13404.8463334914,29073.570567916184,17988.49586445724,7406.498050093466,31725.55222492716,19428.547419062434,0.0,37614.835741089926,15825.938435133183,6561.979557505704,14984.058485777188,20781.132966751415,22705.93655886552,25197.210744538806,16921.838285516867,31859.124177728918,8021.959571173036,29574.29829281073,45051.18895569458,31321.396327208728,16636.027292872037,36831.60730426311,16878.415190935582,8222.780167817682,33124.36132811707,21993.44547328365,31192.678119222943,17405.21104011116,22944.511443385047,30697.497751778315,10983.083999379198,15459.23319458375,11979.788685869828,21032.971638472947,27089.94903351985,26646.09454499924,38903.44499607526,17859.577046861494,6215.496349985934,19182.554336921603,20280.902169136178,14042.464305417869,17033.77132517589,34153.187495646045,27709.83719277005,26239.23667280033,23789.6975505271,25600.512430099505,17939.203706095366,9086.096461998464],[26191.011506449835,50694.091330260235,14670.841269865741,54208.38241663762,37433.82264516309,37304.470696809614,26241.452888900665,37614.835741089926,0.0,21881.919698340396,35044.694885004625,34798.44208324973,30555.008636425002,28318.24407071812,40932.163408621745,30063.30425014299,10020.458231624556,45634.94089450241,14794.83212592433,10692.58013322171,41573.42569121021,21293.17106298143,15712.68477528834,34215.94161575007,36245.091981625,25347.587496515098,15664.483226266471,12723.7644281139,44272.02001201756,20948.46206655413,7949.581263846354,48597.91949549967,43483.17256105997,49590.000052536525,29220.435024306396,45948.208679190764,33505.85091453481,9357.9231146188,53651.3289628152,39284.58046308562,21184.20777356445,29337.741364297304,48366.96439425498,53403.49054659087,19037.84933145,36648.19220727587,15044.615175635186,14508.365612606493,18763.593621178494,38494.18555219318,33441.67100399731],[4345.276855419894,28813.26274261165,16286.353135713467,33150.59814067547,16044.198944880665,29999.356054830176,11483.021711008952,15825.938435133183,21881.919698340396,0.0,13490.375223892313,16097.155466375454,15980.460297821992,15757.652040567875,25765.682575309398,12961.04677025752,17558.40213126911,23817.82092007214,16886.358309053147,29357.482120181197,29548.41969961665,3787.0195617088925,22557.08158605422,18804.395302121397,16369.796501394021,24919.312440258494,6217.6898644439625,17773.226820981617,24703.600423467924,13282.436077788932,15496.55911088444,26786.76209775396,23436.083248980638,27761.015197351375,17736.802678204436,29963.984824775907,24505.4691264344,23416.88813425936,32768.88717201536,18511.326435566876,8840.801916565859,17261.837461875653,27914.414210115076,32270.084642837548,21012.813992314175,27064.763994074634,13158.022171333512,9122.722008312148,12457.683909120477,20478.7179307114,12422.290271300844],[9690.690522669885,16198.206863621393,29018.494078134685,23678.36407795052,2642.166646067387,36033.01525538505,13526.182531414514,6561.979557505704,35044.694885004625,13490.375223892313,0.0,8473.804980942012,14312.047212882146,16400.937412396055,18990.83020995768,10556.399738568416,30918.463193920816,12417.751426096867,29584.025641131633,41291.48319917076,24919.421397975882,15727.163127566406,31910.6407471046,21522.054362487008,13742.351850428653,35253.72126868956,19550.011335873587,30821.26354508385,12922.566922810933,24055.821467150443,28985.092194317356,15190.699373766407,11202.28201180813,15977.74747902239,24348.567948165648,21430.745875528817,30654.848784721344,34887.76236903027,23740.4443951042,12642.531319921121,19688.721825178913,23629.83710276918,20435.533397848438,22684.791651308897,28797.548613185892,32207.195765382396,25951.046018921847,22489.377064675322,20605.302587050995,11813.440290993429,2647.8644404663555],[14128.556839168536,21388.085880803632,32343.150653722154,30987.939015933945,8078.993837609933,43225.498579823434,9046.01492877994,14984.058485777188,34798.44208324973,16097.155466375454,8473.804980942012,0.0,7110.233180107249,9835.619001930147,10865.432671007478,4949.788701478149,33084.48810774799,19363.870525737366,32947.60372537234,38959.47648553172,16487.900171359604,19514.424546104314,27893.795960136136,29233.73328125922,22042.182441923153,40567.251011187735,20816.03964334206,33676.89734518305,9487.220228656846,28923.148217644426,30289.31659418209,21683.729157352693,8936.278459089566,22222.40821468453,31076.68485984214,14210.31913554191,37715.19276320919,32380.614675917688,31241.57050951682,21114.65280318299,24356.43301807656,30412.780140124505,28533.186971018218,29982.20817580859,24035.243917203086,39601.19417550503,29222.08198905217,24882.597087984188,17296.63687448283,4408.85596054841,6332.794029496602],[15931.286523645183,28483.82916183376,31068.34888181916,37724.64102754961,14719.147291158935,45515.07321764475,4846.596765141775,20781.132966751415,30555.008636425002,15980.460297821992,14312.047212882146,7110.233180107249,0.0,2868.562115940317,10613.642365964719,3986.0419947905293,30790.376673364146,26162.59791324509,31675.55662930372,33233.10092021433,13568.631671473666,19764.11606574495,21486.5769875155,32613.83830119387,26681.14721569502,40799.51506472134,18765.69507916307,31931.64413970758,15359.029588934996,29231.993452089802,27443.302257441235,28618.449359713977,15385.034246507468,29208.681310763433,33152.52888255525,15487.656253257102,39962.064117942246,26701.890833880552,37890.43666537118,26556.37009070898,24821.169889502373,32579.15092843133,34746.56448619269,36720.785200273225,17360.449994487233,42242.10970973552,28082.9023263572,23329.51347961563,11943.21484169732,8781.60669150075,11705.418507981847],[16482.076517209272,31113.73123095641,29949.079497900108,40014.27023903174,17103.961762941468,45684.54315562882,4321.181817930537,22705.93655886552,28318.24407071812,15757.652040567875,16400.937412396055,9835.619001930147,2868.562115940317,0.0,12614.093308896083,5850.284385974633,29276.185409716625,28531.398718077275,30549.42684233806,30523.772676039625,14365.414963117059,19517.449419154465,18650.559748925447,33354.63260492132,28027.510604102794,40171.52629512554,17598.439840419425,30616.95209520727,18220.395785966422,28772.361528234964,25758.070374301155,31074.26580101546,18250.436765466737,31706.142272335514,33349.28807791461,17638.805359524085,40156.613252252944,24024.00792246091,40122.62206756656,28247.786597092418,24512.027495124414,32820.35703923177,36742.24590628649,39014.20576787066,14494.848530804325,42581.34409053696,27062.085337075827,22236.34174159943,9563.885537899097,11626.802567811532,13754.612017832616],[24613.363616691724,27844.09269467789,41463.64542346746,39088.73698237037,17820.681646312063,54028.75933820465,15399.885449425377,25197.210744538806,40932.163408621745,25765.682575309398,18990.83020995768,10865.432671007478,10613.642365964719,12614.093308896083,0.0,12810.873351000704,41376.9866947203,27743.037078931502,42072.98665959454,42548.76445804418,6608.852009426163,29450.031825044338,30126.18545552133,40097.496077266645,32726.057128257566,50662.65311353379,29258.55599383139,42440.243710703005,11174.24834636109,38994.5137018418,38056.69968000601,29405.750544698116,12550.9577579096,29642.785371130925,41808.63601505803,5072.654371379471,48501.10977307036,36198.63596307332,39589.19869465074,31412.628924688524,34463.45440285332,41161.76115970868,37834.40257360316,38106.61909762648,25634.92389637502,50444.42319664473,38422.86584936353,33749.84475665626,22173.162124293787,7260.404143427101,17140.382868675882],[12267.53834417121,25514.73410365623,28766.003990958303,34167.69652982274,11313.948717795143,41925.17700112202,4096.896014765238,16921.838285516867,30063.30425014299,12961.04677025752,10556.399738568416,4949.788701478149,3986.0419947905293,5850.284385974633,12810.873351000704,0.0,29028.542591044177,22709.11344144781,29375.506174431546,34009.78276626394,16935.73837075523,16672.08727546923,23044.155151996758,28756.499606022917,22695.720917990762,37874.357965217,16756.141644311836,29875.101624881525,14362.898743079077,26217.65519540284,25989.208875273678,25293.180261119913,13885.972797509263,25954.20222194525,29580.42214888691,17178.50069495098,36369.16555548586,27430.871993552206,34272.342855063056,22609.73762211556,21710.26572913213,28980.560553592553,30938.229394916787,33168.28553228048,19319.571641907485,38557.499838570184,25693.514180906557,21106.357911572588,12346.869961511768,8461.426243548669,7913.11622294807],[21272.90538941339,45262.179947379205,4717.453671557768,46924.207122933985,33521.823735438644,27289.924937256823,25977.146221137333,31859.124177728918,10020.458231624556,17558.40213126911,30918.463193920816,33084.48810774799,30790.376673364146,29276.185409716625,41376.9866947203,29028.542591044177,0.0,39734.880642780656,4783.967503749398,20705.41685484859,43552.429242823804,15368.520636990494,22823.47939838792,25186.533019878738,28724.203134104704,15647.619300448,12291.810835706072,2746.8066356687386,42115.90133579511,11630.66453912009,3990.620688145577,42612.77921251805,40938.063196679,43655.16706643561,19686.479663910588,46087.37919658078,23537.403393638717,18171.481332489602,46217.15350076824,32188.338208806825,13232.653108370154,19902.27476860042,40721.332361377215,46210.305808601166,24758.699813107974,26672.657252857392,6046.552543639184,8443.353790727715,20720.651429778627,37297.29754895073,29980.669016366985],[19475.75104809576,5899.322758089404,36735.9724115855,11628.874333626127,11445.840195335282,36073.37994686262,25928.806702439797,8021.959571173036,45634.94089450241,23817.82092007214,12417.751426096867,19363.870525737366,26162.59791324509,28531.398718077275,27743.037078931502,22709.11344144781,39734.880642780656,0.0,37209.841078467405,52922.48593733451,34297.16504277396,24617.613597859254,44197.30446617164,21629.937888977704,13075.06424786368,39604.36734522145,30003.347367870952,38931.67703636517,17582.855075378044,30256.131349094612,38692.74776336195,2969.2897871022856,15718.644240109632,3958.649532832512,26960.2252663487,28212.08767733482,31572.449620945798,46689.900532266416,11951.104510662775,9282.370561865688,26824.13585268298,26219.865586229967,10504.681203451471,10623.578433589477,41198.632560798535,31950.52250255929,34001.91104326965,31765.91042790137,32888.78525615147,20828.279539674724,14995.333073533331],[19930.6526414789,42915.438577621855,609.6120665988933,43548.57842683013,32225.327668344486,22545.684255690714,26834.220512023363,29574.29829281073,14794.83212592433,16886.358309053147,29584.025641131633,32947.60372537234,31675.55662930372,30549.42684233806,42072.98665959454,29375.506174431546,4783.967503749398,37209.841078467405,0.0,25467.969747079398,44913.209951365614,13893.052375005853,26690.512037784803,20985.404535232054,25447.30912579471,11398.001983146225,12955.57779801559,2271.4183896558975,41532.380619199306,7566.993001234415,7868.36736053878,39999.03729338368,40180.86496225654,41055.496657854455,15194.336288766237,46552.84871319,18759.4326546972,22624.993010583963,42764.334948391144,29102.626734707886,10399.314895788704,15480.860204782419,37197.18820893195,42890.67697613338,28108.03110495343,21892.07872492906,3728.48887648748,8346.457705948678,22869.8194612667,37298.08302421208,29041.577407193596],[33653.51002516342,57446.06888418954,25319.147118406658,62487.553417872055,43368.767453978704,47994.47363524899,29915.135744579853,45051.18895569458,10692.58013322171,29357.482120181197,41291.48319917076,38959.47648553172,33233.10092021433,30523.772676039625,42548.76445804418,34009.78276626394,20705.41685484859,52922.48593733451,25467.969747079398,0.0,41498.07627133306,29827.03226721262,12689.50989336583,44145.46273120483,45067.15072306223,35962.535310112005,23513.810690060618,23415.982723285673,48282.27270722969,31256.83989742104,18204.956475765503,55879.86177474369,47895.74169823418,56804.86946354786,39540.13364236975,47600.782755811786,44119.43699427498,6579.179125706893,62066.10346848286,47707.653350239554,30823.00762912093,39593.42992958308,57037.14811047031,61617.332054563485,17218.716265326406,47265.33604929227,25399.429456450052,23887.131990483733,21663.909774025775,41910.64771695156,39235.81172308173],[29199.290820244823,34440.0998021975,44312.19244917299,45685.35755203212,24044.856361853217,58856.059085613204,18247.337527144,31321.396327208728,41573.42569121021,29548.41969961665,24919.421397975882,16487.900171359604,13568.631671473666,14365.414963117059,6608.852009426163,16935.73837075523,43552.429242823804,34297.16504277396,44913.209951365614,41498.07627133306,0.0,33330.70845728401,28811.20391430957,45419.20100050684,38523.72398960168,54340.31360901895,31959.509101232266,44967.049032993455,17706.191061455986,42796.897626139136,39930.520237523655,36005.80504350797,19148.160939714504,36250.31978346664,46515.6845632751,8880.33942956667,53300.6373670596,35527.868073956015,46172.19637565219,37513.96174258097,38388.73888315311,45912.97364421302,44290.50835121977,44701.116444272084,24280.73720251238,55448.14155567909,41408.188712177485,36592.16468545439,23157.89934472158,13579.06142453692,22802.11252910262],[6044.707876354393,29995.04585842046,13317.009508803438,32943.48614898494,18363.27682560728,26348.928550646393,15259.375849124563,16636.027292872037,21293.17106298143,3787.0195617088925,15727.163127566406,19514.424546104314,19764.11606574495,19517.449419154465,29450.031825044338,16672.08727546923,15368.520636990494,24617.613597859254,13893.052375005853,29827.03226721262,33330.70845728401,0.0,24536.577264279553,15998.460703274177,15240.128486316064,21212.858188565606,6430.736734034129,15098.540631511054,27719.88262163909,9546.516030444423,14078.359213672496,27549.00901421098,26317.408140895895,28570.613231483563,14192.394367876801,33543.84218254116,20895.443744553977,24339.69853738202,32424.651851729926,18032.5760429087,5059.39663140077,13771.652826985739,27257.04329891153,32125.164966185843,23569.81079750592,23548.806030067244,10229.119724754233,7153.721366540885,15369.764931553362,23921.261496181894,15165.625094415898],[26298.095870190067,47989.0844862863,26279.871940178255,54801.422207655705,33573.89777265833,48096.74842227434,19043.90134989668,36831.60730426311,15712.68477528834,22557.08158605422,31910.6407471046,27893.795960136136,21486.5769875155,18650.559748925447,30126.18545552133,23044.155151996758,22823.47939838792,44197.30446617164,26690.512037784803,12689.50989336583,28811.20391430957,24536.577264279553,0.0,40438.99545637575,38907.22506871625,38088.2181182541,18396.232537866235,25365.519573897272,36827.70869881689,29757.03616400067,18962.24694347835,47055.87382899322,36707.3157253805,47875.94342391284,37382.937972227126,35137.819824727296,43278.49695527419,7181.825237949381,54595.24609928876,40748.976570578445,27502.81969760804,37192.57835483354,50118.03651656793,53857.17463646036,4546.320783282623,46317.906519940916,24840.4007744433,21191.085674657155,11311.79755825299,30268.044747508728,29519.13372387867],[16881.58819321178,27412.839060410406,20768.199436908584,24035.659389972163,23505.47408254446,14851.967162370329,29100.744028388097,16878.415190935582,34215.94161575007,18804.395302121397,21522.054362487008,29233.73328125922,32613.83830119387,33354.63260492132,40097.496077266645,28756.499606022917,25186.533019878738,21629.937888977704,20985.404535232054,44145.46273120483,45419.20100050684,15998.460703274177,40438.99545637575,0.0,8841.889880624938,18987.546964994563,22062.70390639697,23210.67335224104,34029.48494997839,13558.587080838844,26266.46405735635,23665.571295014084,32134.369664052978,24668.301253464924,6372.669843151613,42929.191289062874,9968.179567993137,39425.95550172573,23039.86592817829,12373.614567456003,13378.673234077298,5812.880768160338,17478.573090073343,23585.7787532877,39558.996851855416,10836.40686958087,19319.26071738487,20316.95901886501,31208.278475911055,33160.89103412592,22991.022349403807],[12772.74697421147,18957.414057636994,25054.321472987576,18200.331251334646,15319.370785969662,23661.780357957075,24098.951869533397,8222.780167817682,36245.091981625,16369.796501394021,13742.351850428653,22042.182441923153,26681.14721569502,28027.510604102794,32726.057128257566,22695.720917990762,28724.203134104704,13075.06424786368,25447.30912579471,45067.15072306223,38523.72398960168,15240.128486316064,38907.22506871625,8841.889880624938,0.0,26586.313667012353,21604.69448967911,27415.66912264967,25605.22145782897,18048.498979550233,28587.114938727515,15413.198019849624,23668.41010612069,16459.144509698428,13886.925231341462,35039.62590059135,18781.425896246597,39492.90698038146,17518.056509921786,3884.7577607853345,15501.279740413305,13148.544313585702,12126.351517104846,17491.78869317668,37069.43522632718,19598.207519193526,22708.10505071208,21743.05331117053,28346.029657195166,25552.773076269226,15722.057470177568],[26496.357610568357,45503.119949471824,11817.17591350607,43006.74910719511,37799.57780840187,13030.530337100261,36101.485922023305,33124.36132811707,25347.587496515098,24919.312440258494,35253.72126868956,40567.251011187735,40799.51506472134,40171.52629512554,50662.65311353379,37874.357965217,15647.619300448,39604.36734522145,11398.001983146225,35962.535310112005,54340.31360901895,21212.858188565606,38088.2181182541,18987.546964994563,26586.313667012353,0.0,22968.43182205963,12926.073883093748,48055.93117060541,11674.126276344712,19213.80101921847,41998.423245702106,46429.05957378089,43042.00879111573,12819.61038036531,54705.08072463293,11589.249860527696,33817.73910552278,41985.748835896346,30462.967792893884,16230.096403909047,13521.307680264057,36453.37800125883,42571.63609097581,39393.75072154755,14122.256556481605,13778.70799627679,18457.60661968765,33525.63786027276,44969.19699674631,35503.23178174425],[10534.590490639828,35030.87219632962,12353.39929014166,39027.90343240806,22034.820360414393,30649.975794992646,13919.107977405602,21993.44547328365,15664.483226266471,6217.6898644439625,19550.011335873587,20816.03964334206,18765.69507916307,17598.439840419425,29258.55599383139,16756.141644311836,12291.810835706072,30003.347367870952,12955.57779801559,23513.810690060618,31959.509101232266,6430.736734034129,18396.232537866235,22062.70390639697,21604.69448967911,22968.43182205963,0.0,13181.76885441344,29963.007396884652,12345.975858532243,9596.817831553748,32970.48896299614,28883.307684042145,33952.97972017559,19202.661516881548,33875.95608901373,25478.55346938302,17914.288624618704,38574.57927938147,24199.573750403706,9234.024189621141,18943.186829336544,33524.44767949608,38175.93242682786,17979.394802459312,28390.972222271903,9487.806374229029,4645.854635302448,10712.433831076192,25006.7812064821,18203.661859040105],[21131.13536157165,44577.67651792314,2446.8260864962035,45567.93699253064,33453.62428359188,24582.530007615882,27087.302147796352,31192.678119222943,12723.7644281139,17773.226820981617,30821.26354508385,33676.89734518305,31931.64413970758,30616.95209520727,42440.243710703005,29875.101624881525,2746.8066356687386,38931.67703636517,2271.4183896558975,23415.982723285673,44967.049032993455,15098.540631511054,25365.519573897272,23210.67335224104,27415.66912264967,12926.073883093748,13181.76885441344,0.0,42475.86910107024,9721.394304419413,6404.28838953952,41756.65902132083,41197.1124080535,42809.133154649644,17461.782363191316,47033.84327159929,20950.535237483826,20894.50092430127,44807.01878950196,31012.600808361207,12128.566120273521,17740.558742108544,39257.83986281941,44892.03587610946,27092.5674854769,24073.36357408018,4957.928017117388,8799.53944327908,22475.80709317722,37975.685275268086,30110.390308266615],[21813.946894522884,16810.68841701132,40940.23536547469,28428.98667643424,10592.430479902567,48751.347166097206,18416.488813123677,17405.21104011116,44272.02001201756,24703.600423467924,12922.566922810933,9487.220228656846,15359.029588934996,18220.395785966422,11174.24834636109,14362.898743079077,42115.90133579511,17582.855075378044,41532.380619199306,48282.27270722969,17706.191061455986,27719.88262163909,36827.70869881689,34029.48494997839,25605.22145782897,48055.93117060541,29963.007396884652,42475.86910107024,0.0,36665.71973353251,39528.27404064706,18781.943250106084,1971.0761424951295,18875.568110332108,37249.90567106307,10650.492645384491,43453.173533023284,41706.89558784058,29049.613281428563,23293.040077692596,32176.25668380076,36525.4909178174,28040.998878171893,27474.4909658206,32714.298619983747,44836.30304195606,37814.40091467313,33760.75003916887,26640.968812107138,6627.306190579292,12621.123911256847],[14924.985610069354,36068.876030256964,7276.542819500815,36047.83024720818,26664.731763830296,18430.313360224478,24608.688845953096,22944.511443385047,20948.46206655413,13282.436077788932,24055.821467150443,28923.148217644426,29231.993452089802,28772.361528234964,38994.5137018418,26217.65519540284,11630.66453912009,30256.131349094612,7566.993001234415,31256.83989742104,42796.897626139136,9546.516030444423,29757.03616400067,13558.587080838844,18048.498979550233,11674.126276344712,12345.975858532243,9721.394304419413,36665.71973353251,0.0,13074.554088897388,32952.19275980909,35115.88293330464,34012.88177208533,8287.949817551706,43037.6856033081,13528.786971428228,27257.033972062218,35240.65583863599,21793.473749929664,4566.756510919101,8390.058386106546,29660.47914267829,35410.934384633205,30062.01229991303,16599.74155852829,5903.863773239499,8578.788581334293,23038.99511916343,33329.72358629508,24052.419605417803],[19573.152399925224,44008.80965897928,7546.9525063849915,46691.151704313095,31522.180242628856,30196.097726866774,22694.320623594824,30697.497751778315,7949.581263846354,15496.55911088444,28985.092194317356,30289.31659418209,27443.302257441235,25758.070374301155,38056.69968000601,25989.208875273678,3990.620688145577,38692.74776336195,7868.36736053878,18204.956475765503,39930.520237523655,14078.359213672496,18962.24694347835,26266.46405735635,28587.114938727515,19213.80101921847,9596.817831553748,6404.28838953952,39528.27404064706,13074.554088897388,0.0,41627.01739132607,38475.16142316577,42647.294409618524,21362.371393664445,42862.41815262061,26015.174807490082,14797.672489704119,46077.520055973735,31790.578310792105,13308.581037655988,21447.324542863065,40708.284702528224,45919.17946031141,20776.34416675894,29159.78334625899,7195.6415379869995,6961.265478349743,16927.669409652328,34380.1984652255,27766.90038193578],[22444.298793745085,3939.132143393061,39535.3737579652,9687.46068008178,13979.61168595512,37788.4671282371,28640.977053489773,10983.083999379198,48597.91949549967,26786.76209775396,15190.699373766407,21683.729157352693,28618.449359713977,31074.26580101546,29405.750544698116,25293.180261119913,42612.77921251805,2969.2897871022856,39999.03729338368,55879.86177474369,36005.80504350797,27549.00901421098,47055.87382899322,23665.571295014084,15413.198019849624,41998.423245702106,32970.48896299614,41756.65902132083,18781.943250106084,32952.19275980909,41627.01739132607,0.0,17039.88423679405,1060.8194035865627,29258.995008018814,29416.001841673133,33517.28959775877,49633.97677730777,10267.675724261204,11536.070665540617,29633.95467233949,28529.57879740756,10271.840900025554,8714.024707377188,43987.077645068974,33671.297428218895,36840.735003783426,34691.675544396734,35744.150329331904,22732.678932004696,17715.37437897262],[20348.012178850488,15293.318069487072,39594.225687551145,26715.881307404157,8779.334577818077,46883.53856694598,17981.501677327204,15459.23319458375,43483.17256105997,23436.083248980638,11202.28201180813,8936.278459089566,15385.034246507468,18250.436765466737,12550.9577579096,13885.972797509263,40938.063196679,15718.644240109632,40180.86496225654,47895.74169823418,19148.160939714504,26317.408140895895,36707.3157253805,32134.369664052978,23668.41010612069,46429.05957378089,28883.307684042145,41197.1124080535,1971.0761424951295,35115.88293330464,38475.16142316577,17039.88423679405,0.0,17190.617896818767,35463.540036491584,12494.669173753922,41610.623504277544,41316.84445886829,27298.608714625138,21324.822323640572,30660.348580515438,34734.59282020662,26145.270031221222,25750.69211579854,32710.487819057937,42951.78074314127,36475.77479897661,32539.036188900183,26232.608579541567,6992.512966282754,11154.362574372237],[23421.753593837082,3183.101048713516,40590.83990146903,9562.382452853104,14647.182736535879,38725.9463102656,29369.929570248438,11979.788685869828,49590.000052536525,27761.015197351375,15977.74747902239,22222.40821468453,29208.681310763433,31706.142272335514,29642.785371130925,25954.20222194525,43655.16706643561,3958.649532832512,41055.496657854455,56804.86946354786,36250.31978346664,28570.613231483563,47875.94342391284,24668.301253464924,16459.144509698428,43042.00879111573,33952.97972017559,42809.133154649644,18875.568110332108,34012.88177208533,42647.294409618524,1060.8194035865627,17190.617896818767,0.0,30294.320605008754,29472.314344307662,34499.370217442854,50538.40500919364,10259.959417535829,12579.109723898622,30687.84559393902,29566.372880375635,10815.481328418016,8624.61386844972,44756.178999275406,34612.23225288702,37890.95211931741,35716.53640817835,36565.045813064455,23086.860259883448,18465.273144961564],[17318.955890659945,32844.21741720975,15067.75933254705,30350.106986855124,26684.254515301116,12362.825089111651,29029.83997768054,21032.971638472947,29220.435024306396,17736.802678204436,24348.567948165648,31076.68485984214,33152.52888255525,33349.28807791461,41808.63601505803,29580.42214888691,19686.479663910588,26960.2252663487,15194.336288766237,39540.13364236975,46515.6845632751,14192.394367876801,37382.937972227126,6372.669843151613,13886.925231341462,12819.61038036531,19202.661516881548,17461.782363191316,37249.90567106307,8287.949817551706,21362.371393664445,29258.995008018814,35463.540036491584,30294.320605008754,0.0,45209.732562267214,6813.727672503518,35395.74600877306,29377.599832264725,17732.69946001897,9969.671766082354,752.933233533399,23795.260159126938,29868.121655997093,37176.34785079327,9356.897651472855,14182.017514207064,16342.490118330008,29405.261252199503,35310.048854917564,25227.695436866776],[28331.890739211936,27238.16348671478,45943.4172620103,39034.47503059692,19739.23457919079,57246.22528752018,20168.420002250496,27089.94903351985,45948.208679190764,29963.984824775907,21430.745875528817,14210.31913554191,15487.656253257102,17638.805359524085,5072.654371379471,17178.50069495098,46087.37919658078,28212.08767733482,46552.84871319,47600.782755811786,8880.33942956667,33543.84218254116,35137.819824727296,42929.191289062874,35039.62590059135,54705.08072463293,33875.95608901373,47033.84327159929,10650.492645384491,43037.6856033081,42862.41815262061,29416.001841673133,12494.669173753922,29472.314344307662,45209.732562267214,0.0,51775.163854104445,41265.368270113744,39681.512420994826,33228.33335427084,38475.604348340545,44531.63276011715,38631.64537772904,38089.28552169984,30628.71695181673,53520.97442281754,42865.34936599026,38280.33659845072,27202.626281637004,9900.112306103638,20045.62694375983],[24101.994522418612,37314.79777521984,18840.221841845432,32786.72282565167,32861.42982806518,5556.209192297777,35838.31263941179,26646.09454499924,33505.85091453481,24505.4691264344,30654.848784721344,37715.19276320919,39962.064117942246,40156.613252252944,48501.10977307036,36369.16555548586,23537.403393638717,31572.449620945798,18759.4326546972,44119.43699427498,53300.6373670596,20895.443744553977,43278.49695527419,9968.179567993137,18781.425896246597,11589.249860527696,25478.55346938302,20950.535237483826,43453.173533023284,13528.786971428228,26015.174807490082,33517.28959775877,41610.623504277544,34499.370217442854,6813.727672503518,51775.163854104445,0.0,40610.10147102663,31666.1721760025,22336.385183001443,16367.801097148209,7388.960187503562,26358.09932314279,32491.79088118281,43419.90914932137,3146.481461776974,18943.71726671833,22088.229574122517,35925.17909457427,41887.94061025884,31737.306237607514],[27629.721812704276,51073.835986694816,22335.86461138306,56545.55143647762,36906.28880812276,44964.49089905794,23336.01932680517,38903.44499607526,9357.9231146188,23416.88813425936,34887.76236903027,32380.614675917688,26701.890833880552,24024.00792246091,36198.63596307332,27430.871993552206,18171.481332489602,46689.900532266416,22624.993010583963,6579.179125706893,35527.868073956015,24339.69853738202,7181.825237949381,39425.95550172573,39492.90698038146,33817.73910552278,17914.288624618704,20894.50092430127,41706.89558784058,27257.033972062218,14797.672489704119,49633.97677730777,41316.84445886829,50538.40500919364,35395.74600877306,41265.368270113744,40610.10147102663,0.0,56183.13603368605,41909.19585209926,26058.536301872446,35347.046526885446,51297.08842455454,55652.3853036366,11408.695101357685,43738.39547242694,21670.460653562044,19170.16885392352,15084.756320749439,35351.75450158681,32771.65348650993],[28578.509877567103,12956.351154633665,42408.28452493505,1274.0664375013737,23216.19783203986,34737.167293940336,37163.401492240344,17859.577046861494,53651.3289628152,32768.88717201536,23740.4443951042,31241.57050951682,37890.43666537118,40122.62206756656,39589.19869465074,34272.342855063056,46217.15350076824,11951.104510662775,42764.334948391144,62066.10346848286,46172.19637565219,32424.651851729926,54595.24609928876,23039.86592817829,17518.056509921786,41985.748835896346,38574.57927938147,44807.01878950196,29049.613281428563,35240.65583863599,46077.520055973735,10267.675724261204,27298.608714625138,10259.959417535829,29377.599832264725,39681.512420994826,31666.1721760025,56183.13603368605,0.0,14394.064938225249,33011.415835529995,28759.053046924124,5609.4771002563,1754.7873174211759,52009.74009840993,30854.827449212975,40184.62201655222,39188.4771602791,43424.37480386711,32762.6