{"problem":"50.40.1","tabu_size":4,"reset_after":250,"iterations":4655,"solution":{"truck_routes":[[[0,48,3,18,19,0],[0,14,31,47,13,32,0],[0,49,43,37,0]],[[0,42,41,40,25,21,0],[0,6,28,35,27,20,36,17,0],[0,34,44,15,0]],[[0,38,4,8,26,1,11,30,9,0],[0,39,7,45,22,29,0],[0,50,2,16,23,0]]],"drone_routes":[[[0,5,0],[0,24,0]],[[0,46,33,10,0]],[[0,12,0]]],"truck_working_time":[14477.635234919931,14422.88174080522,14450.257787242006],"drone_working_time":[968.0028766032146,562.7314613052696,392.98458008110504],"working_time":14477.635234919931,"energy_violation":0.0,"capacity_violation":0.0,"waiting_time_violation":0.0,"fixed_time_violation":0.0,"feasible":true},"config":{"customers_count":50,"trucks_count":3,"drones_count":3,"x":[0.0,14770.194037559333,25178.181035310085,-29908.40973784368,9871.250976446086,2982.1123420072454,29776.085034425752,4569.4228908827245,10793.324166217697,15522.97136765835,-5716.0415717306605,19271.201962622654,5749.895929411924,-6921.43676782987,2963.887696767471,-23161.38423889957,25506.642264198093,-93.4637099619745,-24347.29831804165,-20117.879177737414,21606.477744780244,-19157.838353949723,-9134.336217465103,11516.130043678573,-1.4026907134212967,-23788.374285805337,12689.979762089522,21147.91460906553,25165.95116751624,-10017.157413052106,19258.921650681397,1465.4221260406716,-1809.263958181397,-6044.211386948583,-14369.005881135767,24437.22776382557,13427.9060984503,-28568.040336605936,10755.293923243229,11016.997767212404,-25872.087317796995,-31823.84939461897,-23026.082420059127,-25151.11498875918,-20211.744891663577,-10263.450208521312,-2653.4254202700536,-322.5678640702341,-27545.732068286896,-29569.22793665074,9270.628687006265],"y":[0.0,-24282.29101321338,17541.6622213192,23844.596543235923,-16839.392749782422,10451.382311774609,25308.27011196604,31680.851083211794,-22239.017202874205,-3462.640294621929,6278.226699150267,-24995.34589511559,-2178.6150740858843,-25006.640811999703,-12435.035614158907,4337.319045012334,9582.593010898225,2679.3574483038274,26259.43440860114,16663.620241033717,28213.708518573465,-22032.507851171747,26361.791741150584,4765.835702363361,-4277.255654188751,-25388.6518394039,-24601.225401520045,29620.187479867996,30272.685017379616,21650.250268879798,-10822.425775074482,-23210.322764583856,-15261.32230462484,5271.342685681038,3742.211752931388,30230.5213280888,20406.693088737815,-17689.32112966345,-16423.994654225866,28864.583978188974,-25075.507765599257,-28023.90568012908,-29872.665181439683,-8819.400603743332,2888.4977112131655,30461.884871268838,2845.507094841785,-26783.40225466889,10682.946744463545,-3093.9214748504533,9287.114345296915],"demands":[0.0,0.9629731803066756,0.2497558066915698,0.9587259890487679,0.7567279186179968,1.0829157901328716,0.18468541853614706,0.9843759120253259,18.434476823748206,0.13038570136499972,1.0767495393608182,0.8932919679485022,1.591988607994714,11.457307172757176,0.36516589637515423,0.7144143003703086,0.5564686259169676,0.4690198615348271,0.8193579626932124,0.18319683641428616,0.849409129512189,0.9108882766940567,0.8186269989413918,0.756421990465039,0.8840849755315976,1.0520993365792646,0.31707095411726444,0.20741979681142395,1.0588664411180972,0.02246505004433601,0.38114018345533457,0.7803211248422056,0.7036722314802325,0.2722322785904017,0.26875990726044324,0.8528754245810792,0.09589161307057328,0.5571386791840877,15.671564094541113,5.281508705953465,0.8683583679954343,0.4980381393954908,0.39658901537149793,0.9894893440882679,0.8404465781047372,0.2723853077618367,0.844801003598343,0.28261940687834847,0.8489780613370173,0.5404895995732409,0.027401389990997442],"dronable":[true,true,true,true,true,true,true,true,false,true,true,true,true,false,true,true,true,true,true,true,true,true,true,true,true,true,true,true,true,true,true,true,true,true,true,true,true,true,false,false,true,true,true,true,true,true,true,true,true,true,true],"distances":[[0.0,28421.61657537334,30686.327798120543,38250.199442047895,19519.394048520375,10868.504324295367,39078.431084648044,32008.685554273623,24719.82469004976,15904.481063243793,8490.539543260862,31561.789263295308,6148.793933781002,25946.837410972388,12783.377527259765,23563.999158890074,27247.291395775323,2680.987094497296,35809.89850372854,26122.888472514467,35536.64628108157,29196.81785071811,27899.465262572503,12463.323839363138,4277.25588418917,34791.815034344385,27681.327237302707,36394.91446143068,39366.99831492481,23855.330208215404,22091.422833400324,23256.537679621382,15368.194251635872,8019.946695583574,14848.315689528294,38872.387636330226,24428.29885617782,33601.26501639933,19632.21708766976,30895.605642820577,36029.793114620305,42403.97009550121,37717.05975626619,26652.587345079555,20417.101914654104,32144.437156267544,3890.7039321606376,26785.344619069838,29544.757679204162,29730.650696917943,13122.311119424172],[28421.61657537334,0.0,43099.527346709,65668.6754944134,8910.464503930936,36679.51652772965,51811.200693672334,56885.22659963257,4471.069428850643,20833.255380589388,36791.72586719783,4557.139410429244,23873.379902766417,21703.72156171175,16725.618969205516,47517.225407509046,35526.07057485846,30787.31572251604,63911.22136843102,53793.54330323097,52939.255206009264,34002.54264368319,56002.22928370123,29229.82377915533,24867.680020833148,38574.43746090551,2104.521460074222,54278.47185934138,55536.62913792686,52193.976094634934,14188.609791437088,13347.886407353255,18874.753081136314,36147.70722997812,40428.52615655604,55363.329473784324,44709.13818198607,43836.85447834364,8824.525176665988,53279.23426247317,40650.02123719261,46744.03238570028,38207.47043971238,42811.352398518095,44294.331591698116,60196.4129953808,32241.27704050589,15298.595336220122,54892.67213067983,49141.950965557815,34016.91042950526],[30686.327798120543,43099.527346709,0.0,55446.00494242399,37634.54594854129,23301.020034185414,9025.570303983104,24992.750427429324,42301.614184268656,23117.175387739007,32883.399615238144,42945.19136367664,27682.983920880593,53298.626193578326,37310.551344765416,50110.56026046065,7965.843927366,29317.98307007548,50286.903435075576,45304.56962099043,11253.872069928651,59428.92858037455,35428.00481213409,18704.902580350285,33317.8122612213,65120.92908864382,43954.273378497855,12733.177917861485,12731.028670279407,35434.33849021765,28975.1465834028,47148.90471029421,42477.73512189712,33546.960072056885,41885.615982503994,12710.474309874255,12094.517888822882,64264.13073897615,36901.02328709444,18131.400074590067,66500.77500765046,72975.69767611715,67614.86122392514,56814.995129325565,47696.547105806174,37723.22068100757,31473.40612961645,51137.066157824775,53168.157678709395,58507.316667445615,17921.712595384695],[38250.199442047895,65668.6754944134,55446.00494242399,0.0,56899.98586413216,35512.87977811683,59702.43928464612,35357.146773881,61484.39313108401,53006.56160205289,29897.291298443084,69310.70757386721,44144.33492464629,53989.298175302436,48957.120504635684,20641.129534889857,57220.91167698578,36563.620616551925,6062.788313924067,12141.701252343693,51699.8333827145,47119.884260209925,20926.02213261037,45606.92503703941,41052.01141881964,49612.17169446337,64510.6227833139,51381.958959192096,55448.22405240096,20011.92331137382,60160.02752897704,56555.13024376052,48154.28207835918,30240.134288525267,25408.24563954261,54719.54267737109,43472.46772873004,41555.540032478915,57228.45649207211,41232.13859723974,49086.33724638543,51903.85758278442,54156.35361161627,33008.61346599605,23090.764114611942,20729.518559895074,34406.33557664696,58638.86340696397,13372.033173595826,26940.653245699606,41796.14025049657],[19519.394048520375,8910.464503930936,37634.54594854129,56899.98586413216,0.0,28146.876107039327,46611.45678460735,48809.0508273013,5477.7881669267135,14521.68893851837,27881.67889435852,12445.0251205609,15229.050183117657,18673.465200292845,8192.071121247074,39237.84030384309,30701.576380679908,21915.226398027662,55031.06412061743,44964.42823907975,46556.390336890996,29489.938484309823,47196.97750921124,21667.75308183175,15977.377095135756,34728.377499915965,8257.801043897534,47808.532060695674,49532.572368834684,43324.37429405663,11150.437312617998,10547.355493952302,11786.633763205487,27243.101213659425,31799.253079713577,49272.147213904296,37415.51424138517,38448.68651723494,976.7740319919391,45718.33575776247,36679.96487144539,43169.140881447725,35385.03546527281,35928.90746771041,35974.66195034699,51408.336448398055,23331.583759688165,14240.690558625936,46449.00204962822,41767.084617727574,26133.41003626972],[10868.504324295367,36679.51652772965,23301.020034185414,35512.87977811683,28146.876107039327,0.0,30637.298963021298,21288.72704263921,33610.67167716285,18731.608852220055,9647.440555621584,39010.31890720179,12929.712291986609,36815.101369099466,22886.42518215077,26848.914002355068,22541.27864751661,8358.441154297529,31572.000223640818,23920.733857931715,25736.49585574426,39311.32835376806,19998.736307694933,10254.506247510277,15027.778887210428,44734.40512902272,36372.07716570527,26409.0791883811,29749.062942946366,17157.96193274359,26786.366528273804,33695.85639005108,26155.314288691294,10407.08079087554,18603.07160608522,29181.09521574248,14429.927923176347,42276.60492781754,27976.923329049165,20089.93228968727,45768.163133095615,51882.586273926405,47983.903561679705,34100.46266873224,24395.742187056207,23997.190251433385,9466.18316353568,37381.14622338244,30528.722646478574,35257.12706119064,6395.385658354462],[39078.431084648044,51811.200693672334,9025.570303983104,59702.43928464612,46611.45678460735,30637.298963021298,0.0,25999.723164945597,51196.579389442995,32107.888981085373,40271.995273652494,51388.776515307065,36507.3502207581,62275.985481673706,46297.419509182866,56939.93714184122,16294.939762248216,37473.42565783126,54131.74058754566,50637.314662170116,8670.873981417242,68085.81435464008,38924.68098549761,27484.86070070105,41976.208857883095,73751.80809723913,52753.13010417528,9645.618501510171,6774.861594447411,39961.02167933356,37630.27917677704,56174.26002211875,51415.232177177786,41043.53903358401,49131.292727634194,7261.67707836574,17067.17351635327,72476.4086989202,45862.53827483584,19093.211448418402,75068.26332984217,81479.2789387679,76374.10888348546,64666.02825956496,54785.30218243933,40369.84180744958,39449.32028178318,60162.04149010386,59158.18455261161,65791.72180882067,26022.128508555976],[32008.685554273623,56885.22659963257,24992.750427429324,35357.146773881,48809.0508273013,21288.72704263921,25999.723164945597,0.0,54277.88815967308,36810.93873370994,27405.913683170646,58551.973594409406,33880.03785493578,57840.39758737743,44145.09261916654,38944.40150256805,30441.750358954465,29373.953504898593,29420.5459540506,28896.02231440446,17386.268019855208,58720.59139854135,14699.843740121683,27797.028496190247,36247.45351932552,63726.704171395984,56864.88879204555,16706.06842246259,20644.60967708339,17702.57827717808,44970.10026124314,54978.866732018636,47373.57162271114,28462.455382183794,33752.505862236496,19920.67084382267,14338.039029906364,59460.11582129758,48500.94003059808,7035.807145787277,64404.73440330427,69922.30150543076,67456.26196217023,50235.25414051312,37988.23356468094,14882.8761672226,29726.19384740584,58668.56476770535,38370.49862421258,48731.224967049726,22881.887619349593],[24719.82469004976,4471.069428850643,42301.614184268656,61484.39313108401,5477.7881669267135,33610.67167716285,51196.579389442995,54277.88815967308,0.0,19362.899897764404,32951.36350497343,8914.693477088782,20684.67795128812,17929.654078990112,12546.638211928554,43118.71833945518,35058.47409756482,27192.784806220283,59891.26110954626,49688.2047599175,51598.46725472771,29951.874439203668,52527.61443641811,27014.52440392038,20955.93008786738,34724.83356576788,3029.4108376219842,52882.8389325466,54443.10128002506,48573.078374427656,14212.842804951733,9378.336257852285,14405.32726203401,32254.03082875019,36168.59288755837,54214.46835516354,42727.01286345384,39623.43687620666,5815.1469061984435,51104.09067337901,36774.96537054175,43008.0041039892,34670.22992869475,38367.80963038552,39908.72477343356,56751.85306663634,28461.34982189728,12008.933804796898,50534.53218446087,44672.92583536434,31562.88282009426],[15904.481063243793,20833.255380589388,23117.175387739007,53006.56160205289,14521.68893851837,18731.608852220055,32107.888981085373,36810.93873370994,19362.899897764404,0.0,23366.218359629664,21856.501162595938,9857.064689278863,31111.017579711915,15434.845655933428,39462.877928435184,16427.16641925402,16780.85757068558,49729.670514436555,40930.875763271026,32255.234055509623,39339.52902633922,38697.281088001524,9152.190701057047,15545.732150281267,45012.574680282516,21327.57890054092,33557.61433751831,35086.45370120838,35818.36750313571,8253.71230632012,24240.1661218513,20967.00452051875,23268.558843874205,30748.01126690242,34852.447650498165,23961.101282040723,46329.4265093764,13810.4111107964,32639.749191323914,46697.61154374303,53338.32762313163,46728.13887210433,41025.31147887471,36294.72275832135,42612.356722383,19239.909658816276,28194.66353658832,45332.2274803891,45093.70678562128,14200.282827269175],[8490.539543260862,36791.72586719783,32883.399615238144,29897.291298443084,27881.67889435852,9647.440555621584,40271.995273652494,27405.913683170646,32951.36350497343,23366.218359629664,0.0,40029.97229893993,14247.311871285046,31308.080630549455,20628.31448550385,17552.979897921472,31397.051177468584,6675.720312920497,27319.81679065908,17755.825113172996,35038.342204667126,31339.744598724337,20372.391196943816,17298.41221355526,12003.137308724139,36460.94357122092,35948.882922542056,35588.190102508765,39107.9468335036,15962.415422134161,30268.483658833058,30350.41960694286,21890.98176436495,1059.0140906522765,9016.937570333073,38508.85702814449,23792.946327017424,33115.81489977764,28048.097036442134,28109.39594966425,37273.62130251823,43107.46936532546,40081.47325052941,24610.169217263967,14886.761815491482,24607.483575039438,4600.34581015288,33498.66964097585,22269.64179893835,25628.337073540963,15285.734863304539],[31561.789263295308,4557.139410429244,42945.19136367664,69310.70757386721,12445.0251205609,39010.31890720179,51388.776515307065,58551.973594409406,8914.693477088782,21856.501162595938,40029.97229893993,0.0,26522.23448737055,26192.641165776866,20583.728839043477,51584.19917222157,35135.6595888356,33776.90752211113,67302.4967643592,57332.09548424603,53260.27585900822,38543.08691487212,58689.268060615745,30754.984482943815,28296.15792567923,43061.372438184044,6593.012711671512,54647.76789761192,55581.50150124697,55078.30458913216,14172.925440258532,17895.0301247403,23219.329419654037,39458.11184923291,44243.76570033442,55466.965241787795,45776.51417973629,48393.915956840094,12082.580512037524,54488.75051656822,45143.36045290747,51184.72865582624,42577.55875540782,47275.82309593873,48336.44408270629,62831.521731902,35437.3021135513,19675.18644298853,58862.26191482946,53526.25509394828,35711.3223778739],[6148.793933781002,23873.379902766417,27682.983920880593,44144.33492464629,15229.050183117657,12929.712291986609,36507.3502207581,33880.03785493578,20684.67795128812,9857.064689278863,14247.311871285046,26522.23448737055,0.0,26109.02969118241,10628.076221367368,29636.45590172735,22992.49967609834,7598.996572137489,41407.29114478159,32002.68146053382,34280.08926809245,31852.35133447092,32188.432515133813,9026.342141036923,6122.232280982991,37566.144518097746,23472.07314023519,35330.76312683191,37816.267381055295,28572.973150116828,16037.744210843532,21463.67732124032,15109.537606630991,13950.012115125199,20972.038536536846,37410.8071741877,23854.726679749812,37660.36048554228,15099.16714454541,31486.86343808986,39041.22845676657,45604.444785414926,39937.66820080824,31606.526354786874,26451.510847236586,36356.97307554581,9790.69013268888,25343.0536582499,35693.39737505403,35330.98210457159,11994.10314566696],[25946.837410972388,21703.72156171175,53298.626193578326,53989.298175302436,18673.465200292845,36815.101369099466,62275.985481673706,57840.39758737743,17929.654078990112,31111.017579711915,31308.080630549455,26192.641165776866,26109.02969118241,0.0,15992.651344312626,33538.09586057379,47413.02991965982,28515.534639008612,54146.75539024895,43709.91590595846,60384.16588234891,12592.65621882372,51416.075180256084,35019.19798806275,21853.930553777413,16871.262953920992,19615.606540840126,61416.43799463477,63917.16771466081,46759.48001898983,29775.88156772943,8577.07179829849,11004.796392750399,30290.688487630807,29697.85866855745,63517.79217273953,49764.11007010276,22849.91495382979,19650.155800763405,56779.36503663136,18950.77568133472,25084.537905237823,16823.727433236978,24379.25170300385,30899.369625538882,55569.1136811915,28177.261468912733,6833.8826470141985,41220.24037521992,31513.325968155048,37924.1957921629],[12783.377527259765,16725.618969205516,37310.551344765416,48957.120504635684,8192.071121247074,22886.42518215077,46297.419509182866,44145.09261916654,12546.638211928554,15434.845655933428,20628.31448550385,20583.728839043477,10628.076221367368,15992.651344312626,0.0,31045.800271946206,31511.136979778268,15420.514753757483,47362.04062197681,37141.61728611083,44719.86765707843,24113.942788420394,40639.40002899402,19209.65442708062,8679.995446852336,29723.38632281222,15576.04060103886,45818.12549892842,48133.99031766116,36473.47318081524,16374.634104379847,10878.980294162067,5547.150004988687,19866.093768003037,23709.334283335524,47764.569325261415,34468.46131328504,31966.701452922545,8753.159727166934,42077.442416089725,31484.837481745482,38120.854159805036,31297.755056860617,28346.53757579069,27783.459457881334,44889.95717522796,16280.331450447686,14719.932588292,38278.94991430375,33847.600006218294,22619.168436948446],[23563.999158890074,47517.225407509046,50110.56026046065,20641.129534889857,39237.84030384309,26848.914002355068,56939.93714184122,38944.40150256805,43118.71833945518,39462.877928435184,17552.979897921472,51584.19917222157,29636.45590172735,33538.09586057379,31045.800271946206,0.0,48949.8692815764,23127.425152522723,21954.16894846179,12696.480781395996,50737.002679336365,26672.01061389284,26111.979506321764,34680.16181254116,24710.233559406886,29732.58249025941,46073.41592952867,51015.07032919294,54846.82812711084,21737.255724025817,45047.75482502726,36950.671996677855,28983.094783579694,17142.63709599243,8812.495099298565,54185.66036377416,39962.494285868124,22680.49398808383,39766.48342602788,42068.37911850129,29537.472677481666,33500.55474593154,34210.25178738499,13306.325577442118,3286.2525064325737,29135.0243154592,20562.146721616296,38601.95367614967,7712.943458180919,9812.4307140922,32807.55912805527],[27247.291395775323,35526.07057485846,7965.843927366,57220.91167698578,30701.576380679908,22541.27864751661,16294.939762248216,30441.750358954465,35058.47409756482,16427.16641925402,31397.051177468584,35135.6595888356,22992.49967609834,47413.02991965982,31511.136979778268,48949.8692815764,0.0,26514.525964476416,52569.31072956567,46170.747269667976,19034.961211908543,54721.38915824195,38490.76382973394,14796.471983612515,29030.25598304121,60439.942281945434,36507.53728952615,20506.1868438407,20692.89679237838,37517.5784826995,21340.075082352934,40661.47551170773,36923.960526394134,31844.04568334182,40301.0839587334,20675.6037678576,16219.032334169346,60562.60066466652,29898.911014616842,24119.389986309972,61975.461296335925,68564.08693798767,62547.124348781676,53896.58374046405,46205.863654026885,41417.92298145135,28954.753299486998,44605.31030612262,53063.7842662308,56515.88712820621,16238.70205775643],[2680.987094497296,30787.31572251604,29317.98307007548,36563.620616551925,21915.226398027662,8358.441154297529,37473.42565783126,29373.953504898593,27192.784806220283,16780.85757068558,6675.720312920497,33776.90752211113,7598.996572137489,28515.534639008612,15420.514753757483,23127.425152522723,26514.525964476416,0.0,33827.03833695211,24424.10327283714,33509.55899021979,31211.002341253767,25349.458963298013,11795.594882380157,6957.222225072051,36732.300943067276,30127.174239036103,34307.49882579145,37408.95302313185,21409.68171464797,23596.884738412904,25936.57006188902,18022.54034504943,6490.746134763161,14315.053739117666,36889.31356521724,22295.422633456492,35009.77836375377,21968.923590773713,28444.831563171134,37879.67764060772,44153.230260433644,39818.82944274017,27570.04396712719,20119.368214622908,29585.42640200884,2565.347863991968,29463.650453203227,28595.18280478532,30035.835701239983,11460.745073018512],[35809.89850372854,63911.22136843102,50286.903435075576,6062.788313924067,55031.06412061743,31572.000223640818,54131.74058754566,29420.5459540506,59891.26110954626,49729.670514436555,27319.81679065908,67302.4967643592,41407.29114478159,54146.75539024895,47362.04062197681,21954.16894846179,52569.31072956567,33827.03833695211,0.0,10486.545465636407,45995.311953816454,48569.97201914112,15213.306441964054,41811.00667528857,39053.963613027176,51651.11043487041,62917.14141556212,45619.17426355775,49675.628381208815,15053.156373024009,57241.3030480817,55799.2241119734,47243.37234835317,27847.85423290019,24629.081105096477,48945.88354861427,38225.915942786625,44150.965748774026,55263.61459965588,35460.121853787234,51357.58239561393,54795.801182110794,56147.64657432529,35088.04336327986,23734.015342030587,14697.461259115995,31919.212295397818,58229.97677032273,15901.47623353689,29814.225640829063,37659.32373859054],[26122.888472514467,53793.54330323097,45304.56962099043,12141.701252343693,44964.42823907975,23920.733857931715,50637.314662170116,28896.02231440446,49688.2047599175,40930.875763271026,17755.825113172996,57332.09548424603,32002.68146053382,43709.91590595846,37141.61728611083,12696.480781395996,46170.747269667976,24424.10327283714,10486.545465636407,0.0,43293.49258048614,38708.03544112917,14652.397292109796,33797.45280859573,29037.784170148014,42212.15608643443,52717.57860637541,43252.033148389426,47284.584536870934,11264.593166297826,48020.98675663154,45340.60239988996,36802.27367706183,18106.686968732833,14142.571954803074,46574.868327028584,33753.967235560805,35376.96714572077,45254.20507290034,33440.15667565786,42133.90224122638,46195.28884716617,46627.068394019385,25975.330875750045,13775.44233350859,16955.88031083385,22269.876424616235,47744.08983054435,9536.322878144447,21901.790977395332,30300.119368509768],[35536.64628108157,52939.255206009264,11253.872069928651,51699.8333827145,46556.390336890996,25736.49585574426,8670.873981417242,17386.268019855208,51598.46725472771,32255.234055509623,35038.342204667126,53260.27585900822,34280.08926809245,60384.16588234891,44719.86765707843,50737.002679336365,19034.961211908543,33509.55899021979,45995.311953816454,43293.49258048614,0.0,64702.4862464529,30796.545890925474,25526.806622339045,39020.036517029395,70241.76554461899,53562.31120161985,1479.345537053685,4112.084054320866,32297.57397686647,39106.659282105116,55227.64810172804,49379.90749867662,35929.27440778309,43509.64922944543,3475.7272014573064,11306.569952724125,68004.1939558603,45937.7049369222,10609.46393835428,71371.94625749475,77572.34757943923,73253.61585946174,59646.656649815355,48888.956287779576,31949.125256592717,35101.11885756122,59207.8139667336,52184.93401249414,59992.67078400148,22591.79362016414],[29196.81785071811,34002.54264368319,59428.92858037455,47119.884260209925,29489.938484309823,39311.32835376806,68085.81435464008,58720.59139854135,29951.874439203668,39339.52902633922,31339.744598724337,38543.08691487212,31852.35133447092,12592.65621882372,24113.942788420394,26672.01061389284,54721.38915824195,31211.002341253767,48569.97201914112,38708.03544112917,64702.4862464529,0.0,49421.44097566927,40731.35836762624,26119.30335782678,5718.877991875048,31951.24142511187,65517.5904385748,68559.6931043275,44628.86291446621,40018.91289635767,20656.866190102253,18623.15728525306,30289.725425768647,26215.817498655575,68058.46022946331,53506.228776985765,10364.12911209972,30434.370420844243,59169.541925093254,7371.633986283503,14011.591045530478,8742.504167476538,14508.810011623913,24943.28040235798,53242.571385869036,29854.83669256098,19425.20043809344,33773.624773809686,21611.734936745772,42297.71238292035],[27899.465262572503,56002.22928370123,35428.00481213409,20926.02213261037,47196.97750921124,19998.736307694933,38924.68098549761,14699.843740121683,52527.61443641811,38697.281088001524,20372.391196943816,58689.268060615745,32188.432515133813,51416.075180256084,40639.40002899402,26111.979506321764,38490.76382973394,25349.458963298013,15213.306441964054,14652.397292109796,30796.545890925474,49421.44097566927,0.0,29880.212081440513,31971.26366126173,53785.21397645005,55439.42536011339,30457.049396010225,34522.52599260899,4793.53693094204,46785.0737379028,50692.69585956508,42262.75318139313,21315.626024809382,23217.38928758357,33793.74168047605,23334.90900522331,48147.37169303751,47182.84544837195,20306.16237361945,54092.03353954951,58928.92407142035,57924.90619704054,38655.5752384698,25955.818529784476,4252.724077628571,24392.98768760027,53870.761145237004,24182.755790145096,35850.01869787713,25105.524119350684],[12463.323839363138,29229.82377915533,18704.902580350285,45606.92503703941,21667.75308183175,10254.506247510277,27484.86070070105,27797.028496190247,27014.52440392038,9152.190701057047,17298.41221355526,30754.984482943815,9026.342141036923,35019.19798806275,19209.65442708062,34680.16181254116,14796.471983612515,11795.594882380157,41811.00667528857,33797.45280859573,25526.806622339045,40731.35836762624,29880.212081440513,0.0,14643.464807576745,46429.52880287657,29390.512092180958,26655.394879723208,28929.51742929201,27363.58755624319,17405.30717219452,29726.792161506626,24055.211143153105,17567.615901720514,25905.36754875261,28555.296887103374,15757.262054827383,45945.34561222277,21203.485141438174,24103.916725109597,47837.062801157204,54346.30583252914,48918.19891785899,39103.01144108456,31783.36744030954,33684.374105107294,14299.08962160816,33697.317160574974,39507.483781414725,41830.40070638307,5048.191449406833],[4277.25588418917,24867.680020833148,33317.8122612213,41052.01141881964,15977.377095135756,15027.778887210428,41976.208857883095,36247.45351932552,20955.93008786738,15545.732150281267,12003.137308724139,28296.15792567923,6122.232280982991,21853.930553777413,8679.995446852336,24710.233559406886,29030.25598304121,6957.222225072051,39053.963613027176,29037.784170148014,39020.036517029395,26119.30335782678,31971.26366126173,14643.464807576745,0.0,31804.261767172437,23961.11297193334,39954.10208318215,42744.521293778,27794.799982169403,20342.0585400559,18989.80266484543,11131.84991560851,11300.056070456438,16454.175121570104,42285.143144515016,28100.598927747713,31558.45824355404,16224.974279786367,34925.44463381194,33194.27080030242,39706.06378977147,34427.61777275086,25556.586419497387,21443.086372378293,36223.16253042019,7600.458784643335,22508.438014906344,31344.819933585502,29591.49488542744,16430.541663389104],[34791.815034344385,38574.43746090551,65120.92908864382,49612.17169446337,34728.377499915965,44734.40512902272,73751.80809723913,63726.704171395984,34724.83356576788,45012.574680282516,36460.94357122092,43061.372438184044,37566.144518097746,16871.262953920992,29723.38632281222,29732.58249025941,60439.942281945434,36732.300943067276,51651.11043487041,42212.15608643443,70241.76554461899,5718.877991875048,53785.21397645005,46429.52880287657,31804.261767172437,0.0,36486.851802240286,71029.87021596456,74126.3138249438,49013.311719461475,45444.96263834549,25347.57090470747,24200.084592824744,35424.434805080564,30615.87357528988,73615.22340443521,59010.72057454481,9062.279014416195,35687.95443541976,64457.95156866475,2107.1115800191587,8456.56094576396,4548.347451562791,16625.196201366358,28502.446641139457,57464.82421591925,35268.31147465153,23507.220161967816,36266.76111677527,23032.005361249685,47909.356477126756],[27681.327237302707,2104.521460074222,43954.273378497855,64510.6227833139,8257.801043897534,36372.07716570527,52753.13010417528,56864.88879204555,3029.4108376219842,21327.57890054092,35948.882922542056,6593.012711671512,23472.07314023519,19615.606540840126,15576.04060103886,46073.41592952867,36507.53728952615,30127.174239036103,62917.14141556212,52717.57860637541,53562.31120161985,31951.24142511187,55439.42536011339,29390.512092180958,23961.11297193334,36486.851802240286,0.0,54877.119792584264,56274.291707408,51524.87826652565,15264.544430851298,11310.406901187003,17247.082603130544,35261.030077596464,39185.95582308297,56076.004538788795,45013.96741127791,41832.985108974324,8402.982327098262,53491.97735532464,38564.98361512091,44645.22064546451,36102.980142260116,41000.176169016995,42874.33220478336,59655.72948451007,31444.287355844197,13194.25221607858,53515.281093576414,47417.3465887686,34060.410047008634],[36394.91446143068,54278.47185934138,12733.177917861485,51381.958959192096,47808.532060695674,26409.0791883811,9645.618501510171,16706.06842246259,52882.8389325466,33557.61433751831,35588.190102508765,54647.76789761192,35330.76312683191,61416.43799463477,45818.12549892842,51015.07032919294,20506.1868438407,34307.49882579145,45619.17426355775,43252.033148389426,1479.345537053685,65517.5904385748,30457.049396010225,26655.394879723208,39954.10208318215,71029.87021596456,54877.119792584264,0.0,4070.672035610968,32168.021594292582,40486.70474718428,56377.861994168095,50412.121243843605,36500.3829979154,43944.524901643905,3345.457881420935,12020.274967710136,68628.4618874368,47202.47104884436,10159.055699635323,72128.35544768219,78286.96735664543,74099.53799659737,60176.42456758263,49246.36709346037,31422.639835033333,35824.39527629685,60351.85624793313,52246.43828443712,60352.64263231307,23547.904024990494],[39366.99831492481,55536.62913792686,12731.028670279407,55448.22405240096,49532.572368834684,29749.062942946366,6774.861594447411,20644.60967708339,54443.10128002506,35086.45370120838,39107.9468335036,55581.50150124697,37816.267381055295,63917.16771466081,48133.99031766116,54846.82812711084,20692.89679237838,37408.95302313185,49675.628381208815,47284.584536870934,4112.084054320866,68559.6931043275,34522.52599260899,28929.51742929201,42744.521293778,74126.3138249438,56274.291707408,4070.672035610968,0.0,36224.266871590364,41517.47979775308,58499.12134597743,52924.55057795033,39989.26562295064,47611.75107548935,729.9421729021609,15333.60684181802,72025.66123690965,48869.693415904,14218.847733221537,75288.13861937422,81525.0259433556,77070.97541775765,63718.115985834076,53000.27371682632,35429.906554337445,39066.197697339565,62490.492854666794,56234.14794546995,64103.59007397766,26325.946387402357],[23855.330208215404,52193.976094634934,35434.33849021765,20011.92331137382,43324.37429405663,17157.96193274359,39961.02167933356,17702.57827717808,48573.078374427656,35818.36750313571,15962.415422134161,55078.30458913216,28572.973150116828,46759.48001898983,36473.47318081524,21737.255724025817,37517.5784826995,21409.68171464797,15053.156373024009,11264.593166297826,32297.57397686647,44628.86291446621,4793.53693094204,27363.58755624319,27794.799982169403,49013.311719461475,51524.87826652565,32168.021594292582,36224.266871590364,0.0,43721.43061247627,46306.809928587376,37813.14195905451,16853.869399793555,18429.22756324458,35506.699499758455,23478.020306632843,43494.10460125008,43372.14383660779,22236.957863357187,49342.42866115386,54249.91782874317,53139.84330367095,34021.1154461879,21352.587030478815,8815.075978522244,20195.12106185678,49394.36975298989,20676.863302754908,31536.605667747328,22909.95029472108],[22091.422833400324,14188.609791437088,28975.1465834028,60160.02752897704,11150.437312617998,26786.366528273804,37630.27917677704,44970.10026124314,14212.842804951733,8253.71230632012,30268.483658833058,14172.925440258532,16037.744210843532,29775.88156772943,16374.634104379847,45047.75482502726,21340.075082352934,23596.884738412904,57241.3030480817,48020.98675663154,39106.659282105116,40018.91289635767,46785.0737379028,17405.30717219452,20342.0585400559,45444.96263834549,15264.544430851298,40486.70474718428,41517.47979775308,43721.43061247627,0.0,21681.06586762019,21530.727977696144,29987.62952933111,36646.50292193436,41378.2469427663,31768.830752491947,48317.41450806637,10182.792271019405,40533.789021710334,47328.19790295737,53901.20971361009,46378.15423992607,44455.18489617876,41784.24272550389,50753.96285746385,25825.633450011872,25262.373241611607,51508.801742582145,49435.99873413568,22453.498617833015],[23256.537679621382,13347.886407353255,47148.90471029421,56555.13024376052,10547.355493952302,33695.85639005108,56174.26002211875,54978.866732018636,9378.336257852285,24240.1661218513,30350.41960694286,17895.0301247403,21463.67732124032,8577.07179829849,10878.980294162067,36950.671996677855,40661.47551170773,25936.57006188902,55799.2241119734,45340.60239988996,55227.64810172804,20656.866190102253,50692.69585956508,29726.792161506626,18989.80266484543,25347.57090470747,11310.406901187003,56377.861994168095,58499.12134597743,46306.809928587376,21681.06586762019,0.0,8597.10284122659,29455.048163603882,31259.69013333792,58168.957972422984,45227.70273559195,30536.704579047106,11504.606348323898,52943.63521234174,27401.06453552355,33635.489870983445,25381.50116543668,30257.86986261407,33927.09831596753,54938.80521768323,26379.37024974415,3995.473094290978,44613.907985066406,36984.038521547365,33421.619771788384],[15368.194251635872,18874.753081136314,42477.73512189712,48154.28207835918,11786.633763205487,26155.314288691294,51415.232177177786,47373.57162271114,14405.32726203401,20967.00452051875,21890.98176436495,23219.329419654037,15109.537606630991,11004.796392750399,5547.150004988687,28983.094783579694,36923.960526394134,18022.54034504943,47243.37234835317,36802.27367706183,49379.90749867662,18623.15728525306,42262.75318139313,24055.211143153105,11131.84991560851,24200.084592824744,17247.082603130544,50412.121243843605,52924.55057795033,37813.14195905451,21530.727977696144,8597.10284122659,0.0,20964.854192876097,22778.96889343144,52520.340486488174,38786.32069990487,26868.70468714337,12618.237664119204,45952.24254732264,25987.260423108546,32615.316545112782,25761.30288452282,24214.466022069806,25846.997332659146,46498.22512317144,18126.496613396215,11617.598359878537,36544.09510815616,30309.42498692956,26933.060780091546],[8019.946695583574,36147.70722997812,33546.960072056885,30240.134288525267,27243.101213659425,10407.08079087554,41043.53903358401,28462.455382183794,32254.03082875019,23268.558843874205,1059.0140906522765,39458.11184923291,13950.012115125199,30290.688487630807,19866.093768003037,17142.63709599243,31844.04568334182,6490.746134763161,27847.85423290019,18106.686968732833,35929.27440778309,30289.725425768647,21315.626024809382,17567.615901720514,11300.056070456438,35424.434805080564,35261.030077596464,36500.3829979154,39989.26562295064,16853.869399793555,29987.62952933111,29455.048163603882,20964.854192876097,0.0,8464.06786243713,39396.43043736286,24662.566597750683,32163.876529340992,27439.22449632135,29115.732731437965,36250.18615457704,42108.94560004448,39031.848953763925,23740.741599565517,14366.522048831746,25541.444591826537,4169.185506259763,32561.386300245034,22172.07365356363,24968.060560228398,15832.585023077798],[14848.315689528294,40428.52615655604,41885.615982503994,25408.24563954261,31799.253079713577,18603.07160608522,49131.292727634194,33752.505862236496,36168.59288755837,30748.01126690242,9016.937570333073,44243.76570033442,20972.038536536846,29697.85866855745,23709.334283335524,8812.495099298565,40301.0839587334,14315.053739117666,24629.081105096477,14142.571954803074,43509.64922944543,26215.817498655575,23217.38928758357,25905.36754875261,16454.175121570104,30615.87357528988,39185.95582308297,43944.524901643905,47611.75107548935,18429.22756324458,36646.50292193436,31259.69013333792,22778.96889343144,8464.06786243713,0.0,46984.61784304205,32409.462411343637,25708.426267770123,32216.55353256131,35715.30158711166,31028.726058076605,36245.79670597923,34711.74045641748,16554.394637317873,5904.7799967628225,27033.248397699856,11749.847010870315,33602.31437726077,14892.948507056391,16666.7173746046,24281.232820310375],[38872.387636330226,55363.329473784324,12710.474309874255,54719.54267737109,49272.147213904296,29181.09521574248,7261.67707836574,19920.67084382267,54214.46835516354,34852.447650498165,38508.85702814449,55466.965241787795,37410.8071741877,63517.79217273953,47764.569325261415,54185.66036377416,20675.6037678576,36889.31356521724,48945.88354861427,46574.868327028584,3475.7272014573064,68058.46022946331,33793.74168047605,28555.296887103374,42285.143144515016,73615.22340443521,56076.004538788795,3345.457881420935,729.9421729021609,35506.699499758455,41378.2469427663,58168.957972422984,52520.340486488174,39396.43043736286,46984.61784304205,0.0,14755.09284308205,71455.36892056759,48619.32923397984,13489.564781928553,74764.8583098627,80986.95616631258,76584.3250424708,63118.14429963866,52355.6779600494,34701.44926122874,38520.67619468916,62158.14477472523,55536.79667580235,63460.34782014576,25858.306665437936],[24428.29885617782,44709.13818198607,12094.517888822882,43472.46772873004,37415.51424138517,14429.927923176347,17067.17351635327,14338.039029906364,42727.01286345384,23961.101282040723,23792.946327017424,45776.51417973629,23854.726679749812,49764.11007010276,34468.46131328504,39962.494285868124,16219.032334169346,22295.422633456492,38225.915942786625,33753.967235560805,11306.569952724125,53506.228776985765,23334.90900522331,15757.262054827383,28100.598927747713,59010.72057454481,45013.96741127791,12020.274967710136,15333.60684181802,23478.020306632843,31768.830752491947,45227.70273559195,38786.32069990487,24662.566597750683,32409.462411343637,14755.09284308205,0.0,56700.66857017423,36927.52923577152,8794.793759918035,60109.23454072045,66281.55303186171,62104.00266463091,48399.43615961905,37927.73771294296,25736.884921205266,23811.85580603072,49152.625898458056,42111.640523571274,49000.33081621777,11871.309401548151],[33601.26501639933,43836.85447834364,64264.13073897615,41555.540032478915,38448.68651723494,42276.60492781754,72476.4086989202,59460.11582129758,39623.43687620666,46329.4265093764,33115.81489977764,48393.915956840094,37660.36048554228,22849.91495382979,31966.701452922545,22680.49398808383,60562.60066466652,35009.77836375377,44150.965748774026,35376.96714572077,68004.1939558603,10364.12911209972,48147.37169303751,45945.34561222277,31558.45824355404,9062.279014416195,41832.985108974324,68628.4618874368,72025.66123690965,43494.10460125008,48317.41450806637,30536.704579047106,26868.70468714337,32163.876529340992,25708.426267770123,71455.36892056759,56700.66857017423,0.0,39343.686512593995,61108.439044633415,7862.81855955622,10835.309430420646,13384.58702510941,9505.307410541582,22209.779418335092,51513.07270102795,33064.27734688776,29673.37235140206,28390.679782574636,14629.698140911823,46470.344784746],[19632.21708766976,8824.525176665988,36901.02328709444,57228.45649207211,976.7740319919391,27976.923329049165,45862.53827483584,48500.94003059808,5815.1469061984435,13810.4111107964,28048.097036442134,12082.580512037524,15099.16714454541,19650.155800763405,8753.159727166934,39766.48342602788,29898.911014616842,21968.923590773713,55263.61459965588,45254.20507290034,45937.7049369222,30434.370420844243,47182.84544837195,21203.485141438174,16224.974279786367,35687.95443541976,8402.982327098262,47202.47104884436,48869.693415904,43372.14383660779,10182.792271019405,11504.606348323898,12618.237664119204,27439.22449632135,32216.55353256131,48619.32923397984,36927.52923577152,39343.686512593995,0.0,45289.33476489106,37635.27249393541,44130.957178514946,36359.97973868217,36702.86162724318,36495.61417936524,51381.643645914926,23475.6778835123,15166.949186007598,46922.86078230789,42470.67122375829,25753.93866671721],[30895.605642820577,53279.23426247317,18131.400074590067,41232.13859723974,45718.33575776247,20089.93228968727,190