{"problem":"50.40.2","tabu_size":5,"reset_after":300,"iterations":11218,"solution":{"truck_routes":[[[0,32,31,17,18,0],[0,15,10,43,16,48,33,0],[0,25,6,3,2,34,26,13,1,19,0]],[[0,23,14,11,12,42,0],[0,49,9,27,46,0],[0,24,4,21,50,45,0]],[[0,37,29,36,22,28,8,41,20,0],[0,39,5,7,35,44,38,0],[0,30,40,0]]],"drone_routes":[[[0,47,0]],[],[]],"truck_working_time":[14476.635163144467,14484.939184273477,14053.749445495612],"drone_working_time":[699.3386510005831,-0.0,-0.0],"working_time":14484.939184273477,"energy_violation":0.0,"capacity_violation":0.0,"waiting_time_violation":0.0,"fixed_time_violation":0.0,"feasible":true},"config":{"customers_count":50,"trucks_count":3,"drones_count":3,"x":[0.0,14787.494141072973,18056.40960549699,21330.58312313662,-18605.450802260162,24469.629446303657,22522.75125143491,18727.610867093183,-10416.570824578583,22799.750790856222,13144.967133819086,-5279.578644804907,-2259.8874050123595,16315.532626688548,-7646.874676703132,6895.468173970621,-252.1812639953551,-19675.776316944448,-10675.53855768347,8859.417990749693,-6943.49489697179,-25518.379747715837,-12969.314195865492,-22991.93018668053,-14682.930600607595,31303.235859800854,16505.786576359747,19441.669914401402,-8791.359908585442,-21458.354264519494,-94.08877693066852,-15775.407795153975,-12727.846835086983,100.02575076494782,18284.12670511609,15395.417149373421,-14315.792120272787,-27912.939598345434,6289.278103076831,28958.995315859287,1663.6077573092077,-11976.745150116509,326.9221614268978,7881.686445373218,11070.995914179783,-18943.38782699777,6765.143907493079,-10448.21300727186,-5238.041637889056,20340.908917195593,-27012.73837898755],"y":[0.0,7348.759630373332,16338.110970059739,24649.337782898045,18583.0506771427,-27838.1338853028,28270.433989001296,-26860.31242589161,18602.58978602713,-6904.619394022878,26168.444966113508,-31576.24155924826,-28060.622078863264,8329.211690729868,-30905.645180409912,20537.82211235969,25586.27811304105,-5797.517652000749,-3337.1154021763336,800.2567003473847,14912.92772546413,19892.205762432302,32161.762788044478,-29796.26078676614,20445.90756203741,20708.89514116986,13566.262983747698,-14976.598907270662,23669.971715720898,30305.5521392767,12151.420760186063,-8809.869056794012,-18490.862318727843,2756.4065553310315,13394.302419547925,-31636.948207067704,29806.427617969643,29175.411613760192,-28284.47679228254,-30353.651573584775,11132.282345521951,15457.310661405018,-21873.956699762173,24763.6539006435,-31551.57542825133,12052.846021450705,-6396.389617867663,3250.400521059819,27473.982383308954,4866.549813241855,17242.46273058354],"demands":[0.0,0.5696634179408968,0.4027619414509403,6.766739681344128,0.2825574837572051,26.822014915962754,0.8991503265375053,28.83620523587545,0.2214174118078414,0.5752070264892181,0.9919995759701812,0.23783259437312845,0.1529339252934125,0.34778559251443936,27.470694050619404,0.7558283545329104,0.018896804395028582,0.28656177028816815,0.28399572637806464,4.939656181131983,0.6839429160249456,0.2185419006823731,0.8750133186707794,0.14477176745599266,0.06992612421022429,0.30358487171521786,0.7926405906586614,0.42575266107584314,0.7053904624920622,0.6116858892674427,0.11771211497266551,0.7586751459460268,0.9076367626634156,0.3503210626194779,0.08423199007041422,23.275788633520662,0.7818326300103874,0.7107829146438105,7.865196092095427,0.650239477051458,0.9245557059157162,0.5606967068180831,0.036466153838134625,0.6689732061466344,0.0686603614541276,8.769908120855467,14.853183878832056,0.4245940824406747,0.1743177290426406,0.779748893021744,0.5052038460217819],"dronable":[true,true,true,false,true,false,true,false,true,true,true,true,true,true,false,true,true,true,true,false,true,true,true,true,true,true,true,true,true,true,true,true,true,true,true,false,true,true,false,true,true,true,true,true,true,false,false,true,true,true,true],"distances":[[0.0,16512.85108869066,24350.930124154813,32597.294818871796,26296.24634856802,37063.78911357357,36145.42518577548,32744.46201124358,21320.443111967972,23822.308979220838,29284.42713958556,32014.57451965709,28151.476027663663,18318.63456378585,31837.612918348605,21664.478264134872,25587.52084645548,20512.127744329508,11184.965923239506,8895.48750329459,16450.153030570567,32355.641780740167,34678.265474869426,37635.701276609274,25171.880880411725,37533.33069769177,21365.497463165713,24541.33337636326,25249.862773197616,37133.37391361093,12151.785020688325,18068.682406342235,22447.941427836606,2758.220848497809,22665.317705142515,35184.021388407346,33066.07069756139,40377.42983218736,28975.27646927655,41951.96745749293,11255.900718760764,19554.305849966255,21876.399607858293,25987.680460826745,33437.536729496365,22452.68446268391,9310.261662953193,10942.132269015523,27968.853894978074,20914.967909667266,32046.693366823187],[16512.85108869066,0.0,9565.262454416621,18496.540699244768,35232.06021952165,36494.67384910194,22305.84364089096,34435.23095269423,27602.41989328267,16350.996001317282,18891.22682902919,43793.1858604254,39299.33244481679,1815.5406512055065,44347.49588961344,15369.952603022493,23638.927993787365,36885.52042533114,27614.379577119023,8833.174823843921,23009.835365391278,42212.575268595174,37230.70687961934,52981.48208880308,32249.67005100906,21242.95048684563,6450.571822899521,22805.328017009335,28676.546553411703,42904.26376175253,15637.36116079794,34571.55269601254,37746.258774967595,15388.67877636504,6983.912005721983,38990.447368173816,36760.6871895908,47955.49789480188,36632.59769360267,40277.82586162411,13658.383431064804,27965.569986304516,32604.835403511755,18734.159238532022,39077.466994980154,34057.3167927046,15915.00019248003,25566.3345567157,28390.961133603174,6082.908946542018,42955.14869915171],[24350.930124154813,9565.262454416621,0.0,8932.900053065357,36730.52903030814,44639.33241265444,12740.821807348302,43203.63752080889,28562.88638914897,23721.80010830066,10988.982374477266,53294.967172529825,48826.21652932734,8195.920956292572,53783.18806185289,11924.939719626267,20511.779423808595,43745.90162494621,34822.97198761793,18055.735101860308,25040.494651928002,43719.49058452121,34827.91257390029,61752.29920489663,32996.03597361537,13949.270951635464,3176.093990692478,31345.334594239066,27830.898474089205,41910.69048009943,18627.103007283797,42154.62926016578,46483.62964475466,22514.315800120217,2952.602895671107,48048.800025603414,35062.159059337726,47728.16101675781,46148.03053655906,47947.75348860342,17199.552439002757,30046.0678585128,42124.777039558176,13210.403667574623,48396.4675133157,37247.1274828734,25384.05401123688,31365.61293986194,25819.354966050385,11696.82232402306,45078.22037474559],[32597.294818871796,18496.540699244768,8932.900053065357,0.0,40394.14122047771,52581.2542066008,3812.29623455282,51575.37716001305,32317.873462181753,31588.141242542777,8325.382619355563,62204.633924459406,57748.16160162983,17073.29046042949,62658.193339697646,15009.233981276931,21603.09181049557,51073.79485022384,42516.27202528253,26912.982522220373,29903.53104055904,47089.8675633586,35112.95324452271,70205.47264784946,36257.99217209852,10722.914287582755,12087.729676053794,39670.932074799966,30137.860074992837,43161.162213384145,24803.517813651488,49963.71767962789,54964.11116380893,30496.508063654503,11660.047930311448,56598.340838582284,36017.49080045624,49451.085674063164,55029.35200587116,55529.465248023436,23864.213955987758,34552.44534478726,51044.79114772409,13449.38251459642,57129.69259032762,42197.918678395494,34292.69906827489,38311.96157121368,26718.353968963307,19807.527732816096,48907.44863411237],[26296.24634856802,35232.06021952165,36730.52903030814,40394.14122047771,0.0,63327.63152527372,42253.6909583109,58812.04590661645,8188.903288331733,48621.10698681384,32643.946538904478,51899.262676964034,49424.78781889529,36395.27850702877,50687.48769056297,25575.730683525497,19644.02446707696,24404.05107270956,23310.452358365248,32719.21116772827,12225.83404178742,7035.799431639487,14701.954238695367,48577.76218715562,4342.395710431296,49953.940975833146,35467.832595443375,50732.96241160014,11054.10085543092,12064.663223426714,19596.846364185807,27538.72173816297,37536.93185677685,24502.602254337147,37252.70509846785,60647.40150570771,12015.213754396365,14100.619060907684,53068.942502819395,68243.51516224706,21595.10786318825,7328.709932092074,44667.70860399137,27198.681875806335,58259.52475296512,6538.942902175389,35603.925533268746,17367.51822376513,16054.16750789106,41291.17740324969,8513.498719108047],[37063.78911357357,36494.67384910194,44639.33241265444,52581.2542066008,63327.63152527372,0.0,56142.33450446325,5824.681293468622,58084.316165871554,21000.012468580713,55181.14293602531,29983.142447550243,26730.442796576728,37075.142359265825,32262.663600960193,51469.255513498036,58867.10220628022,49341.722851411636,42842.53424739234,32616.500686360658,53051.27378163199,69115.74629611932,70722.42997701555,47501.93578958176,62163.26581442981,49025.62803179343,42163.335652519185,13809.397490317631,61313.76970528116,74094.99249116986,46931.23409516304,44516.714669325906,38353.927144999376,39113.980736447586,41693.815462185885,9837.292262660801,69478.08573213292,77424.01378184391,18185.829564630276,5146.089306530782,45153.16120143322,56593.58390948247,24868.488585834177,55155.307371819144,13903.705571575165,58957.445218504676,27806.42381580272,46752.03410706654,62785.15690319651,32964.26351413498,68430.2154617596],[36145.42518577548,22305.84364089096,12740.821807348302,3812.29623455282,42253.6909583109,56142.33450446325,0.0,55261.21868725018,34328.794769993474,35176.14403602874,9610.473079351941,65989.34854835893,61541.58802384722,20884.968513370466,66422.99808430964,17435.74669516567,22932.558597959687,54234.13185396192,45838.45137835643,30680.569030945695,32352.47495415038,48766.22782104476,35704.749677566964,73778.90801980784,38019.547286647976,11587.65635083364,15887.621245889612,43356.64789321985,31650.241876958655,44028.16539774392,27773.081217959956,53307.57788838127,58559.57221357362,33966.81048854122,15468.200558447115,60329.87098434981,36870.55131371675,50443.80929307313,58838.62323285137,58976.33971099131,26996.66848082223,36802.0567546007,54837.16574131265,15055.1746998632,60908.25486764675,44524.721779671614,38080.05840588505,41389.449850002005,27772.215558074404,23505.365993403335,50748.210638427234],[32744.46201124358,34435.23095269423,43203.63752080889,51575.37716001305,58812.04590661645,5824.681293468622,55261.21868725018,0.0,54002.396280236135,20366.93418118886,53321.80624840838,24465.999588225117,21021.794095287158,35272.09561384351,26682.91972020115,48852.66378015209,55775.23974397414,43800.24510084561,37654.826972279014,29368.15137239936,49030.69715894981,64370.06790764887,66994.77905782171,41822.71988423556,57914.96119925566,49203.41301693809,40487.584547983926,11905.147093408674,57537.84292085298,69877.37734805419,43314.79774478419,38939.399104613505,32549.861971288745,34987.66883458752,40257.0576987018,5824.067681476821,65597.14862845803,72906.401065799,12519.599278367512,10811.32027734164,41648.73899166166,52283.254510312014,19064.340751002605,52750.99976156749,8979.515638077935,54160.29950949469,23703.855223408005,41927.12407167558,59384.91468717187,31767.853533712616,63539.23453785102],[21320.443111967972,27602.41989328267,28562.88638914897,32317.873462181753,8188.903288331733,58084.316165871554,34328.794769993474,54002.396280236135,0.0,41880.08765290289,24746.479256069015,50441.092413157035,47370.73807694655,28638.220133558956,49585.64859153801,17419.868496753097,12332.344375185272,26097.856795858956,21941.233512090228,26239.032148731178,5067.135534015228,15156.772153646285,13797.379143094004,50005.883652362114,4647.541948371613,41772.943301030326,27389.375963742164,44934.13461197381,5321.622886192727,16089.757902968277,12172.560019321518,27931.344999598008,37165.389623203235,19018.420715435903,29169.441132507985,56482.47428120569,11862.963747616424,20442.785565294973,49774.31466843606,62826.33824233728,14203.387195523734,3510.972044584143,41878.07847736822,19307.639165412158,54563.31929688418,10752.011512938063,30334.144002602814,15352.221873562898,10272.23301685189,33685.328471006535,16651.80840332264],[23822.308979220838,16350.996001317282,23721.80010830066,31588.141242542777,48621.10698681384,21000.012468580713,35176.14403602874,20366.93418118886,41880.08765290289,0.0,34453.48216993335,37378.30496183616,32795.76064232707,16556.409475466022,38769.14032011348,31718.035900556613,39837.796026838965,42489.952663573284,33664.849349140066,15927.899868071883,36887.206811542885,55251.34909853441,52967.99247488686,51194.77797981409,46400.46044026038,28893.17295319199,21416.605960279518,8742.628920130575,43963.66564280554,57821.93985530278,29786.91921824726,38622.180624782515,37369.121185561766,24670.081866297816,20795.121727875914,25816.89844251167,52204.06591736494,62237.8149040727,27012.84899346657,24244.450979077865,27786.082248070765,41345.623537882966,27002.020035188045,35006.11628389603,27295.350019927417,45846.211584472825,16042.65923746333,34764.22768015078,44362.214377122444,12025.23712305601,55356.7128036726],[29284.42713958556,18891.22682902919,10988.982374477266,8325.382619355563,32643.946538904478,55181.14293602531,9610.473079351941,53321.80624840838,24746.479256069015,34453.48216993335,0.0,60612.809776984504,56374.65082757623,18118.794921244884,60743.33257179146,8411.905311542792,13409.791327156374,45815.106316186975,37920.8990405779,25727.62926009734,23026.78820671876,39169.44690219305,26793.19965738672,66617.74266634026,28410.19758218446,18961.26070217932,13042.626194215058,41624.068773363586,22078.152384070898,34849.75620515809,19280.808307680305,45385.7966539919,51612.558838246965,26801.008157068878,13769.15679695858,57849.183271491165,27700.689821489977,41167.87040456647,54882.79475493428,58692.681695296,18918.451297224252,27309.86682813271,49722.9789407232,5447.528021313114,57757.26890137539,35055.85054820301,33183.890607962545,32891.86693326216,18429.30925044115,22484.490549124763,41137.749949678786],[32014.57451965709,43793.1858604254,53294.967172529825,62204.633924459406,51899.262676964034,29983.142447550243,65989.34854835893,24465.999588225117,50441.092413157035,37378.30496183616,60612.809776984504,0.0,4634.448782168418,45373.935578858196,2460.445082897033,53517.356039025166,57383.17157241689,29526.142885609195,28750.037034696434,35329.15036359952,46518.93676855557,55304.70269143299,64200.19650297616,17801.565343906972,52865.17783193377,63812.521003795206,50124.32397782479,29777.311270486025,55357.71571215722,63961.77899261304,44034.05224473785,25069.30686065776,15056.6878463562,34751.5592457714,50770.05057675969,20675.08491848053,62044.2199507255,64830.798169594986,12028.057271814336,34260.395110578,43269.2252246193,47507.968528372025,11205.67636445435,57856.74307464493,16350.593164375894,45718.67194584373,27912.367960308995,35208.09253229661,59050.23855150038,44547.5748602936,53437.77802799757],[28151.476027663663,39299.33244481679,48826.21652932734,57748.16160162983,49424.78781889529,26730.442796576728,61541.58802384722,21021.794095287158,47370.73807694655,32795.76064232707,56374.65082757623,4634.448782168418,0.0,40856.65467378278,6092.108691881039,49453.30437478396,53684.4557031998,28265.86289703791,26116.564986912766,30928.777479760087,43228.025191115834,53295.69554882015,61167.209035941814,20804.567758674777,50072.1022131406,59202.610188775914,45661.231695947165,25340.664009504035,52141.29330391796,61442.58639264675,40270.32496748615,23521.49619673549,14183.034812634261,30907.25552266914,46266.26504188693,18013.88041159908,59109.56165561684,62721.94703368988,8552.095755861363,31302.981049785034,39388.80007702386,44589.54804015291,6705.699981805755,53788.991930709395,13780.39206109605,43444.55672883881,23468.918984813918,32364.004888479307,55614.401870421294,39937.38403063182,51624.34623887991],[18318.63456378585,1815.5406512055065,8195.920956292572,17073.29046042949,36395.27850702877,37075.142359265825,20884.968513370466,35272.09561384351,28638.220133558956,16556.409475466022,18118.794921244884,45373.935578858196,40856.65467378278,0.0,45973.58978231376,15420.36908509288,23922.69811429347,38664.43845963371,29404.44033676742,10596.169530139978,24172.8707060706,43402.52361846682,37757.022462405126,54759.73232637919,33282.41339343937,19439.33667944827,5240.505968994331,23514.53894873345,29422.69482766933,43701.55684160708,16848.885921055764,36380.99154817512,39532.698623209035,17146.393799287744,5434.19789267732,39976.75011138246,37410.54476667091,48895.00799255024,37961.664401120775,40696.6959236019,14917.644166345211,29176.40787923759,34174.069781550636,18472.15883867065,40224.151284500076,35454.998578314764,17551.446054029435,27241.37300608213,28828.43749581474,5309.772269879855,44235.56388745106],[31837.612918348605,44347.49588961344,53783.18806185289,62658.193339697646,50687.48769056297,32262.663600960193,66422.99808430964,26682.91972020115,49585.64859153801,38769.14032011348,60743.33257179146,2460.445082897033,6092.108691881039,45973.58978231376,0.0,53459.42445152957,56973.84389402817,27840.84306649959,27734.39451362345,35745.23620981985,45823.97152414257,53849.90579299511,63291.59746992175,15385.1052104673,51831.34237143256,64661.981746725505,50607.32813898075,31424.89082297773,54587.61586696415,62750.041001694,43714.47703290789,23543.499594637724,13414.287591109216,34541.977263798966,51331.29834733309,23053.89374302903,61077.248164475175,63406.99309155509,14180.51049928341,36610.031615041764,43056.61893169914,46564.70178908717,12047.938945198783,57794.524573681156,18729.012396336224,44418.95063703234,28432.54979598603,34270.730286984,58429.30250385851,45419.88512934342,51896.79154190678],[21664.478264134872,15369.952603022493,11924.939719626267,15009.233981276931,25575.730683525497,51469.255513498036,17435.74669516567,48852.66378015209,17419.868496753097,31718.035900556613,8411.905311542792,53517.356039025166,49453.30437478396,15420.36908509288,53459.42445152957,0.0,8750.759994358832,37410.97638795716,29643.766948328834,19835.034340184313,14938.418113797625,32420.27695072192,23015.76797399537,58538.675096591694,21578.594531601902,24408.36720034023,11872.693733059583,37665.3856806372,15996.466373218347,29989.12797585421,10917.217319886608,37084.43870638267,43684.23858059242,19035.671171220733,13443.638523131376,52862.61240678002,23147.885676423455,35864.09352037964,48826.062064601116,55468.381298430155,10762.738579236913,19544.10479794696,42917.418127460245,4339.387143562821,52256.48637301468,27196.34715733121,26934.52702282239,24487.919923748635,13976.136077571296,20648.696139288604,34067.95950879852],[25587.52084645548,23638.927993787365,20511.779423808595,21603.09181049557,19644.02446707696,58867.10220628022,22932.558597959687,55775.23974397414,12332.344375185272,39837.796026838965,13409.791327156374,57383.17157241689,53684.4557031998,23922.69811429347,56973.84389402817,8750.759994358832,0.0,36908.24679394571,30744.252628873583,26407.728006202644,12597.384118571788,25899.869608797766,14316.510354065367,59869.20574097687,15318.94042738466,31930.130198780433,20623.05141939032,45090.961027702346,8751.559982804982,21724.94696570883,13435.787484402543,37736.79241889299,45808.695027075344,22832.5882265411,22186.459484029256,59324.06734697519,14683.147215796533,27892.641160659234,54266.462246220755,63107.595188884276,14580.406071903866,15493.91428774661,47463.76775250523,8175.360206641139,58249.02272754904,23076.286247108997,32743.45564762697,24553.01389063818,5331.2504236765235,29212.71134332044,28031.173222704998],[20512.127744329508,36885.52042533114,43745.90162494621,51073.79485022384,24404.05107270956,49341.722851411636,54234.13185396192,43800.24510084561,26097.856795858956,42489.952663573284,45815.106316186975,29526.142885609195,28265.86289703791,38664.43845963371,27840.84306649959,37410.97638795716,36908.24679394571,0.0,9330.48010309052,29288.017013488006,24311.18133473438,26345.737870846042,38547.160799564306,24226.773382689957,26714.15121825803,57458.242243203924,41037.31830799271,40179.971781387314,31413.427864328067,36147.05012159403,26563.261792167134,4928.1980065470125,14470.477632517639,21546.50706648286,42535.63441519286,43562.19441857842,36005.143373907245,35929.885058992026,34348.90656791522,54482.51760840115,27239.446408189542,22606.25593812791,25662.420752396443,41150.929036495356,40107.798425930654,17865.38206069721,26447.701411400023,12923.341204983153,36269.0073928473,41413.25188911742,24179.98569746741],[11184.965923239506,27614.379577119023,34822.97198761793,42516.27202528253,23310.452358365248,42842.53424739234,45838.45137835643,37654.826972279014,21941.233512090228,33664.849349140066,37920.8990405779,28750.037034696434,26116.564986912766,29404.44033676742,27734.39451362345,29643.766948328834,30744.252628873583,9330.48010309052,0.0,19968.284234353065,18627.72729149198,27566.48864765072,35572.907660781006,29185.268154356385,24118.278800569697,48377.97148129252,32008.57130364136,32288.137487572487,27072.733215828197,35328.4332213067,18757.980486059827,7480.621551945342,15292.089944686872,12379.167823893971,33445.51620858186,38478.24409018853,33342.85365604167,36799.353358430315,30169.12071409726,47966.545655008646,19016.2562815054,18839.415852292692,21556.17375991042,33675.27038086515,35622.5703185343,17470.21019223379,17706.96370295909,6591.437092528442,31287.219747039046,32083.019448434,26275.904059110624],[8895.48750329459,8833.174823843921,18055.735101860308,26912.982522220373,32719.21116772827,32616.500686360658,30680.569030945695,29368.15137239936,26239.032148731178,15927.899868071883,25727.62926009734,35329.15036359952,30928.777479760087,10596.169530139978,35745.23620981985,19835.034340184313,26407.728006202644,29288.017013488006,19968.284234353065,0.0,21187.249448668023,39323.47258745203,38210.43853403977,44166.22310158671,30662.57939209297,30001.314056329844,14880.788587128727,18997.19001955972,28888.99142123273,42305.19794848942,14457.323713338903,26442.941564241617,28950.94602373006,8975.158754532284,15730.070626922416,33089.14545900458,37127.46038974864,46447.34329345928,29198.070850306467,37075.045642435,12590.887135076373,25474.98626594618,24226.50280975607,23983.335138257647,32427.33598352531,29993.61228276415,7495.178594621914,19462.472080851858,30169.952101237795,12180.286268147911,39460.838077207816],[16450.153030570567,23009.835365391278,25040.494651928002,29903.53104055904,12225.83404178742,53051.27378163199,32352.47495415038,49030.69715894981,5067.135534015228,36887.206811542885,23026.78820671876,46518.93676855557,43228.025191115834,24172.8707060706,45823.97152414257,14938.418113797625,12597.384118571788,24311.18133473438,18627.72729149198,21187.249448668023,0.0,19230.693096917603,18271.092174224865,47502.25060636719,9513.817892026267,38683.40279583715,23487.918331391396,39869.29550985681,8949.884052234314,21156.890811373636,7385.139464934704,25313.509685806,33900.91321277991,14049.63309396327,25273.288557643227,51632.527932965415,16618.276246252295,25360.12732120783,45178.77862825262,57775.877361746,9400.824197388712,5062.60416107412,37498.45103358287,17799.517072431445,49834.44524128565,12336.02438736726,25337.99091305586,12177.749785002807,12676.303283539768,29075.219700799153,20203.99137003648],[32355.641780740167,42212.575268595174,43719.49058452121,47089.8675633586,7035.799431639487,69115.74629611932,48766.22782104476,64370.06790764887,15156.772153646285,55251.34909853441,39169.44690219305,55304.70269143299,53295.69554882015,43402.52361846682,53849.90579299511,32420.27695072192,25899.869608797766,26345.737870846042,27566.48864765072,39323.47258745203,19230.693096917603,0.0,17550.529217929186,49752.654757261625,10849.587268760719,56827.48438730794,42497.624725068585,56896.74511528711,17148.315027911292,11176.832721676657,26576.574719443222,30310.635120314986,40458.09742822834,30821.069331719867,44281.85090309404,65796.59934486516,14959.60442496239,9587.065648902984,57729.71366576192,74110.93423543396,28558.653732160976,14249.356551508385,49116.10690591387,33753.45061865545,63128.79718893948,10231.621567768763,41633.11358360748,22451.27184095717,21651.222842550123,48258.104951967565,3042.0791991148662],[34678.265474869426,37230.70687961934,34827.91257390029,35112.95324452271,14701.954238695367,70722.42997701555,35704.749677566964,66994.77905782171,13797.379143094004,52967.99247488686,26793.19965738672,64200.19650297616,61167.209035941814,37757.022462405126,63291.59746992175,23015.76797399537,14316.510354065367,38547.160799564306,35572.907660781006,38210.43853403977,18271.092174224865,17550.529217929186,0.0,62763.44092380635,11840.512863020687,45729.93402322279,34850.74143407045,57205.74301863692,9463.921895419267,8689.609845085799,23794.64682781113,41067.612267052384,50653.200655965884,32178.915796113604,36455.38556693972,69820.00794131598,2713.043782231984,15239.102122690592,63440.06034627626,75273.9009970733,25619.55215397294,16733.91508768252,55647.54156145545,22124.56198099249,68097.9146292399,20977.561566492568,43314.8929767899,29021.0754338283,9041.452343995508,43065.062581885824,20489.101419819548],[37635.701276609274,52981.48208880308,61752.29920489663,70205.47264784946,48577.76218715562,47501.93578958176,73778.90801980784,41822.71988423556,50005.883652362114,51194.77797981409,66617.74266634026,17801.565343906972,20804.567758674777,54759.73232637919,15385.1052104673,58538.675096591694,59869.20574097687,24226.773382689957,29185.268154356385,44166.22310158671,47502.25060636719,49752.654757261625,62763.44092380635,0.0,50924.60068091725,74153.46135764745,58654.736358129936,44946.999852727786,55319.92601434964,60121.37533445224,47790.36648102388,22192.49497625823,15269.690290558694,39911.33398048934,59742.25993895311,38431.45281768704,60230.85452506377,59176.63795236,29320.208896836528,51953.915589295786,47781.1803353484,46574.88626077873,24627.865861251455,62689.42889068653,34108.1231386789,42044.4816341418,37855.4808365603,35347.22993773562,59958.99691758061,55490.948662772396,47210.257451755],[25171.880880411725,32249.67005100906,32996.03597361537,36257.99217209852,4342.395710431296,62163.26581442981,38019.547286647976,57914.96119925566,4647.541948371613,46400.46044026038,28410.19758218446,52865.17783193377,50072.1022131406,33282.41339343937,51831.34237143256,21578.594531601902,15318.94042738466,26714.15121825803,24118.278800569697,30662.57939209297,9513.817892026267,10849.587268760719,11840.512863020687,50924.60068091725,0.0,45986.918446349206,31938.46565927125,49185.79393358538,6716.040119457389,11963.233551802854,16781.919349774962,29276.16730365447,38985.823080677284,23053.291399556198,33712.78692847053,60144.25050189081,9367.71724494565,15850.469364320687,53051.70965417276,66971.73214179218,18813.63683503426,5675.344811502536,44902.85727072494,22974.004350054307,58025.88188260852,9412.490520684518,34358.824456016795,17709.271455698487,11772.84006565423,38332.567386411625,12739.160829503933],[37533.33069769177,21242.95048684563,13949.270951635464,10722.914287582755,49953.940975833146,49025.62803179343,11587.65635083364,49203.41301693809,41772.943301030326,28893.17295319199,18961.26070217932,63812.521003795206,59202.610188775914,19439.33667944827,64661.981746725505,24408.36720034023,31930.130198780433,57458.242243203924,48377.97148129252,30001.314056329844,38683.40279583715,56827.48438730794,45729.93402322279,74153.46135764745,45986.918446349206,0.0,16431.119847175753,37605.20219541897,40203.78818358607,53627.24324432584,32542.623774451597,55567.58162962658,58952.16050492855,35999.05787007924,14933.200255296962,54709.65190861712,46517.31732390818,59818.369562122054,55009.531683743466,51116.32949189876,31148.339710035587,43597.429921578114,52657.68017342617,23769.939957223363,56040.166999702305,50986.76669770052,36562.47281747261,45254.6408327389,37162.23037651174,19265.31903410612,58418.90965326378],[21365.497463165713,6450.571822899521,3176.093990692478,12087.729676053794,35467.832595443375,42163.335652519185,15887.621245889612,40487.584547983926,27389.375963742164,21416.605960279518,13042.626194215058,50124.32397782479,45661.231695947165,5240.505968994331,50607.32813898075,11872.693733059583,20623.05141939032,41037.31830799271,32008.57130364136,14880.788587128727,23487.918331391396,42497.624725068585,34850.74143407045,58654.736358129936,31938.46565927125,16431.119847175753,0.0,28693.455279982205,27240.237708605375,41490.71933840779,16660.061232250962,39278.0701555869,43385.07352873189,19646.933202655375,1786.6348393516316,45216.846663891156,34838.37913421555,47081.51182722641,43079.710597747304,45651.30121511251,15040.429975367402,28545.23909286625,38958.50131835439,14133.529863946322,45443.990719488684,35481.46553880527,22212.330325639556,28860.61523778566,25811.21315063852,9507.532414788342,43673.52125565125],[24541.33337636326,22805.328017009335,31345.334594239066,39670.932074799966,50732.96241160014,13809.397490317631,43356.64789321985,11905.147093408674,44934.13461197381,8742.628920130575,41624.068773363586,29777.311270486025,25340.664009504035,23514.53894873345,31424.89082297773,37665.3856806372,45090.961027702346,40179.971781387314,32288.137487572487,18997.19001955972,39869.29550985681,56896.74511528711,57205.74301863692,44946.999852727786,49185.79393358538,37605.20219541897,28693.455279982205,0.0,47860.85450452738,61018.7281188214,33430.15582859098,35752.91763548287,32360.900099050403,26240.401705945616,28394.505601919525,17144.660983225782,56081.06371836081,64744.56792004988,18710.55916216792,18084.06014975159,31586.91460611275,43741.73815477221,20321.10051590433,41387.44871384481,18568.73797243762,46946.81619625903,15307.328410071452,35008.97898013729,49103.3605185263,19863.51383639168,56533.883492227316],[25249.862773197616,28676.546553411703,27830.898474089205,30137.860074992837,11054.10085543092,61313.76970528116,31650.241876958655,57537.84292085298,5321.622886192727,43963.66564280554,22078.152384070898,55357.71571215722,52141.29330391796,29422.69482766933,54587.61586696415,15996.466373218347,8751.559982804982,31413.427864328067,27072.733215828197,28888.99142123273,8949.884052234314,17148.315027911292,9463.921895419267,55319.92601434964,6716.040119457389,40203.78818358607,27240.237708605375,47860.85450452738,0.0,14299.77879446889,14433.278950147398,33222.23625058681,42344.206874174044,22725.183094117736,28959.823115016483,60364.35683246493,8256.842150711867,19898.35868363933,54098.89428268912,65906.30616926252,16324.827828755264,8808.772941224037,46447.73927138924,16708.878341853808,58685.02745849305,15427.93830207705,33852.48727673603,20486.679817980737,5205.436378632294,34673.58882752407,19321.78835190094],[37133.37391361093,42904.26376175253,41910.69048009943,43161.162213384145,12064.663223426714,74094.99249116986,44028.16539774392,69877.37734805419,16089.757902968277,57821.93985530278,34849.75620515809,63961.77899261304,61442.58639264675,43701.55684160708,62750.041001694,29989.12797585421,21724.94696570883,36147.05012159403,35328.4332213067,42305.19794848942,21156.890811373636,11176.832721676657,8689.609845085799,60121.37533445224,11963.233551802854,53627.24324432584,41490.71933840779,61018.7281188214,14299.77879446889,0.0,28035.768688471202,39526.093355145684,49571.28023294063,34981.69766161798,43190.915256623965,72076.86047952107,7159.980396076244,6552.777230995699,64828.40883600513,78876.15694104618,30037.30018365494,17617.354693129124,56544.66740231329,29858.845003541705,69888.93227081008,18425.155000856394,46299.01054893521,29209.66346244424,16465.61049547019,48931.80194799991,14194.910629890084],[12151.785020688325,15637.36116079794,18627.103007283797,24803.517813651488,19596.846364185807,46931.23409516304,27773.081217959956,43314.79774478419,12172.560019321518,29786.91921824726,19280.808307680305,44034.05224473785,40270.32496748615,16848.885921055764,43714.47703290789,10917.217319886608,13435.787484402543,26563.261792167134,18757.980486059827,14457.323713338903,7385.139464934704,26576.574719443222,23794.64682781113,47790.36648102388,16781.919349774962,32542.623774451597,16660.061232250962,33430.15582859098,14433.278950147398,28035.768688471202,0.0,26177.842480669115,33144.5524175591,9397.019333772296,18420.194329151942,46447.239429845155,22670.60019351966,32614.486437880707,40936.648416773365,51485.559814396656,2031.7825215123178,12333.954374903271,34027.98203687915,14922.51370198632,45106.66239045228,18849.55680269372,19775.498548438787,13654.158702559218,16162.955971299321,21694.664677578618,27395.84648706197],[18068.682406342235,34571.55269601254,42154.62926016578,49963.71767962789,27538.72173816297,44516.714669325906,53307.57788838127,38939.399104613505,27931.344999598008,38622.180624782515,45385.7966539919,25069.30686065776,23521.49619673549,36380.99154817512,23543.499594637724,37084.43870638267,37736.79241889299,4928.1980065470125,7480.621551945342,26442.941564241617,25313.509685806,30310.635120314986,41067.612267052384,22192.49497625823,29276.16730365447,55567.58162962658,39278.0701555869,35752.91763548287,33222.23625058681,39526.093355145684,26177.842480669115,0.0,10149.347680660698,19641.998925937412,40658.05112552597,38635.42248061009,38643.87204708815,39877.327216029196,29429.75892253851,49651.80144596379,26491.671634533468,24562.69222553125,20735.366309128833,41071.15230522232,35184.01058449863,21101.871431656968,22669.392450214127,13184.426669315015,37782.98507079257,38619.07256752049,28372.54994197674],[22447.941427836606,37746.258774967595,46483.62964475466,54964.11116380893,37536.93185677685,38353.927144999376,58559.57221357362,32549.861971288745,37165.389623203235,37369.121185561766,51612.558838246965,15056.6878463562,14183.034812634261,39532.698623209035,13414.287591109216,43684.23858059242,45808.695027075344,14470.477632517639,15292.089944686872,28950.94602373006,33900.91321277991,40458.09742822834,50653.200655965884,15269.690290558694,38985.823080677284,58952.16050492855,43385.07352873189,32360.900099050403,42344.206874174044,49571.28023294063,33144.5524175591,10149.347680660698,0.0,24819.362394819946,44479.27869519963,31044.122653463026,48323.38756190593,50026.600052729475,21390.790667255664,43341.88017868007,32933.943964913655,33956.48100775739,13486.004639748797,47913.526643425605,27147.138765137035,31169.713970327284,22940.203966010504,21860.449223601307,46571.06537727405,40485.93963966758,38482.83572582387],[2758.220848497809,15388.67877636504,22514.315800120217,30496.508063654503,24502.602254337147,39113.980736447586,33966.81048854122,34987.66883458752,19018.420715435903,24670.081866297816,26801.008157068878,34751.5592457714,30907.25552266914,17146.393799287744,34541.977263798966,19035.671171220733,22832.5882265411,21546.50706648286,12379.167823893971,8975.158754532284,14049.63309396327,30821.069331719867,32178.915796113604,39911.33398048934,23053.291399556198,35999.05787007924,19646.933202655375,26240.401705945616,22725.183094117736,34981.69766161798,9397.019333772296,19641.998925937412,24819.362394819946,0.0,21067.186711470447,37641.09256980782,30651.581433592026,38505.7145879383,31651.90805750503,43921.70390204853,8520.568287614116,17526.0195282347,24631.408324718603,23342.518691944406,36019.43661569889,21191.398902407193,11322.43250504359,10559.799758268446,25287.41818093832,20350.578761450543,30740.003289982986],[22665.317705142515,6983.912005721983,2952.602895671107,11660.047930311448,37252.70509846785,41693.815462185885,15468.200558447115,40257.0576987018,29169.441132507985,20795.121727875914,13769.15679695858,50770.05057675969,46266.26504188693,5434.19789267732,51331.29834733309,13443.638523131376,22186.459484029256,42535.63441519286,33445.51620858186,15730.070626922416,25273.288557643227,44281.85090309404,36455.38556693972,59742.25993895311,33712.78692847053,14933.200255296962,1786.6348393516316,28394.505601919525,28959.823115016483,43190.915256623965,18420.194329151942,40658.05112552597,44479.27869519963,21067.186711470447,0.0,45123.80941248765,36498.11722473658,48818.15586895998,43370.462639616315,45031.50339975211,16773.74093366486,30331.112219052877,39576.65089836041,15410.156276242287,45520.997257490366,37251.67571407687,22898.874557754138,30470.413372224146,27414.04369002514,8772.281207433252,45460.02996289067],[35184.021388407346,38990.447368173816,48048.800025603414,56598.340838582284,60647.40150570771,9837.292262660801,60329.87098434981,5824.067681476821,56482.47428120569,25816.89844251167,57849.183271491165,20675.08491848053,18013.88041159908,39976.75011138246,23053.89374302903,52862.61240678002,59324.06734697519,43562.19441857842,38478.24409018853,33089.14545900458,51632.527932965415,65796.59934486516,69820.00794131598,38431.45281768704,60144.25050189081,54709.65190861712,45216.846663891156,17144.660983225782,60364.35683246493,72076.86047952107,46447.239429845155,38635.42248061009,31044.122653463026,37641.09256980782,45123.80941248765,0.0,68249.86731885634,74657.59754482814,9703.650494398435,13624.151457169019,44919.59117401394,54471.13444128312,17954.819530518525,56898.89337416497,4325.263868338729,55569.340889878615,26675.220976111064,43416.820714458656,62608.63947400539,36836.9821856289,64712.042688586436],[33066.07069756139,36760.6871895908,35062.159059337726,36017.49080045624,12015.213754396365,69478.08573213292,36870.55131371675,65597.14862845803,11862.963747616424,52204.06591736494,27700.689821489977,62044.2199507255,59109.56165561684,37410.54476667091,61077.248164475175,23147.885676423455,14683.147215796533,36005.143373907245,33342.85365604167,37127.46038974864,16618.276246252295,14959.60442496239,2713.043782231984,60230.85452506377,9367.71724494565,46517.31732390818,34838.37913421555,56081.06371836081,8256.842150711867,7159.980396076244,22670.60019351966,38643.87204708815,48323.38756190593,30651.581433592026,36498.11722473658,68249.86731885634,0.0,13611.781688597044,61637.01886131601,74107.640334695,24577.73224087503,14538.510864657621,53714.720559302485,22763.07583426434,66402.51158296865,18346.779050535148,41893.3149752821,26836.18347245245,9372.611940815079,42697.59280937528,17862.40907571433],[40377.42983218736,47955.49789480188,47728.16101675781,49451.085674063164,14100.619060907684,77424.01378184391,50443.80929307313,72906.401065799,20442.785565294973,62237.8149040727,41167.87040456647,64830.798169594986,62721.94703368988,48895.00799255024,63406.99309155509,35864.09352037964,27892.641160659234,35929.885058992026,36799.353358430315,46447.34329345928,25360.12732120783,9587.065648902984,15239.102122690592,59176.63795236,15850.469364320687,59818.369562122054,47081.51182722641,64744.56792004988,19898.35868363933,6552.777230995699,32614.486437880707,39877.327216029196,50026.600052729475,38505.7145879383,48818.15586895998,74657.59754482814,13611.781688597044,0.0,66868.75556887811,82329.37716786425,34645.730866466605,21027.329531606487,58339.76171892299,36065.48016772973,72163.10818725424,19329.643334573633,49678.18956544562,31258.96471506358,22738.6424164536,54031.0527252383,11966.855530332117],[28975.27646927655,36632.59769360267,46148.03053655906,55029.35200587116,53068.942502819395,18185.829564630276,58838.62323285137,12519.599278367512,49774.31466843606,27012.84899346657,54882.79475493428,12028.057271814336,8552.095755861363,37961.664401120775,14180.51049928341,48826.062064601116,54266.462246220755,34348.90656791522,30169.12071409726,29198.070850306467,45178.77862825262,57729.71366576192,63440.06034627626,29320.208896836528,53051.70965417276,55009.531683743466,43079.710597747304,18710.55916216792,54098.89428268912,64828.40883600513,40936.648416773365,29429.75892253851,21390.790667255664,31651.90805750503,43370.462639616315,9703.650494398435,61637.01886131601,66868.75556887811,0.0,22763.953144897798,39687.24892299046,47402.44271268917,8754.681960616022,53072.02591141945,5791.265727124625,47579.271134792216,21893.259428842426,35701.429885041805,56937.55237140569,36006.09522756499,56406.79501700476],[41951.96745749293,40277.82586162411,47947.75348860342,55529.465248023436,68243.51516224706,5146.089306530782,58976.33971099131