{"problem":"6.10.1","tabu_size":1,"reset_after":90,"iterations":480,"solution":{"truck_routes":[[[0,3,2,0]]],"drone_routes":[[[0,1,6,0],[0,5,4,0]]],"truck_working_time":[1058.9238813996396],"drone_working_time":[1078.7476708790684],"working_time":1078.7476708790684,"energy_violation":0.0,"capacity_violation":0.0,"waiting_time_violation":0.0,"fixed_time_violation":0.0,"feasible":true},"config":{"customers_count":6,"trucks_count":1,"drones_count":1,"x":[0.0,3709.848373093126,-827.2266506062733,-4518.310532722009,6177.911205215619,6139.644949987881,190.6872358052517],"y":[0.0,-6626.322109716625,3181.863824449649,6765.890855091806,-974.2045207101374,-3489.870858944101,-6804.168594973237],"demands":[0.0,0.5237141646387984,0.8617803795242891,7.729708871578585,1.1280061960724481,0.6730900213514242,0.7745849829511053],"dronable":[true,true,true,false,true,true,true],"distances":[[0.0,7594.150357548967,3287.637651690743,8135.871750041391,6254.251458624027,7062.1837078922645,6806.840081177104],[7594.150357548967,0.0,10806.736838188208,15717.95047307784,6167.4765814927105,3967.5228863312177,3523.652151179996],[3287.637651690743,10806.736838188208,0.0,5144.837216199187,8145.235445873136,9646.208767425907,10037.77824829351],[8135.871750041391,15717.95047307784,5144.837216199187,0.0,13202.963148234567,14790.965600883213,14363.884344504251],[6254.251458624027,6167.4765814927105,8145.235445873136,13202.963148234567,0.0,2515.9573588621556,8356.753673950217],[7062.1837078922645,3967.5228863312177,9646.208767425907,14790.965600883213,2515.9573588621556,0.0,6809.894813297844],[6806.840081177104,3523.652151179996,10037.77824829351,14363.884344504251,8356.753673950217,6809.894813297844,0.0]],"truck":{"V_max (m/s)":15.6464,"M_t (kg)":400.0},"drone":{"config":"Endurance","_data":{"speed_type":"high","range_type":"high","capacity [kg]":2.27,"FixedTime (s)":700.0,"V_max (m/s)":31.2928}},"problem":"problems/data/6.10.1.txt","config":"endurance","tabu_size_factor":0.5,"speed_type":"high","range_type":"high","waiting_time_limit":3600.0,"strategy":"random","fix_iteration":null,"reset_after_factor":30.0,"max_elite_size":10,"penalty_exponent":0.4,"verbose":false,"outputs":"outputs/","disable_logging":true,"extra":"https://github.com/Serious-senpai/min-timespan-delivery-v2/actions/runs/14262331507"},"last_improved":31,"elapsed":0.004436}