{"problem":"6.20.3","tabu_size":1,"reset_after":90,"iterations":179,"solution":{"truck_routes":[[[0,3,6,5,0],[0,2,0]]],"drone_routes":[[[0,4,0],[0,1,0]]],"truck_working_time":[6233.214544913807],"drone_working_time":[1185.367100782733],"working_time":6233.214544913807,"energy_violation":0.0,"capacity_violation":0.0,"waiting_time_violation":0.0,"fixed_time_violation":0.0,"feasible":true},"config":{"customers_count":6,"trucks_count":1,"drones_count":1,"x":[0.0,7413.930524635734,-10009.462664734612,-4658.418525897223,-10338.743823206909,15845.718011497645,13528.085412860322],"y":[0.0,-2338.4615802495214,-14692.955267347552,13263.533990801969,-3026.9566905217494,-4945.502985529066,6862.141837455571],"demands":[0.0,0.02993399495090497,0.7597762840521691,0.7475688177888413,0.6881331470137697,0.3634009715499195,0.29827505554861233],"dronable":[true,true,true,true,true,true,true],"distances":[[0.0,7773.980215206917,17778.421676993497,14057.81622755048,10772.747590480034,16599.54153221642,15168.984327732769],[7773.980215206917,0.0,21359.029577580113,19727.236942790903,17766.020151328743,8825.627746083734,11046.899712004597],[17778.421676993497,21359.029577580113,0.0,28463.99418593279,11670.644749791098,27631.56155172817,31916.114749489556],[14057.81622755048,19727.236942790903,28463.99418593279,0.0,17252.42539823173,27422.411322666758,19280.21646702569],[10772.747590480034,17766.020151328743,11670.644749791098,17252.42539823173,0.0,26254.654091402266,25834.469367100162],[16599.54153221642,8825.627746083734,27631.56155172817,27422.411322666758,26254.654091402266,0.0,12032.950474759806],[15168.984327732769,11046.899712004597,31916.114749489556,19280.21646702569,25834.469367100162,12032.950474759806,0.0]],"truck":{"V_max (m/s)":15.6464,"M_t (kg)":400.0},"drone":{"config":"Endurance","_data":{"speed_type":"high","range_type":"high","capacity [kg]":2.27,"FixedTime (s)":700.0,"V_max (m/s)":31.2928}},"problem":"problems/data/6.20.3.txt","config":"endurance","tabu_size_factor":0.5,"speed_type":"high","range_type":"high","waiting_time_limit":3600.0,"strategy":"random","fix_iteration":null,"reset_after_factor":30.0,"max_elite_size":10,"penalty_exponent":0.4,"verbose":false,"outputs":"outputs/","disable_logging":true,"extra":"https://github.com/Serious-senpai/min-timespan-delivery-v2/actions/runs/14262331507"},"last_improved":0,"elapsed":0.001549}