{"problem":"6.20.1","tabu_size":1,"reset_after":90,"iterations":270,"solution":{"truck_routes":[[[0,2,1,3,5,0]]],"drone_routes":[[[0,4,6,0]]],"truck_working_time":[4486.681346181809],"drone_working_time":[519.6655547837654],"working_time":4486.681346181809,"energy_violation":0.0,"capacity_violation":0.0,"waiting_time_violation":0.0,"fixed_time_violation":0.0,"feasible":true},"config":{"customers_count":6,"trucks_count":1,"drones_count":1,"x":[0.0,7408.1638234645225,13822.327971743318,-280.21598635042216,-846.5095772243626,-12774.65483622185,-5512.002686648472],"y":[0.0,8575.722018175598,-3562.8381835943974,12995.287230661725,-4105.504339623224,-2911.264253169934,-4854.180094383772],"demands":[0.0,0.6701338421606303,0.6577721716824305,0.10941224190225539,0.24826009795509146,0.053711938646033575,0.9559451281461192],"dronable":[true,true,true,true,true,true,true],"distances":[[0.0,11332.426896667379,14274.122266567425,12998.308013214873,4191.866451474533,13102.185532818232,7344.742201488873],[11332.426896667379,0.0,13729.025657090875,8868.130624172583,15131.19740436203,23222.769487032874,18635.798169168178],[14274.122266567425,13729.025657090875,0.0,21749.78766158881,14678.87194558571,26604.962752727235,19377.407100502118],[12998.308013214873,8868.130624172583,21749.78766158881,0.0,17110.16542180097,20226.946934249954,18600.405260780808],[4191.866451474533,15131.19740436203,14678.87194558571,17110.16542180097,0.0,11987.779556858568,4725.181619774008],[13102.185532818232,23222.769487032874,26604.962752727235,20226.946934249954,11987.779556858568,0.0,7518.04749996583],[7344.742201488873,18635.798169168178,19377.407100502118,18600.405260780808,4725.181619774008,7518.04749996583,0.0]],"truck":{"V_max (m/s)":15.6464,"M_t (kg)":400.0},"drone":{"config":"Endurance","_data":{"speed_type":"high","range_type":"high","capacity [kg]":2.27,"FixedTime (s)":700.0,"V_max (m/s)":31.2928}},"problem":"problems/data/6.20.1.txt","config":"endurance","tabu_size_factor":0.5,"speed_type":"high","range_type":"high","waiting_time_limit":3600.0,"strategy":"random","fix_iteration":null,"reset_after_factor":30.0,"max_elite_size":10,"penalty_exponent":0.4,"verbose":false,"outputs":"outputs/","disable_logging":true,"extra":"https://github.com/Serious-senpai/min-timespan-delivery-v2/actions/runs/14262331507"},"last_improved":1,"elapsed":0.002151}