{"problem":"6.5.4","tabu_size":1,"reset_after":90,"iterations":454,"solution":{"truck_routes":[[[0,6,4,1,0]]],"drone_routes":[[[0,2,5,3,0]]],"truck_working_time":[579.9713227928262],"drone_working_time":[565.332773691233],"working_time":579.9713227928262,"energy_violation":0.0,"capacity_violation":0.0,"waiting_time_violation":0.0,"fixed_time_violation":0.0,"feasible":true},"config":{"customers_count":6,"trucks_count":1,"drones_count":1,"x":[0.0,1855.6451440981389,-3392.587094910291,-2806.4306437569417,1902.4264417651648,-1399.3309789937096,2475.3546303412254],"y":[0.0,3369.266055291133,-3823.6827232443184,3416.4762725634328,3671.066255735202,2024.134609077883,2085.8058240881246],"demands":[0.0,21.323810893730315,0.9127824188115398,0.0038336562722921675,0.21396271215297788,0.2609445293545576,1.012739929754733],"dronable":[true,false,true,true,true,true,true],"distances":[[0.0,3846.4753544189093,5111.770413916194,4421.353082395358,4134.725362140143,2460.741372927754,3236.968718068138],[3846.4753544189093,0.0,8904.069505860905,4662.314817375534,305.4044053374004,3521.9665202113706,1425.2403349678782],[5111.770413916194,8904.069505860905,0.0,7263.847580298239,9176.51516707137,6178.190470991228,8327.952628467638],[4421.353082395358,4662.314817375534,7263.847580298239,0.0,4715.734419091383,1979.531453262238,5446.828391286596],[4134.725362140143,305.4044053374004,9176.51516707137,4715.734419091383,0.0,3689.7135274025923,1685.614827121227],[2460.741372927754,3521.9665202113706,6178.190470991228,1979.531453262238,3689.7135274025923,0.0,3875.1763714633785],[3236.968718068138,1425.2403349678782,8327.952628467638,5446.828391286596,1685.614827121227,3875.1763714633785,0.0]],"truck":{"V_max (m/s)":15.6464,"M_t (kg)":400.0},"drone":{"config":"Endurance","_data":{"speed_type":"high","range_type":"high","capacity [kg]":2.27,"FixedTime (s)":700.0,"V_max (m/s)":31.2928}},"problem":"problems/data/6.5.4.txt","config":"endurance","tabu_size_factor":0.5,"speed_type":"high","range_type":"high","waiting_time_limit":3600.0,"strategy":"random","fix_iteration":null,"reset_after_factor":30.0,"max_elite_size":10,"penalty_exponent":0.4,"verbose":false,"outputs":"outputs/","disable_logging":true,"extra":"https://github.com/Serious-senpai/min-timespan-delivery-v2/actions/runs/14262331507"},"last_improved":5,"elapsed":0.002674}