{"problem":"6.5.2","tabu_size":1,"reset_after":90,"iterations":270,"solution":{"truck_routes":[[[0,4,0]]],"drone_routes":[[[0,6,1,3,2,5,0]]],"truck_working_time":[581.9914816603255],"drone_working_time":[419.64798728055314],"working_time":581.9914816603255,"energy_violation":0.0,"capacity_violation":0.0,"waiting_time_violation":0.0,"fixed_time_violation":0.0,"feasible":true},"config":{"customers_count":6,"trucks_count":1,"drones_count":1,"x":[0.0,1859.970050071376,2873.6700476364344,1956.6172117726119,2829.9511169937755,3972.548297080394,662.0210646883426],"y":[0.0,3230.3285962826385,3922.129224130469,3617.661702384138,-3566.722767628344,498.455559808532,2826.3467933469387],"demands":[0.0,1.117964724751188,0.08481470522789934,0.7843233670344313,0.399601842431394,0.05603162806621501,0.17370971196221216],"dronable":[true,true,true,true,true,true,true],"distances":[[0.0,3727.5342288333018,4862.209085740869,4112.885496376204,4553.035759325058,4003.6980302890447,2902.8448264338226],[3727.5342288333018,0.0,1227.2635388350998,399.2087285457827,6865.913669267337,3453.421077301456,1264.2322052073414],[4862.209085740869,1227.2635388350998,0.0,966.2744825173806,7488.979603348274,3595.7022633795223,2468.2241307039344],[4112.885496376204,399.2087285457827,966.2744825173806,0.0,7237.271054960246,3713.950067056853,1517.286548187252],[4553.035759325058,6865.913669267337,7488.979603348274,7237.271054960246,0.0,4222.700930660893,6750.648792757459],[4003.6980302890447,3453.421077301456,3595.7022633795223,3713.950067056853,4222.700930660893,0.0,4047.0567270047427],[2902.8448264338226,1264.2322052073414,2468.2241307039344,1517.286548187252,6750.648792757459,4047.0567270047427,0.0]],"truck":{"V_max (m/s)":15.6464,"M_t (kg)":400.0},"drone":{"config":"Endurance","_data":{"speed_type":"high","range_type":"high","capacity [kg]":2.27,"FixedTime (s)":700.0,"V_max (m/s)":31.2928}},"problem":"problems/data/6.5.2.txt","config":"endurance","tabu_size_factor":0.5,"speed_type":"high","range_type":"high","waiting_time_limit":3600.0,"strategy":"random","fix_iteration":null,"reset_after_factor":30.0,"max_elite_size":10,"penalty_exponent":0.4,"verbose":false,"outputs":"outputs/","disable_logging":true,"extra":"https://github.com/Serious-senpai/min-timespan-delivery-v2/actions/runs/14262331507"},"last_improved":1,"elapsed":0.00099}