{"problem":"6.10.4","tabu_size":1,"reset_after":90,"iterations":653,"solution":{"truck_routes":[[[0,6,0]]],"drone_routes":[[[0,1,2,0],[0,5,4,3,0]]],"truck_working_time":[997.8432105109541],"drone_working_time":[925.4063242670111],"working_time":997.8432105109541,"energy_violation":0.0,"capacity_violation":0.0,"waiting_time_violation":0.0,"fixed_time_violation":0.0,"feasible":true},"config":{"customers_count":6,"trucks_count":1,"drones_count":1,"x":[0.0,3705.5235870250635,953.2162068470022,-1234.6585081567373,-2796.3135899181657,767.7656739137758,2004.020681552962],"y":[0.0,1559.3149895763443,3482.7516372645136,6564.705305365925,6263.58486236893,6082.50819032525,-7544.709564232051],"demands":[0.0,0.9170239101069583,0.7087742278672998,0.9954805382943577,0.4681966140356212,0.7755464466491672,0.06012007494974693],"dronable":[true,true,true,true,true,true,true],"distances":[[0.0,4020.2448048242745,3610.8420214493513,6679.800698977728,6859.436202871066,6130.772383265751,7806.327004469296],[4020.2448048242745,0.0,3357.7975598079947,7032.732850532214,8025.212876400542,5393.48665404385,9261.661579526439],[3610.8420214493513,3357.7975598079947,0.0,3779.5812176584377,4668.190990381014,2606.362606267106,11077.413533608562],[6679.800698977728,7032.732850532214,3779.5812176584377,0.0,1590.4213641617118,2059.6642111505244,14476.347289848054],[6859.436202871066,8025.212876400542,4668.190990381014,1590.4213641617118,0.0,3568.6761915359107,14618.898867204736],[6130.772383265751,5393.48665404385,2606.362606267106,2059.6642111505244,3568.6761915359107,0.0,13683.179096030084],[7806.327004469296,9261.661579526439,11077.413533608562,14476.347289848054,14618.898867204736,13683.179096030084,0.0]],"truck":{"V_max (m/s)":15.6464,"M_t (kg)":400.0},"drone":{"config":"Endurance","_data":{"speed_type":"high","range_type":"high","capacity [kg]":2.27,"FixedTime (s)":700.0,"V_max (m/s)":31.2928}},"problem":"problems/data/6.10.4.txt","config":"endurance","tabu_size_factor":0.5,"speed_type":"high","range_type":"high","waiting_time_limit":3600.0,"strategy":"random","fix_iteration":null,"reset_after_factor":30.0,"max_elite_size":10,"penalty_exponent":0.4,"verbose":false,"outputs":"outputs/","disable_logging":true,"extra":"https://github.com/Serious-senpai/min-timespan-delivery-v2/actions/runs/14262331507"},"last_improved":24,"elapsed":0.002825}