{"problem":"50.30.1","tabu_size":4,"reset_after":250,"iterations":6479,"solution":{"truck_routes":[[[0,48,35,50,44,47,37,3,25,4,10,0],[0,20,1,49,16,18,40,6,0]],[[0,19,22,2,33,5,8,39,17,34,0],[0,24,12,9,28,13,41,26,0]],[[0,29,43,21,15,45,38,30,0],[0,46,42,32,27,36,0]]],"drone_routes":[[[0,14,0],[0,31,7,0],[0,11,0]],[],[[0,23,0]]],"truck_working_time":[8873.783828187867,8854.929939502334,8869.91841963703],"drone_working_time":[1970.7270372477064,-0.0,535.4132224549442],"working_time":8873.783828187867,"energy_violation":0.0,"capacity_violation":0.0,"waiting_time_violation":0.0,"fixed_time_violation":0.0,"feasible":true},"config":{"customers_count":50,"trucks_count":3,"drones_count":3,"x":[0.0,10956.545523005047,-11730.962296342965,21230.751782548337,13619.54732593346,-19428.834034707397,8731.802894668985,880.1491763957538,-20463.14697578011,-23201.826717210293,8526.5136378021,9281.468361873742,-20086.0959110228,-6915.865735604787,-3968.751929716454,13631.990614147724,22414.350232468336,-23927.90881416313,14784.407459340844,-8715.290282143842,6840.467520280425,14062.013389004045,-12192.706314296096,-7300.883732451523,-9884.15592934479,14945.853062609602,-1099.775348462489,-4382.155017517513,-17012.161249944158,8201.909181051633,21168.069986743856,9131.077481755165,-21487.27094783142,-15356.013707999213,-14041.080356321703,17246.991526878945,-4937.3773794627095,22268.46649820478,23235.18142340754,-20770.83211701547,13153.663710081166,-1863.6193953952948,-19806.59292620511,7401.458755521099,23356.406889400503,20875.1795099098,-19639.851242009932,22357.39514037595,16307.673451637931,14693.722029829041,19535.539058728635],"y":[0.0,17865.327954413973,5487.709741391833,12250.256091878222,13001.149051083868,2277.3515522348794,14339.455684538127,-973.018802539714,3204.0826598969275,21496.8729952195,10317.742155620024,-4867.039532597677,18606.082931670277,21481.852351513906,-8779.213344017311,-13590.128350706691,23908.343767346236,-3025.960288416025,17656.213210806847,10887.466440459066,17705.356533109392,-20316.176663227856,11358.347436847027,4108.0500423858775,16850.71526615462,12330.483695292762,4057.8634510374427,-19662.15803747326,20643.305915404282,-12162.63114656674,-7999.749394715931,-5557.124742656582,-21026.00779278208,5464.662804434978,-384.3715350309763,5129.97630330004,-18306.32596484534,12734.679469166198,-9761.61910578989,1654.2887645407802,17420.035280417593,12574.958987078373,-14021.855859718878,-16388.33126408433,1845.8828615578827,-9224.321831942134,-13639.583816919669,11076.830557569772,3128.760106809113,22423.261076267703,-441.89574372321823],"demands":[0.0,0.8539308891642613,1.0896584700818912,1.0963740618175144,0.26840526559173805,5.043263104183081,0.3202265024917196,1.059393778116439,16.824166439147913,0.13664662181197731,1.111762423988512,0.9630195335075451,27.889845231768785,0.4475488799317275,0.4392387397800223,19.627947276265715,1.0378856211558587,1.0379820352385645,4.963694203661327,0.5373224553458911,0.5037937774613824,0.19091453729119762,0.29235461950917263,0.4172642746542298,0.9230342939588599,13.667212797986506,0.03634769662850982,0.8155996627530357,0.9560356256539488,0.5709638895945466,0.9498354498658022,0.9823503287970152,0.31197652824830296,18.881428683331166,0.8570406366769014,0.9253788957404242,0.11966205404183283,0.6350991538592136,0.31181735273443345,0.8587987241431863,10.142849384107231,0.2912182162124062,0.7337890507170162,0.9570266878689104,0.483917972938205,0.4724637316088636,12.673040395707902,0.8474892142807612,19.995914168936363,0.5753628663530859,0.48182511117351656],"dronable":[true,true,true,true,true,false,true,true,false,true,true,true,false,true,true,false,true,true,false,true,true,true,true,true,true,false,true,true,true,true,true,true,true,false,true,true,true,true,true,true,false,true,true,true,true,true,false,true,false,true,true],"distances":[[0.0,20957.476773611066,12951.07851122782,24511.499251754856,18828.7531719931,19561.848635562823,16788.816846942565,1312.0320738480225,20712.47280852363,31629.737772989054,13384.963130523885,10480.158813888836,27379.510057833373,22567.657816555882,9634.603199893585,19248.967678628727,32772.12226941303,24118.483697902244,23028.690124913388,13946.082252523584,18980.82310808809,24708.04028578578,16663.557356183144,8377.289443819038,19535.68896703206,19375.74132592086,4204.255178310576,20144.57101275994,26749.947841277502,14669.727694188958,22629.254900282158,10689.16326862221,30063.1970436887,16299.377183390625,14046.340414842056,17993.759295951862,18960.465862377976,25652.615097959733,25202.437646886166,20836.605725254947,21828.34162663073,12712.303913044114,24267.541389583144,17982.185443684088,23429.234437382467,22822.384468547592,23911.545401898555,24950.93771111654,16605.100216837498,26808.73186826161,19540.536281367324],[20957.476773611066,0.0,25844.311631001405,11708.47326875196,5545.431904369725,34150.49485997445,4169.083235654465,21363.91986198199,34672.02316427777,34350.873547619034,7929.130239393163,22793.99954067491,31051.47830841476,18234.6464981283,30540.073429119737,31569.03130916555,12953.73802713134,40661.66596251288,3833.5696132511166,20872.74958534862,4119.18547532734,38307.587049222464,24046.38550973485,22860.36785720601,20865.384634201055,6822.688298484167,18330.32866502362,40541.18818119567,28106.3288264932,30154.043661614953,27807.866839259877,23493.480455567507,50647.18376567891,29088.26686908333,30950.489997055516,14204.18574242056,39509.56001380244,12421.075236401193,30232.64962655374,35628.980949896366,2241.7881018275343,13868.836733682116,44307.59730386617,34437.651078163755,20257.81782396262,28848.369550350773,43916.95527608598,13268.875947301141,15678.042034503422,5894.170220348958,20217.65489911288],[12951.07851122782,25844.311631001405,0.0,33648.278234718906,26440.501288166895,8340.481341205492,22295.2498417151,14169.72638748589,9025.851866895098,19694.51798469884,20825.334195276708,23425.265733680622,15553.1338603694,16703.225817851926,16241.828841012468,31737.096379601167,38797.19223872195,14874.410298731644,29174.257659206978,6184.791840179041,22229.909998939147,36484.4918874776,5888.768503635966,4639.941483177526,11512.106163208131,27540.44358901709,10726.909915480059,26201.54227742547,16049.397427232561,26624.310297085132,35556.404192659385,23605.361096220786,28251.774740448956,3625.1246735049062,6310.149282541203,28980.16185243813,24744.876868001433,34763.19502851831,38146.732978326414,9819.081563999112,27597.55431644055,12148.80890438922,21114.89900553659,29062.186865050015,35275.86114327106,35771.55792671379,20697.919780033884,34543.514358434106,28137.692477999153,31385.933804079436,31823.80128450718],[24511.499251754856,11708.47326875196,33648.278234718906,0.0,7648.154909295365,41864.79121872725,12672.35093578894,24269.363925881702,42663.97130403154,45384.51229543367,12850.380420526759,20875.516371177753,41802.85203369712,29621.857592226115,32821.541281599064,26934.487918558567,11718.01662140621,47672.501652279076,8413.068851795078,29977.03505976414,15389.554963441798,33346.11450451044,33435.35631932812,29670.68830534929,31453.166876068462,6285.410757320256,23785.8726796078,40919.71615629917,39153.08011575813,27672.003954386902,20250.102498866978,21529.164646391466,54149.23087279069,37210.693158323666,37466.46444092747,8158.966236128571,40230.28325563932,1145.2151935566608,22102.949755697126,43317.52040080434,9589.888872591082,23096.653698637492,48726.661358462734,31802.799112224104,10619.293382758251,21477.52147356165,48380.677982994566,1626.7306907734135,10365.24911702133,12092.26150893002,12804.86096749829],[18828.7531719931,5545.431904369725,26440.501288166895,7648.154909295365,0.0,34744.71676895171,5067.653329747858,18909.51169157182,35462.83351252947,37788.76700502492,5756.706064674818,18387.253529562946,34168.48942845909,22217.684804630757,27995.222034629995,26591.280313185354,14011.261711325502,40824.98862673157,4798.595780177705,22434.630042807523,8251.393279038257,33320.2636389706,25864.478249740187,22732.172039801746,23816.868533801655,1486.2297691132608,17223.263840427706,37295.48119040154,31570.621340359678,25740.369789584445,22316.315329631918,19093.346687931153,48891.06352069062,29939.6353046774,30729.17970167191,8666.81670836691,36393.92045925768,8653.023106785848,24710.403340700293,36213.939810414624,4443.37743741344,15489.031270260875,42983.13211673746,30040.076209376562,14806.97126079001,23379.8151053722,42613.56874102002,8947.23343234308,10231.817313397134,9483.145380600414,14687.219326260869],[19561.848635562823,34150.49485997445,8340.481341205492,41864.79121872725,34744.71676895171,0.0,30635.205701393355,20567.44287732598,1388.7526079107865,19586.35949531117,29088.646316834445,29585.87141992217,16341.95403358533,22921.32689448531,19006.88733059933,36671.44727076641,47103.629306318115,6954.623667052209,37510.735522561525,13744.602508858283,30464.726190740243,40399.31160776419,11611.461176029812,12265.342860916262,17420.786723715464,35814.586119683634,18415.33640598475,26603.4702714371,18524.27021554794,31176.450583684215,41877.52881917392,29614.988850975227,23394.095821131894,5171.732633465183,6009.380957489935,36786.59604522142,25173.201944091044,42988.609873944864,44330.06913501322,1479.5830799004455,35929.375582953304,20361.17590433441,16303.584392335139,32684.43553449901,42787.416446485666,41913.028981940355,15918.334077648351,42702.69054097079,35746.64828831394,39625.831258510516,39059.14331396757],[16788.816846942565,4169.083235654465,22295.2498417151,12672.35093578894,5067.653329747858,30635.205701393355,0.0,17208.14751880875,31246.46588553564,32725.91209955705,4026.949638084372,19214.358970616166,29132.03390841536,17200.679164244666,26377.584243048273,28356.189872194263,16696.578116261644,36989.38281206861,6901.804293396534,17785.311075762107,3860.8856523893946,35063.14300426366,21135.80119182891,19019.166698299734,18784.577387411115,6530.726448355902,14225.718597202664,36442.90915697417,26504.532020247374,26507.383759080287,25567.57365802228,19900.586244925562,46517.82917187948,25670.700367315792,27118.17286534947,12542.84449060767,35391.99837344499,13631.455102692235,28128.451695691663,32114.154705065248,5389.13942271181,10741.341727183684,40234.36377699155,30756.571757731675,19234.56274225717,26508.738303920803,39846.92472293772,14010.76324706813,13530.465994653023,10044.520366127186,18308.71555157199],[1312.0320738480225,21363.91986198199,14169.72638748589,24269.363925881702,18909.51169157182,20567.44287732598,17208.14751880875,0.0,21748.206070087144,32936.87295939354,13636.281475936252,9259.889929281107,28686.6634132352,23769.709444023167,9189.587322412843,17938.810256090408,32905.98757760476,24892.856606009776,23246.00360935065,15255.935520376668,19606.302556571776,23407.6760944598,17971.147542947812,9630.50154781752,20822.001838464214,19360.454656967286,5406.466255650978,19415.86389455822,28060.653354904418,13372.194807711277,21470.320761972347,9438.84766114995,30040.370344862,17465.873287110066,14932.83617982817,17467.686675329223,18283.521335097183,25403.958545205613,24020.552909024093,21809.808252703213,22112.06904627379,13823.023119547088,24458.402387816164,16737.96095448441,22652.336907552337,21630.655092279856,24114.565856238914,24626.63119061628,15963.492584154807,27169.84922933136,18662.94894611928],[20712.47280852363,34672.02316427777,9025.851866895098,42663.97130403154,35462.83351252947,1388.7526079107865,31246.46588553564,21748.206070087144,0.0,18496.66307684148,29849.699729005162,30820.206927130967,15406.614809137696,22750.94929668207,20387.85057462008,38006.893200376035,47614.558643851684,7128.67517386921,38095.33004342342,14037.326070645357,30915.599759593882,41775.462856096536,11614.311119809783,13193.268386388669,17266.894134462465,36566.2204715986,19382.18518167984,27954.664476465725,17777.396047659848,32524.165441776957,43112.458506662704,30863.844160984507,24251.723923365458,5585.072318668224,7356.625800858543,37759.28511261077,26528.234030204883,43781.537954152554,45581.282640575,1580.041538764157,36499.08587345613,20826.803627845176,17238.44601759674,34063.16097970767,43840.59771074835,43166.21914008983,16863.7752667509,43538.2473990606,36770.89757392967,40067.22173145842,40164.512234146074],[31629.737772989054,34350.873547619034,19694.51798469884,45384.51229543367,37788.76700502492,19586.35949531117,32725.91209955705,32936.87295939354,18496.66307684148,0.0,33640.16272273949,41835.63484601663,4250.228893617459,16285.967908420866,35868.54568841973,50870.69650249421,45679.872928777,24533.579996985718,38179.898565807984,17956.036459327584,30280.60501599035,56008.257437643006,14966.309917398929,23562.918993400257,14104.862170801794,39233.50819620253,28153.50295414124,45257.55051297388,6248.242581431293,46034.30077060701,53279.81293073392,42158.4568923067,42557.43286427066,17849.048864771503,23721.46993930077,43634.6445461325,43793.66115165133,46306.841832323575,55977.57634518195,19990.945042637584,36583.36083469795,23128.329841936797,35680.63497145498,48701.64045999544,50535.43835568273,53726.84887050428,35316.543808776776,46735.639298839014,43570.49660806732,37906.87021788983,48039.48383618632],[13384.963130523885,7929.130239393163,20825.334195276708,12850.380420526759,5756.706064674818,29088.646316834445,4026.949638084372,13636.281475936252,29849.699729005162,33640.16272273949,0.0,15203.537468439037,29788.89084899676,19055.29945128872,22821.598781810695,24446.925518422187,19431.326703259503,35090.51056347853,9644.396948978594,17251.21410726209,7577.572018852578,31130.029548577677,20745.33525337061,17001.96411174526,19535.416339910364,6727.484459767416,11482.661757761805,32640.896771391952,27547.07211264695,22482.71673661824,22256.222582012848,15886.37455429695,43396.51974502989,24370.62764090917,24976.6197899402,10146.903426778805,31632.477567996877,13952.879788600674,24890.272330641874,30551.43029281493,8476.619929071903,10632.492288817264,37352.121213067374,26729.760679564333,17079.17251368435,23116.699888066443,36976.98714467193,13851.696587068824,10593.767552036396,13585.950378565589,15393.779537319291],[10480.158813888836,22793.99954067491,23425.265733680622,20875.516371177753,18387.253529562946,29585.87141992217,19214.358970616166,9259.889929281107,30820.206927130967,41835.63484601663,15203.537468439037,0.0,37595.76185616179,30929.237549379417,13815.695483993059,9747.785512420223,31630.606543120273,33260.37139305024,23185.75538673932,23918.356551947756,22703.99853012256,16171.87215004609,26914.74243478618,18855.41391375835,28965.18648258413,18106.354111520122,13690.292701059925,20139.26849285145,36635.1290845257,7375.0325438409445,12292.484259439905,706.2825312613104,34753.81380427539,26716.092452384524,23749.43348985421,12782.405286776986,19565.019653041953,21874.245870660805,14787.258616860983,30751.72331484048,22620.95489884587,20698.70270035322,30494.687594437764,11673.671199841157,15593.819981762403,12385.477270588975,30222.512484080085,20620.05951904328,10644.264645195832,27821.807940688068,11168.162937937124],[27379.510057833373,31051.47830841476,15553.1338603694,41802.85203369712,34168.48942845909,16341.95403358533,29132.03390841536,28686.6634132352,15406.614809137696,4250.228893617459,29788.89084899676,37595.76185616179,0.0,13480.542000587326,31776.142451829175,46620.868501759425,42829.91819237265,21970.544377835,34883.43815894808,13743.080483943295,26941.624417712093,51778.718222250536,10716.121925801057,19330.147648423677,10351.854666237263,35589.61357849796,23919.26124613729,41365.10638762027,3687.7298960247545,41796.231865056085,49089.47461218372,37914.42767834299,39656.85195114456,13966.7677222708,19929.364613766083,39690.86629824577,39899.99503373398,42759.587644137304,51782.81171173259,16965.61785366283,33260.91292643387,19194.61138959645,32629.135932371228,44499.15377229404,46563.45515482052,49521.28343869934,32248.754369211558,43106.14311142977,39548.122208867404,34988.66366391251,43962.47774289428],[22567.657816555882,18234.6464981283,16703.225817851926,29621.857592226115,22217.684804630757,22921.32689448531,17200.679164244666,23769.709444023167,22750.94929668207,16285.967908420866,19055.29945128872,30929.237549379417,13480.542000587326,0.0,30404.236165608792,40647.97942022455,29430.416737194184,29833.57990755776,22034.91256098344,10746.112856798247,14265.294434865347,46766.939627090134,11416.233978427723,17378.06794596448,5500.7433477343,23699.837490883077,18369.058130327096,41221.95144449174,10131.058347397939,36884.93443512279,40716.977873858865,31442.179773677442,44935.999197813915,18104.873895804085,22997.8353426531,29175.80369729878,39837.338639896494,30467.003156973864,43419.35229236316,24188.682709595472,20476.434506288075,10240.016723013001,37771.47262486387,40486.251835201016,36082.9847392525,41415.1099095847,37355.25512830239,31067.479473650208,29600.148096319404,21630.083998427515,34355.89536218054],[9634.603199893585,30540.073429119737,16241.828841012468,32821.541281599064,27995.222034629995,19006.88733059933,26377.584243048273,9189.587322412843,20387.85057462008,35868.54568841973,22821.598781810695,13815.695483993059,31776.142451829175,30404.236165608792,0.0,18246.3980362421,42006.48128097536,20771.8045499119,32411.614649796302,20231.3598177729,28605.4481995056,21405.840805901167,21752.121274088473,13311.07283209459,26303.71162101137,28343.986859776483,13153.766276846982,10890.793695310935,32184.08249843449,12632.201229388767,25148.90415322504,13490.270033052548,21374.80953969769,18236.16567537122,13112.02383048876,25368.74705343389,9576.22630015795,33929.91622170027,27221.666204734345,19777.96412348127,31298.206750977606,21457.68531163578,16683.00056876755,13681.387595860853,29318.202091323634,24847.918442856993,16407.515192424056,32974.66450136966,23514.532909484282,36357.699930540904,24939.177204504456],[19248.967678628727,31569.03130916555,31737.096379601167,26934.487918558567,26591.280313185354,36671.44727076641,28356.189872194263,17938.810256090408,38006.893200376035,50870.69650249421,24446.925518422187,9747.785512420223,46620.868501759425,40647.97942022455,18246.3980362421,0.0,38513.18282944038,39017.27427580184,31267.58586082164,33144.43558454817,32023.931052381653,6739.780819081874,35907.40056824122,27411.87237027492,38466.27234813923,25953.88917624274,22988.617683791887,19009.970735269904,45945.533679800326,5614.582142767374,9383.220618830896,9208.005538241703,35897.83887277597,34689.904302936244,30662.532022183088,19065.95263436926,19158.913007207135,27705.31036550827,10338.218258358913,37629.06410018045,31013.852470408397,30409.30326333983,33441.37045378364,6830.041492245596,18243.758221363238,8457.189364025035,33271.878611588836,26164.700379116206,16931.642268300344,36029.03678448753,14412.768815354566],[32772.12226941303,12953.73802713134,38797.19223872195,11718.01662140621,14011.261711325502,47103.629306318115,16696.578116261644,32905.98757760476,47614.558643851684,45679.872928777,19431.326703259503,31630.606543120273,42829.91819237265,29430.416737194184,42006.48128097536,38513.18282944038,0.0,53600.94876504843,9864.337951287656,33743.11433360632,16763.73685551914,45006.32997769265,36812.372522380225,35707.79692426615,33060.60526284285,13777.710035569698,30772.64484284619,51151.161483746364,39561.474692526535,38769.9459875834,31932.422765736417,32321.187624897182,62820.76322672107,42032.96039606331,43807.926636357035,19476.362098887443,50301.0471457134,11174.61658905333,33679.96680108791,48581.91987381785,11307.45160889374,26793.010652576468,56756.56865030641,43002.429339367736,22082.564433604843,33168.397251411596,56377.324586479685,12831.63961211439,21658.314763868275,7862.160672660559,24519.822960627112],[24118.483697902244,40661.66596251288,14874.410298731644,47672.501652279076,40824.98862673157,6954.623667052209,36989.38281206861,24892.856606009776,7128.67517386921,24533.579996985718,35090.51056347853,33260.37139305024,21970.544377835,29833.57990755776,20771.8045499119,39017.27427580184,53600.94876504843,0.0,43890.724896175474,20615.702897076113,37100.949845150986,41739.49893434881,18564.03206331932,18092.873361294915,24337.403850688548,41797.00628366599,23901.971389395603,25667.091129008433,24658.907660302204,33403.65187783825,45369.43775368833,33155.744123878816,18164.757729020414,12065.159187343184,10233.639044679729,41974.89392223451,24374.779165722586,48810.888719315866,47641.64334341648,5645.517201229294,42344.7960872591,27022.611824093594,11742.868647112295,34059.97989441222,47534.633344880465,45229.81770026211,11447.115014138126,48386.135119574195,40703.595214814195,46252.49438806822,43540.196262427635],[23028.690124913388,3833.5696132511166,29174.257659206978,8413.068851795078,4798.595780177705,37510.735522561525,6901.804293396534,23246.00360935065,38095.33004342342,38179.898565807984,9644.396948978594,23185.75538673932,34883.43815894808,22034.91256098344,32411.614649796302,31267.58586082164,9864.337951287656,43890.724896175474,0.0,24455.096131118233,7944.091944428022,37979.26073449233,27702.486907542552,25909.704982195766,24681.71077134728,5328.1760064052605,20909.863214778223,41952.56785709039,31936.570017929935,30536.74446290814,26438.22165879832,23891.822843332287,53027.8122898147,32512.749644650892,34005.46199925339,12766.006867955155,41015.27789968489,8957.267109297813,28690.644982864433,38990.21219891092,1647.757624941382,17406.204142264163,46904.555937668134,34835.88580854629,17984.596742249352,27561.94239084844,46523.719743139416,10031.87014044871,14607.09529551109,4767.9103597614585,18711.354820128403],[13946.082252523584,20872.74958534862,6184.791840179041,29977.03505976414,22434.630042807523,13744.602508858283,17785.311075762107,15255.935520376668,14037.326070645357,17956.036459327584,17251.21410726209,23918.356551947756,13743.080483943295,10746.112856798247,20231.3598177729,33144.43558454817,33743.11433360632,20615.702897076113,24455.096131118233,0.0,16984.264073640134,38632.53687592824,3509.15248648856,6925.390428436232,6076.724731166117,23705.105002482436,10229.347227376753,30855.398506002643,12806.813488031561,28591.933065970792,35351.692222079284,24267.620846389917,34374.31203326757,8573.56442173151,12466.690469403293,26593.021065884917,29437.223729561418,31038.772208275648,38042.31034129693,15185.113069299674,22823.79469682575,7056.417294577563,27267.037459106235,31681.520480593234,33321.824576056766,35778.20467866343,26849.994906774424,31073.262431481555,26198.210587633228,26097.057598542582,30437.86795995214],[18980.82310808809,4119.18547532734,22229.909998939147,15389.554963441798,8251.393279038257,30464.726190740243,3860.8856523893946,19606.302556571776,30915.599759593882,30280.60501599035,7577.572018852578,22703.99853012256,26941.624417712093,14265.294434865347,28605.4481995056,32023.931052381653,16763.73685551914,37100.949845150986,7944.091944428022,16984.264073640134,0.0,38701.26239974937,20063.55478685782,19617.96521191266,16746.445629653346,9725.560796812586,15789.285108573611,39016.386324320156,24032.882594958774,29899.0001744033,29428.432904212375,23374.985114454506,47985.19927292875,25347.945910400304,27627.473704667467,16322.865245544093,37888.770194028526,16208.972297368082,31987.831978945935,31937.762040752303,6319.640365412593,10103.569073152237,41432.85938308253,34098.30287240895,22897.579749464487,30367.42856214485,41033.066754745334,16873.42287076593,17381.17232875737,9161.4534692973,22146.95479214522],[24708.04028578578,38307.587049222464,36484.4918874776,33346.11450451044,33320.2636389706,40399.31160776419,35063.14300426366,23407.6760944598,41775.462856096536,56008.257437643006,31130.029548577677,16171.87215004609,51778.718222250536,46766.939627090134,21405.840805901167,6739.780819081874,45006.32997769265,41739.49893434881,37979.26073449233,38632.53687592824,38701.26239974937,0.0,41141.047430335086,32448.670598178745,44213.08494906714,32658.622217314078,28704.94154690758,18455.76030866683,51412.8733159422,10040.972354325359,14219.367814035391,15560.968559685318,35556.37041506992,39116.13480313999,34453.747745738525,25644.702894256297,19105.401053175734,34054.44117465033,13983.765480752061,41182.866305770905,37747.14281895954,36543.844679376314,34448.5263561754,7732.461283781776,24032.116696628247,13017.237655869021,34356.841700636054,32470.51371269087,23552.24085449069,42744.10595737277,20614.231135905124],[16663.557356183144,24046.38550973485,5888.768503635966,33435.35631932812,25864.478249740187,11611.461176029812,21135.80119182891,17971.147542947812,11614.311119809783,14966.309917398929,20745.33525337061,26914.74243478618,10716.121925801057,11416.233978427723,21752.121274088473,35907.40056824122,36812.372522380225,18564.03206331932,27702.486907542552,3509.15248648856,20063.55478685782,41141.047430335086,0.0,8746.241505948406,5957.810776809871,27155.965347577338,13279.690653016443,31988.692868605063,10461.242747650716,31131.604114219474,38570.42012148943,27218.32019865111,33691.770439764245,6688.9485132856835,11887.30143690054,30091.334565899328,30539.03479125863,34488.64626911641,41245.46297858025,12951.949544483332,26061.130691616996,10400.489423212926,26497.660061107705,33967.771250347905,36799.815649882905,38950.370307752855,26083.644962742834,34551.24834620957,29664.756099202674,29074.255673217383,33851.547875561904],[8377.289443819038,22860.36785720601,4639.941483177526,29670.68830534929,22732.172039801746,12265.342860916262,19019.166698299734,9630.50154781752,13193.268386388669,23562.918993400257,17001.96411174526,18855.41391375835,19330.147648423677,17378.06794596448,13311.07283209459,27411.87237027492,35707.79692426615,18092.873361294915,25909.704982195766,6925.390428436232,19617.96521191266,32448.670598178745,8746.241505948406,0.0,13001.877258622582,23717.62452703015,6201.311464837923,23948.732105712417,19176.120509841076,22473.799288760685,30936.7117366208,19063.70774457617,28861.29667021671,8168.568853178714,8100.129761779838,24569.13740916426,22538.642684823786,30802.03253569813,33538.32132773984,13691.61984176704,24404.865540633386,10062.42468536969,22024.673674266003,25224.2050676303,30740.63871533432,31171.183481429085,21615.471931140128,30466.004128654797,23628.85907301374,28621.8384778786,27219.397401182592],[19535.68896703206,20865.384634201055,11512.106163208131,31453.166876068462,23816.868533801655,17420.786723715464,18784.577387411115,20822.001838464214,17266.894134462465,14104.862170801794,19535.416339910364,28965.18648258413,10351.854666237263,5500.7433477343,26303.71162101137,38466.27234813923,33060.60526284285,24337.403850688548,24681.71077134728,6076.724731166117,16746.445629653346,44213.08494906714,5957.810776809871,13001.877258622582,0.0,25238.102939697194,15518.453523251888,36925.08538812781,8074.168915948494,34188.88739403595,39771.677462799875,29388.60996268949,39614.119046315,12632.633067213377,17729.304491039667,29554.608509109592,35503.35429420444,32415.01009795699,42486.54901741956,18693.61112343325,23044.853200169462,9089.06475114346,32427.92629630795,37465.00619608972,36470.26202259847,40324.239314979095,32012.996254784983,32754.470840015725,29568.63168490552,25201.693430836185,34125.54539828222],[19375.74132592086,6822.688298484167,27540.44358901709,6285.410757320256,1486.2297691132608,35814.586119683634,6530.726448355902,19360.454656967286,36566.2204715986,39233.50819620253,6727.484459767416,18106.354111520122,35589.61357849796,23699.837490883077,28343.986859776483,25953.88917624274,13777.710035569698,41797.00628366599,5328.1760064052605,23705.105002482436,9725.560796812586,32658.622217314078,27155.965347577338,23717.62452703015,25238.102939697194,0.0,18052.65733380731,37377.814561402345,33021.473196460676,25404.59513029329,21261.09971156401,18808.991219230702,49396.64006341103,31069.96340984434,31652.95961773002,7559.268809473685,36523.375514375475,7333.76040996542,23596.058375218792,37278.18046015475,5395.87601905038,16811.25017613856,43613.969118025874,29693.23522507729,13441.14096035382,22355.459141685493,43250.610964880594,7516.821280316821,9301.949890793308,10095.926174433447,13571.989319078075],[4204.255178310576,18330.32866502362,10726.909915480059,23785.8726796078,17223.263840427706,18415.33640598475,14225.718597202664,5406.466255650978,19382.18518167984,28153.50295414124,11482.661757761805,13690.292701059925,23919.26124613729,18369.058130327096,13153.766276846982,22988.617683791887,30772.64484284619,23901.971389395603,20909.863214778223,10229.347227376753,15789.285108573611,28704.94154690758,13279.690653016443,6201.311464837923,15518.453523251888,18052.65733380731,0.0,23946.052612220563,22984.36265847925,18698.282810929693,25322.77558662849,14039.884173256134,32324.14845577225,14325.481373575063,13682.500757459955,18378.065206819578,22691.05897876563,24927.131066706956,27985.14283020971,19817.357181652696,19537.352967930387,8551.279091345517,26015.78894138472,22143.122174151664,24556.011642361627,25677.131594453833,25630.7248032634,24484.78602285541,17432.22609859033,24222.353093184705,21120.228064451923],[20144.57101275994,40541.18818119567,26201.54227742547,40919.71615629917,37295.48119040154,26603.4702714371,36442.90915697417,19415.86389455822,27954.664476465725,45257.55051297388,32640.896771391952,20139.26849285145,41365.10638762027,41221.95144449174,10890.793695310935,19009.970735269904,51151.161483746364,25667.091129008433,41952.56785709039,30855.398506002643,39016.386324320156,18455.76030866683,31988.692868605063,23948.732105712417,36925.08538812781,37377.814561402345,23946.052612220563,0.0,42237.98624328398,14649.285830413022,28086.042318543987,19533.545935832706,17159.402004281343,27418.656060792164,21562.18660373617,32900.91040396797,1465.1117637813586,41950.097825939345,29338.335726980575,26888.280743377833,41019.43441483109,32335.348084326157,16423.34598841965,12229.942571177653,35100.194301147676,27329.130467028554,16403.313516511436,40741.734897923605,30781.40594486312,46206.83485270027,30683.457637063162],[26749.947841277502,28106.3288264932,16049.397427232561,39153.08011575813,31570.621340359678,18524.27021554794,26504.532020247374,28060.653354904418,17777.396047659848,6248.242581431293,27547.07211264695,36635.1290845257,3687.7298960247545,10131.058347397939,32184.08249843449,45945.533679800326,39561.474692526535,24658.907660302204,31936.570017929935,12806.813488031561,24032.882594958774,51412.8733159422,10461.242747650716,19176.120509841076,8074.168915948494,33021.473196460676,22984.36265847925,42237.98624328398,0.0,41376.06620031948,47730.0185919257,37012.5856709644,41908.92878277101,15268.72723480468,21236.537868400108,37607.88407554321,40778.354909508016,40068.86682394181,50441.13458092151,19357.437305665204,30337.542239035356,17163.232285174166,34777.61189743698,44355.01092283189,44530.48851164996,48244.437784135785,34383.44489857126,40515.17519575412,37642.67125779111,31755.806948104564,42193.83991601895],[14669.727694188958,30154.043661614953,26624.310297085132,27672.003954386902,25740.369789584445,31176.450583684215,26507.383759080287,13372.194807711277,32524.165441776957,46034.30077060701,22482.71673661824,7375.0325438409445,41796.231865056085,36884.93443512279,12632.201229388767,5614.582142767374,38769.9459875834,33403.65187783825,30536.74446290814,28591.933065970792,29899.0001744033,10040.972354325359,31131.604114219474,22473.799288760685,34188.88739403595,25404.59513029329,18698.282810929693,14649.285830413022,41376.06620031948,0.0,13618.03622109156,6670.537353401928,30983.97750931826,29422.7330967313,25168.98851834206,19515.321853814887,14504.683289870762,28596.22546164166,15223.801533544241,32098.707359560176,29994.233209835358,26706.988432683414,28070.14262212077,4300.8443783657385,20637.278539288433,13009.436669461385,27880.9076725565,27211.21759573899,17306.9367848309,35189.87887039499,16304.195919690192],[22629.254900282158,27807.866839259877,35556.404192659385,20250.102498866978,22316.315329631918,41877.52881917392,25567.57365802228,21470.320761972347,43112.458506662704,53279.81293073392,22256.222582012848,12292.484259439905,49089.47461218372,40716.977873858865,25148.90415322504,9383.220618830896,31932.422765736417,45369.43775368833,26438.22165879832,35351.692222079284,29428.432904212375,14219.367814035391,38570.42012148943,30936.7117366208,39771.677462799875,21261.09971156401,25322.77558662849,28086.042318543987,47730.0185919257,13618.03622109156,0.0,12282.328922317703,44600.0170190331,38926.84273877397,36023.30145650692,13702.720649329372,28066.348226759423,20763.607894434524,2716.0881006303225,43035.70566923579,26653.257979045702,30883.285783595275,41414.83752359323,16121.038755946365,10085.895742337825,1259.1117843282234,41195.802787687586,19113.618103253262,12143.606474355254,31104.288250734608,7732.160696774875],[10689.16326862221,23493.480455567507,23605.361096220786,21529.164646391466,19093.346687931153,29614.988850975227,19900.586244925562,9438.84766114995,30863.844160984507,42158.4568923067,15886.37455429695,706.2825312613104,37914.42767834299,31442.179773677442,13490.270033052548,9208.005538241703,32321.187624897182,33155.744123878816,23891.822843332287,24267.620846389917,23374.985114454506,15560.968559685318,27218.32019865111,19063.70774457617,29388.60996268949,18808.991219230702,14039.884173256134,19533.545935832706,37012.5856709644,6670.537353401928,12282.328922317703,0.0,34304.075608796506,26853.257449862,23742.499333889606,13419.470539269594,18985.877751265125,22520.681417159398,14717.456330716725,30759.2048405813,23326.617472112754,21205.089478767622,30150.297536241702,10968.437247300022,16036.349907135242,12303.343730034136,29884.652989705424,21251.445779915128,11267.125868344388,28527.968819109352,11593.894445709177],[30063.1970436887,50647.18376567891,28251.774740448956,54149.23087279069,48891.06352069062,23394.095821131894,46517.82917187948,30040.370344862,24251.723923365458,42557.43286427066,43396.51974502989,34753.81380427539,39656.85195114456,44935.999197813915,21374.80953969769,35897.83887277597,62820.76322672107,18164.757729020414,53027.8122898147,34374.31203326757,47985.19927292875,35556.37041506992,33691.770439764245,28861.29667021671,39614.119046315,49396.64006341103,32324.14845577225,17159.402004281343,41908.92878277101,30983.97750931826,44600.0170190331,34304.075608796506,0.0,27190.953349069154,21943.63009445777,46738.40597938976,16771.87068783746,55266.16111008192,46119.23892031801,22691.609385991378,51750.29064614124,38911.60069687078,7202.973199576039,29258.61834499702,50339.6347232827,43975.640987970444,7613.948957055898,54341.02478363123,44854.326819629125,56541.16392597958,45897.45755139967],[16299.377183390625,29088.26686908333,3625.1246735049062,37210.693158323666,29939.6353046774,5171.732633465183,25670.700367315792,17465.873287110066,5585.072318668224,17849.048864771503,24370.62764090917,26716.092452384524,13966.7677222708,18104.873895804085,18236.16567537122,34689.904302936244,42032.96039606331,12065.159187343184,32512.749644650892,8573.56442173151,25347.945910400304,39116.13480313999,6688.9485132856835,8168.568853178714,12632.633067213377,31069.96340984434,14325.481373575063,27418.656060792164,15268.72723480468,29422.7330967313,38926.84273877397,26853.257449862,27190.953349069154,0.0,5995.01896774362,32604.723053562877,25953.957116700945,38320.42083657884,41486.383338150285,6621.1183894052965,30914.92580490021,15251.262770397072,19988.29820234686,31550.846306979234,38881.19181281545,39095.59606453365,19578.64916145492,38128.698297398354,31749.732691097506,34504.792033262864,35387.96247816727],[14046.340414842056,30950.489997055516,6310.149282541203,37466.46444092747,30729.17970167191,6009.380957489935,27118.17286534947,14932.83617982817,7356.625800858543,23721.46993930077,24976.6197899402,23749.43348985421,19929.364613766083,22997.8353426531,13112.02383048876,30662.532022183088,43807.926636357035,10233.639044679729,34005.46199925339,12466.690469403293,27627.473704667467,34453.747745738525,11887.30143690054,8100.129761779838,17729.304491039667,31652.95961773002,13682.500757459955,21562.18660373617,21236.537868400108,25168.98851834206,36023.30145650692,23742.499333889606,21943.63009445777,5995.01896774362,0.0,31770.292322395097,20101.588456517908,38606.8995392246,38437.64384394817,7031.7632623411655,32504.6305453107,17782.99195962709,14806.15121831436,26756.479786624954,37463.9304794286,36017.911159561554,14389.123950691474,38160.29575214447,30551.414887514497,36686.1959530163,33576.66869088893],[17993.759295951862,14204.18574242056,28980.16185243813,8158.966236128571,8666.81670836691,36786.59604522142,12542.84449060767,17467.686675329223,37759.28511261077,43634.6445461325,10146.903426778805,12782.405286776986,39690.86629824577,29175.80369729878,25368.74705343389,19065.95263436926,19476.362098887443,41974.89392223451,12766.006867955155,26593.021065884917,16322.865245544093,25644.702894256297,30091.334565899328,24569.13740916426,29554.608509109592,7559.268809473685,18378.065206819578,32900.91040396797,37607.88407554321,19515.321853814887,13702.720649329372,13419.470539269594,46738.40597938976,32604.723053562877,31770.292322395097,0.0,32270.830292642528,9112.997373454387,16050.483857657233,38176.37120635412,12953.797986567422,20509.58841577048,41710.43989245712,23663.729125318197,6936.153531021951,14805.729397622614,41387.62564539396,7841.001250756772,2210.697788385399,17480.757516867536,6023.554425248805],[18960.465862377976,39509.56001380244,24744.876868001433,40230.28325563932,36393.92045925768,25173.201944091044,35391.99837344499,18283.521335097183,26528.234030204883,43793.66115165133,31632.477567996877,19565.019653041953,39899.99503373398,39837.338639896494,9576.22630015795,19158.913007207135,50301.0471457134,24374.779165722586,41015.27789968489,29437.223729561418,37888.770194028526,19105.401053175734,30539.03479125863,22538.642684823786,35503.35429420444,36523.375514375475,22691.05897876563,1465.1117637813586,40778.354909508016,14504.683289870762,28066.348226759423,18985.877751265125,16771.87068783746,25953.957116700945,20101.588456517908,32270.830292642528,0.0,41275.92469527911,29439.855380221743,25477.920427325265,40045.70707991794,31033.880653674754,15474.180270929,12487.016490664593,34736.86440708106,27363.678338943453,15425.343430669873,40104.54455707589,30179.71338027061,45213.70726402668,30299.529800246695],[25652.615097959733,12421.075236401193,34763.19502851831,1145.2151935566608,8653.023106785848,42988.609873944864,13631.455102692235,25403.958545205613,43781.537954152554,46306.841832323575,13952.879788600674,21874.245870660805,42759.587644137304,30467.003156973864,33929.91622170027,27705.31036550827,11174.61658905333,48810.888719315866,8957.267109297813,31038.772208275648,16208.972297368082,34054.44117465033,34488.64626911641,30802.03253569813,32415.01009795699,7333.76040996542,24927.131066706956,41950.097825939345,40068.86682394181,28596.22546164166,20763.607894434524,22520.681417159398,55266.16111008192,38320.42083657884,38606.8995392246,9112.997373454387,41275.92469527911,0.0,22517.05991732005,44442.73037806351,10248.5213052622,24132.614450334426,49862.03774790496,32698.282422629512,10943.011736110744,22003.15856357513,49516.753323482066,1660.2323081664993,11305.075875026512,12298.185529526476,13457.00660363862],[25202.437646886166,30232.64962655374,38146.732978326414,22102.949755697126,24710.403340700293,44330.06913501322,28128.451695691663,24020.552909024093,45581.282640575,55977.57634518195,24890.272330641874,14787.258616860983,51782.81171173259,43419.35229236316,27221.666204734345,10338.218258358913,33679.96680108791,47641.64334341648,28690.644982864433,38042.31034129693,31987.831978945935,13983.765480752061,41245.46297858025,33538.32132773984,42486.54901741956,23596.058375218792,27985.14283020971,29338.335726980575,50441.13458092151,15223.801533544241,2716.0881006303225,14717.456330716725,46119.23892031801,41486.383338150285,38437.64384394817,16050.483857657233,29439.855380221743,22517.05991732005,0.0,45462.64598792916,28991.02162006965,33598.69824027026,43252.09771054464,17164.500795316715,11608.134972319525,2420.3919914338694,43050.05268709184,20856.929139522264,14633.941469868465,33298.99459