{"problem":"6.20.2","tabu_size":1,"reset_after":90,"iterations":285,"solution":{"truck_routes":[[[0,4,3,2,0]]],"drone_routes":[[[0,1,0],[0,5,0],[0,6,0]]],"truck_working_time":[4099.787885636016],"drone_working_time":[1970.6607137502897],"working_time":4099.787885636016,"energy_violation":0.0,"capacity_violation":0.0,"waiting_time_violation":0.0,"fixed_time_violation":0.0,"feasible":true},"config":{"customers_count":6,"trucks_count":1,"drones_count":1,"x":[0.0,7416.813875221343,10261.442256836766,-6847.520035480966,-15084.860466577491,-2030.8958044529454,-9138.670057764586],"y":[0.0,-7795.553139651736,-4164.613809224125,13397.657370872095,13605.716894218642,10130.77716867067,-3373.0976762454534],"demands":[0.0,0.27682407979485174,0.8107783233394198,0.4996570803857062,24.925405173070647,1.0852354964506716,0.5364300023522399],"dronable":[true,true,true,true,false,true,true],"distances":[[0.0,10760.101152536154,11074.348981785588,15046.120884254407,20314.244940478075,10332.336802960086,9741.30783612629],[10760.101152536154,0.0,4612.551468627542,25546.49474310301,31053.8195275075,20263.576597296185,17135.990213033132],[11074.348981785588,4612.551468627542,0.0,24518.35964584883,30955.124213232895,18853.64098056149,19416.252357443045],[15046.120884254407,25546.49474310301,24518.35964584883,0.0,8239.96760570287,5819.997872719706,16926.53518222288],[20314.244940478075,31053.8195275075,30955.124213232895,8239.96760570287,0.0,13508.560230320172,17989.922862426687],[10332.336802960086,20263.576597296185,18853.64098056149,5819.997872719706,13508.560230320172,0.0,15260.245432600299],[9741.30783612629,17135.990213033132,19416.252357443045,16926.53518222288,17989.922862426687,15260.245432600299,0.0]],"truck":{"V_max (m/s)":15.6464,"M_t (kg)":400.0},"drone":{"config":"Endurance","_data":{"speed_type":"high","range_type":"high","capacity [kg]":2.27,"FixedTime (s)":700.0,"V_max (m/s)":31.2928}},"problem":"problems/data/6.20.2.txt","config":"endurance","tabu_size_factor":0.5,"speed_type":"high","range_type":"high","waiting_time_limit":3600.0,"strategy":"random","fix_iteration":null,"reset_after_factor":30.0,"max_elite_size":10,"penalty_exponent":0.4,"verbose":false,"outputs":"outputs/","disable_logging":true,"extra":"https://github.com/Serious-senpai/min-timespan-delivery-v2/actions/runs/14262331507"},"last_improved":16,"elapsed":0.001617}