{"problem":"6.5.3","tabu_size":1,"reset_after":90,"iterations":278,"solution":{"truck_routes":[[[0,3,4,0]]],"drone_routes":[[[0,6,0],[0,1,5,2,0]]],"truck_working_time":[766.7833863800394],"drone_working_time":[623.8376655027514],"working_time":766.7833863800394,"energy_violation":0.0,"capacity_violation":0.0,"waiting_time_violation":0.0,"fixed_time_violation":0.0,"feasible":true},"config":{"customers_count":6,"trucks_count":1,"drones_count":1,"x":[0.0,1859.2493323301476,-2194.0561827564106,2503.892589168549,4016.48027783642,395.0017510680439,-1717.989947750256],"y":[0.0,-3452.0983939616335,1290.043859599614,3584.1307374614344,321.80871628138465,-3270.614478741402,-2661.5433282278054],"demands":[0.0,0.87107465680486,0.03381264904302997,1.032235070642329,5.841211550392645,0.46817712006308154,1.0695347313633468],"dronable":[true,true,true,true,false,true,true],"distances":[[0.0,3920.9426674414135,2545.2103435241456,4372.124339644176,4029.351644138744,3294.38089053159,3167.854534003238],[3920.9426674414135,0.0,6238.365070404429,7065.697794165403,4346.955282607896,1475.451588740066,3663.5526717801645],[2545.2103435241456,6238.365070404429,0.0,5228.150463290916,6285.558242599412,5244.313631332398,3980.160846387335],[4372.124339644176,7065.697794165403,5228.150463290916,0.0,3595.9235928737276,7171.816544368652,7538.749013620438],[4029.351644138744,4346.955282607896,6285.558242599412,3595.9235928737276,0.0,5101.040200976872,6464.096084497605],[3294.38089053159,1475.451588740066,5244.313631332398,7171.816544368652,5101.040200976872,0.0,2199.0228706548282],[3167.854534003238,3663.5526717801645,3980.160846387335,7538.749013620438,6464.096084497605,2199.0228706548282,0.0]],"truck":{"V_max (m/s)":15.6464,"M_t (kg)":400.0},"drone":{"config":"Endurance","_data":{"speed_type":"high","range_type":"high","capacity [kg]":2.27,"FixedTime (s)":700.0,"V_max (m/s)":31.2928}},"problem":"problems/data/6.5.3.txt","config":"endurance","tabu_size_factor":0.5,"speed_type":"high","range_type":"high","waiting_time_limit":3600.0,"strategy":"random","fix_iteration":null,"reset_after_factor":30.0,"max_elite_size":10,"penalty_exponent":0.4,"verbose":false,"outputs":"outputs/","disable_logging":true,"extra":"https://github.com/Serious-senpai/min-timespan-delivery-v2/actions/runs/14262331507"},"last_improved":9,"elapsed":0.001164}