{"problem":"50.10.1","tabu_size":4,"reset_after":250,"iterations":6353,"solution":{"truck_routes":[[[0,45,19,49,0]],[[0,40,34,7,33,6,18,11,20,16,0]],[[0,9,27,42,24,15,21,10,0]]],"drone_routes":[[[0,50,14,47,0],[0,8,1,46,0],[0,36,37,31,0]],[[0,12,28,35,22,30,0],[0,25,13,0],[0,38,43,2,0],[0,41,0]],[[0,32,5,44,23,0],[0,29,26,39,0],[0,48,17,4,3,0]]],"truck_working_time":[1893.3764241835136,1838.0194898334314,1769.1785683297599],"drone_working_time":[1848.0371131546456,1790.9697997627904,1798.0884614683437],"working_time":1893.3764241835136,"energy_violation":0.0,"capacity_violation":0.0,"waiting_time_violation":0.0,"fixed_time_violation":0.0,"feasible":true},"config":{"customers_count":50,"trucks_count":3,"drones_count":3,"x":[0.0,3663.7152433441092,-3293.7020384035163,-1679.4882978648454,1648.7815759207826,2484.266484818131,-7289.42163704101,-6361.224717250767,496.88816049647454,2481.710709728483,-677.2234633201615,-7908.89793740759,-6670.754113353674,2457.0911776842477,-3032.2919857422025,-7604.901040416603,-4336.6326743234395,5791.48865729064,-7415.224260044151,5684.168018276789,-6024.225921074545,-4917.490199193312,-1256.4207570322912,1383.3321754204371,-2353.470822854729,4158.424131526865,7541.747212474273,2766.2522640686548,-6851.060894238827,5835.438492705614,-481.51743578078515,2278.739213121953,1651.9214991363776,-6386.980130604513,-4369.471967749675,-5643.343234008445,6680.741741283245,7859.555911638481,-596.7502321819832,5037.72083355254,1283.8185929254535,1881.2631111399924,-1762.4614142845871,-2333.313271692061,1818.2958472819485,6536.234597778729,-267.5712618451375,702.0344717035432,4214.284211253727,5984.531752633667,-1583.6649444828815],"y":[0.0,220.14284071878836,-4337.598066663054,4619.913176814622,6490.812367995283,-3309.3602806399763,-3974.3387738603406,-7164.9817803752785,1473.432772124018,4870.971678742649,605.9928965155023,-645.1437801612346,-323.71003954769463,7926.652612197915,6217.722987447584,6270.2921949787615,-2819.2949431054576,4069.030156738738,-3116.6946708815403,3782.512400264419,-2965.402563674371,5084.35002811985,2288.296350338044,-5578.647405480693,6005.613739662081,8019.5258854801,-5389.186912556147,6630.490049163603,2479.293263902518,-3648.4753223036237,1920.3817048890828,-2981.0051361980322,-3797.2296733466055,-5219.536725232026,-4422.330546886662,3380.745984139358,-5200.085315713429,-7427.684934725389,-5796.394540571196,-6740.594192939024,-2241.594432762752,992.3304767787381,6022.9868746718175,-4531.9407517702175,-6251.354312583473,-4618.532537698547,-5343.326626750796,7621.4118764688355,1508.0103016264095,7416.93447088066,5156.266289518965],"demands":[0.0,0.5610915341205974,0.36369483507275213,0.2470603146710021,0.8939174449288325,0.2539854272987758,1.0914861952040729,24.084209595156885,0.9404169978218013,25.888879997109353,0.12977588310951096,30.087456287141425,0.2484433844219531,1.0802435154369434,0.2560779322065224,2.714557198939988,0.7383407581314818,0.5514271308800136,0.9864996282481643,12.560944809261754,12.676229668085346,0.23462418436242255,0.4427181613176977,0.6761636292705834,8.048614460923767,1.1282824131427498,0.9265400607389023,17.95003039012124,0.013432999086902892,0.25225279982203735,0.6253539451770972,0.9246276846119679,0.09989530060028275,0.885620306207673,10.69609331448957,0.9046636182663258,0.4368647827789561,0.2888304540510143,1.02924942481929,0.6586569638802674,14.06916946984745,0.836301068305192,5.102094388748969,0.4803103087594751,1.0717747172714998,24.747775407559516,0.7179561051344462,0.8480949763525208,0.43280027100032253,3.214460105574519,0.9999783216230692],"dronable":[true,true,true,true,true,true,true,false,true,false,true,false,true,true,true,false,true,true,true,false,false,true,true,true,false,true,true,false,true,true,true,true,true,true,false,true,true,true,true,true,false,true,false,true,true,false,true,true,true,false,true],"distances":[[0.0,3670.323181224199,5446.396065812928,4915.717516697875,6696.948997985303,4138.0485055963445,8302.471709796508,9581.343528778822,1554.9604425870898,5466.7406323964215,908.7678525886588,7935.167111120645,6678.603793498229,8298.741994418058,6917.721722896238,9856.524947715656,5172.504898811568,7078.0185987305385,8043.58977685018,6827.676480191102,6714.5297908932525,7073.353170003927,2610.5350611842023,5747.600784869275,6450.288466731274,9033.564450733185,9269.373581603555,7184.396278082279,7285.871976984013,6882.1300902851945,1979.8295213057115,3752.205221394308,4140.989957902934,8248.45917822127,6216.855534985279,6578.507905756691,8466.002451241242,10814.02434885912,5827.031878201184,8415.119801327404,2583.2026208824686,2126.939272400611,6275.55902922688,5097.336343759347,6510.424758009171,8003.324654103433,5350.0218523207395,7653.676984968747,4475.967658845831,9530.243294041258,5393.985234018874],[3670.323181224199,0.0,8317.370823233889,6921.546293508175,6586.444716569784,3721.3561584010918,11728.805716503919,12451.485328370338,3405.8081896693748,4798.681443697035,4358.05336366759,11604.91692204567,10348.769629279592,7800.39963679636,8989.298105436907,12790.075064654213,8558.2561801728,4397.880543229537,11570.53953359825,4095.449461843046,10198.23041162965,9863.954501567716,5337.133800229326,6231.060524171726,8347.346984388341,7815.056798447293,6819.363037305686,6472.865758841766,10754.732812025351,4436.506324021661,4480.375671673084,3487.908682062731,4492.949586407738,11428.324080114944,9278.181714274922,9829.07674866058,6203.331536928159,8723.20747182872,7372.264789642971,7095.05119175749,3424.0412483383234,1942.5265374977134,7944.5825568231585,7651.578234597106,6729.476068206328,5627.090443497743,6812.283471887336,7971.84648200515,1400.6172872307784,7561.745766538236,7204.187222538998],[5446.396065812928,8317.370823233889,0.0,9101.796178621711,11903.05073581062,5868.747157609176,4012.1979543316784,4171.7854750463075,6938.058335394064,10869.827467227198,5593.304188499934,5910.520437667877,5245.548380402682,13545.606938345094,10558.557561096293,11450.49224435325,1841.9958431943023,12377.88705973775,4298.552142909097,12105.302340286338,3055.925583560443,9560.846923359055,6932.026532311594,4838.8895935596165,10385.858905704237,14430.270157595502,10886.35841634634,12530.842073244277,7689.265858450334,9155.11316115388,6860.808484456048,5735.193621900696,4975.056801239963,3216.5486399507586,1079.101725552454,8068.063499665874,10011.663846179934,11573.40916723963,3066.208766109773,8671.04361967173,5034.573106388033,7428.889727084756,10473.12838532819,979.8549190978288,5458.4783000440775,9833.950297229181,3188.8802758037154,12608.878977852468,9515.303185945157,14975.134639038075,9646.641243260161],[4915.717516697875,6921.546293508175,9101.796178621711,0.0,3818.068115724162,8956.016494703958,10263.16318985919,12680.788818232264,3825.8271557417893,4168.765710877267,4137.159752192492,8156.369855360161,7025.108180392944,5295.830005868111,2093.5792339650106,6150.956598220408,7899.508446025637,7491.259491318684,9630.875765830999,7411.118296371976,8741.496433531502,3271.140153196906,2369.688411925672,10648.544839663457,1540.914823689974,6755.633804623076,13609.308172577365,4879.244665278162,5597.09002349633,11173.198872300829,2953.4055519550466,8569.8030449844,9052.435307450478,10907.57781224578,9433.884868020295,4153.032781738265,12896.736668658754,15366.781858542841,10472.429908199434,13197.803840541957,7474.053411990944,5083.139467133434,1405.524933847518,9175.179422036055,11420.111678616993,12363.129940189448,10062.785752462038,3831.533002076144,6664.870133306912,8158.46379252259,544.8456447114199],[6696.948997985303,6586.444716569784,11903.05073581062,3818.068115724162,0.0,9835.721578819413,13762.661991710855,15831.642828188094,5147.907968249158,1821.4430544225356,6327.827403973803,11927.745295231185,10754.180104871628,1647.7261966646292,4689.032682704196,9256.30979983989,11068.120070329833,4798.650960508651,13208.34559271047,4859.962186515618,12177.64529303094,6715.211190882077,5108.947198206461,12072.378498364802,4031.555775682727,2938.583123794498,13261.275462771398,1126.1663258534404,9398.915232090894,10969.651362076609,5042.520235509032,9492.743199803255,10288.042520496112,14202.314673647672,12462.58656926964,7927.647643253075,12727.832170355654,15241.334751754921,12490.711217345675,13658.51488532531,8740.030120822355,5503.394477252576,3443.1728725738735,11719.990004888436,12743.294189645258,12136.916464841217,11988.296540617572,1474.6475266667512,5604.473231670413,4433.557459232781,3497.102192222337],[4138.0485055963445,3721.3561584010918,5868.747157609176,8956.016494703958,9835.721578819413,0.0,9796.283780077836,9649.276229598745,5179.264618606689,8180.33235863208,5032.395969519982,10729.208557430584,9629.56434710753,11236.045755751315,11008.984192748436,13912.621712167675,6838.4815108495395,8085.688835497903,9901.365413153762,7780.361684779773,8515.441851847358,11191.084610380221,6732.495881890662,2522.245112707491,10496.306172027955,11451.919733867338,5468.435802808794,9943.84938334224,10984.391067916093,3368.286335502248,6012.1606348207715,387.37392825584504,964.7873960254112,9074.568340208918,6943.517378804187,10526.897053529303,4602.743283779517,6771.582856211269,3959.545860386743,4277.089579606873,1606.6110441057417,4343.749122719774,10253.165427138758,4970.289500494498,3016.429308644826,4258.212956992792,3421.933675726661,11075.1131325687,5118.595575025142,11282.963087840662,9392.278708539054],[8302.471709796508,11728.805716503919,4012.1979543316784,10263.16318985919,13762.661991710855,9796.283780077836,0.0,3322.9132274151816,9502.885618614224,13180.081348042311,8043.668497595191,3386.338759307322,3702.6800645822173,15382.721086291478,11045.41877043522,10249.487350187394,3170.6606424074503,15355.975966446364,866.8216121721823,15115.646485747466,1618.2312801093433,9364.07505079768,8695.843738075639,8819.890298470618,11133.870064457762,16580.28836321893,14898.502095794847,14614.341311571228,6468.502656694922,13128.904768276487,9005.292284880288,9619.584906340951,8943.097042543553,1537.829187731725,2954.1162299228927,7537.031637607059,14023.83397655352,15537.603434157942,6936.262520293043,12633.70929434002,8746.590821132606,10429.25031801248,11423.388701551334,4987.377075663203,9388.041198132267,13840.655906740041,7154.055523477578,14082.783953558337,12743.288415067007,17491.68215831765,10766.78263261963],[9581.343528778822,12451.485328370338,4171.7854750463075,12680.788818232264,15831.642828188094,9649.276229598745,3322.9132274151816,0.0,11029.774169254517,14935.249667674709,9627.871918734818,6701.013352130083,6848.2704005389505,17479.1339562909,13790.525009353989,13492.713499872028,4794.159679016212,16549.66666029796,4183.245576953596,16276.950420402467,4213.0788962432725,12334.119308375492,10743.532514442584,7905.353768984235,13766.86883900892,18472.473709712223,14015.922227641504,16541.640760339247,9656.706509466143,12693.479078911469,10821.958573897153,9599.720687455563,8692.08067953788,1945.6155334233833,3389.5744281106718,10570.133769599941,13189.15111833839,14223.206904291914,5924.710720530039,11406.842880242913,9093.207915202494,11596.566253071855,13966.787073740801,4812.169538948147,8230.387099980004,13146.43908168178,6360.113201296311,16386.795530106163,13677.067695648153,19106.28128057198,13215.075912844488],[1554.9604425870898,3405.8081896693748,6938.058335394064,3825.8271557417893,5147.907968249158,5179.264618606689,9502.885618614224,11029.774169254517,0.0,3934.8178069546207,1459.791095663025,8668.656558637567,7389.507294226526,6744.363733734667,5912.985891393635,9415.351750129259,6464.5521807575715,5896.602428828977,9147.174038920763,5678.003262769965,7888.4845187904275,6508.011712614348,1933.4153230451182,7107.574679379725,5353.9901621580475,7500.545361230568,9834.91677640402,5634.2926080608295,7416.475621203531,7398.247236832093,1075.658337636301,4797.604636986988,5395.737635158331,9601.223012812692,7644.703134299965,6429.641146035453,9098.125563944637,11551.570146300222,7351.627989115719,9385.595364572046,3797.4579179408515,1465.5897865895968,5079.675485016034,6638.866718669075,7836.992648890223,8578.21349265658,6859.490280666268,6151.400822289373,3717.5568595156833,8089.46504025127,4229.889353102145],[5466.7406323964215,4798.681443697035,10869.827467227198,4168.765710877267,1821.4430544225356,8180.33235863208,13180.081348042311,14935.249667674709,3934.8178069546207,0.0,5307.439036155034,11764.02472854836,10523.893314363093,3055.780111271118,5676.087104084683,10183.21336834912,10277.645995944582,3405.5455167832824,12718.181297214907,3382.377331697309,11565.453697735065,7402.276974726902,4543.549131982275,10507.18679809174,4966.527263535481,3567.178365543689,11440.053484478223,1782.3772866582233,9634.352674250138,9155.78872877422,4181.710443842744,7854.599756244788,8707.82778966012,13433.988129817963,11545.742519953557,8260.585585144123,10911.372534632961,13423.04635735523,11102.685433165547,11889.560536264307,7212.734725056364,3924.8432952441217,4397.742151366009,10564.053110314635,11142.093821945835,10319.392144531834,10577.82781259111,3275.9989001003446,3783.0305526340917,4330.32121182373,4075.373875461304],[908.7678525886588,4358.05336366759,5593.304188499934,4137.159752192492,6327.827403973803,5032.395969519982,8043.668497595191,9627.871918734818,1459.791095663025,5307.439036155034,0.0,7339.104760316029,6065.2087517426535,7963.415532397509,6085.874001224124,8948.575481872866,5012.371949270211,7337.36080379257,7697.990482009291,7110.385203336842,6430.031167599132,6167.29637600982,1779.217360466873,6518.869933157224,5653.822641371904,8851.212292110962,10173.183371623121,6939.170773758275,6451.784473296107,7779.1558397044255,1328.8787712929138,4648.039396477788,4981.293532394948,8157.089957420844,6238.327954662994,5688.725716195075,9372.84354711386,11722.481887078804,6402.893161336943,9307.681246115906,3457.519276046063,2587.491116432384,5524.632582316696,5398.24004908821,7297.316450293597,8906.718992534908,5963.406552977155,7149.717191303116,4973.980571889909,9527.219305059782,4639.679311099821],[7935.167111120645,11604.91692204567,5910.520437667877,8156.369855360161,11927.745295231185,10729.208557430584,3386.338759307322,6701.013352130083,8668.656558637567,11764.02472854836,7339.104760316029,0.0,1279.1871554419492,13451.000844779684,8419.039486649757,6922.114477501843,4181.867093675909,14488.755251971577,2520.372493331467,14295.998787340714,2989.2456291878593,6463.406188332863,7270.524302595907,10520.693821739524,8665.757094022167,14855.866259834114,16162.561083862645,12918.733662495497,3298.6551884393543,14068.645430750053,7857.983337370264,10451.994976341874,10067.021097435681,4820.923627955302,5176.357412835261,4619.580771930963,15284.144671728562,17165.28477197079,8944.433378345457,14309.767759653198,9330.310385686545,9926.15611899387,9068.7732556672,6796.641454650297,11227.105390916433,14981.644508451742,8970.105652814282,11936.67036398522,12312.904527752144,16063.140859683781,8582.82769321219],[6678.603793498229,10348.769629279592,5245.548380402682,7025.108180392944,10754.180104871628,9629.56434710753,3702.6800645822173,6848.2704005389505,7389.507294226526,10523.893314363093,6065.2087517426535,1279.1871554419492,0.0,12303.903589610982,7485.235647641804,6659.842036436075,3417.026031947369,13213.767869406023,2890.5015049607564,13019.414871793155,2719.657716595691,5685.16033619081,6011.4543227224385,9616.791183492443,7661.54517786665,13670.431125610792,15088.215596539063,11722.541884819262,2808.796549126684,12940.591859929404,6583.509581405862,9335.665376999848,9018.44044151333,4904.043903712949,4700.4882274988495,3844.290252625083,14214.129498157363,16173.941039020221,8175.805697069349,13351.583719558337,8182.512296673848,8652.685204527499,8023.210014744621,6043.3929859150385,10353.788478707758,13887.766238909748,8136.172399376595,10838.956304936199,11038.08220373643,14834.885836658252,7477.2064823149985],[8298.741994418058,7800.39963679636,13545.606938345094,5295.830005868111,1647.7261966646292,11236.045755751315,15382.721086291478,17479.1339562909,6744.363733734667,3055.780111271118,7963.415532397509,13451.000844779684,12303.903589610982,0.0,5749.240643533639,10197.412281007986,12713.381636632666,5098.966322782329,14812.769198117847,5252.420683004451,13804.695059433385,7903.362225258701,6751.3874296278245,13547.918178172335,5179.951458346237,1703.8659761615618,14253.606885316049,1332.5231582025374,10784.962626894314,12058.060261957142,6686.606822231687,10909.115774406531,11751.498374954468,15844.238429209941,14110.256887879512,9288.826875831084,13789.505890765497,16277.048464217274,14058.732891471343,14892.541027761066,10235.712800069075,6958.1895231435365,4629.100054721403,13347.82841503872,14192.390208604495,13191.705025768382,13546.812703049824,1781.4028033985662,6654.825051666185,3564.0776637704466,4899.260190653047],[6917.721722896238,8989.298105436907,10558.557561096293,2093.5792339650106,4689.032682704196,11008.984192748436,11045.41877043522,13790.525009353989,5912.985891393635,5676.087104084683,6085.874001224124,8419.039486649757,7485.235647641804,5749.240643533639,0.0,4572.911226830319,9130.662501101755,9081.62902331408,10312.19900609197,9050.244505293309,9658.232941954868,2199.6605576621496,4312.089089685606,12595.717176080056,711.1880933902328,7413.02178349096,15701.29492724161,5813.217015065946,5344.048350678139,13265.689312121323,4997.358592647962,10621.847837737896,11056.27119646886,11919.095699110894,10723.748855590575,3855.6487311958836,14990.309223964208,17459.367341979403,12258.502502768568,15265.748951528196,9496.781651862957,7172.708733850209,1284.6757699230534,10772.364724096062,13379.315791176758,14456.179813000626,11887.032803147404,3989.428102866501,8642.584113669527,9096.220012232354,1795.8871418452948],[9856.524947715656,12790.075064654213,11450.49224435325,6150.956598220408,9256.30979983989,13912.621712167675,10249.487350187394,13492.713499872028,9415.351750129259,10183.21336834912,8948.575481872866,6922.114477501843,6659.842036436075,10197.412281007986,4572.911226830319,0.0,9659.304967420343,13576.038136873121,9388.903008384219,13519.92621110452,9369.983538295035,2937.4539745600246,7493.963758603006,14872.313404363576,5258.096044637334,11892.671592407809,19114.507745580195,10377.406388847594,3865.2228734460514,16704.031723733766,8346.515156074815,13537.830216515738,13676.394265228886,11554.198369349113,11171.400198010813,3492.4470407519625,18320.730059801823,20658.751324023986,13954.178819438168,18141.638637330074,12306.971629271166,10855.606395271634,5847.671391797741,12019.8949346155,15671.256198680347,17847.639093079037,13737.268666512373,8416.097789132005,12742.545618715794,13637.72239582972,6123.425335627983],[5172.504898811568,8558.2561801728,1841.9958431943023,7899.508446025637,11068.120070329833,6838.4815108495395,3170.6606424074503,4794.159679016212,6464.5521807575715,10277.645995944582,5012.371949270211,4181.867093675909,3417.026031947369,12713.381636632666,9130.662501101755,9659.304967420343,0.0,12248.58622001085,3092.9230106408495,12000.012779984429,1693.9062557497825,7924.960523269063,5964.49446946531,6350.749868631401,9044.995532796393,13771.20281924581,12153.19931004703,11821.565499042454,5864.928495774766,10205.810694322674,6109.537480856349,6617.3480636696795,6067.87750577373,3156.7523349392477,1603.371936321359,6336.244943679423,11271.67697425576,13037.801744895902,4780.150907060216,10161.451249569225,5650.062860461811,7293.196579031123,9209.359664005126,2635.610801104046,7047.139605662237,11020.730404040722,4788.318777876577,11592.951543966568,9583.51450487412,14536.396656119405,8437.322341648745],[7078.0185987305385,4397.880543229537,12377.88705973775,7491.259491318684,4798.650960508651,8085.688835497903,15355.975966446364,16549.66666029796,5896.602428828977,3405.5455167832824,7337.36080379257,14488.755251971577,13213.767869406023,5098.966322782329,9081.62902331408,13576.038136873121,12248.58622001085,0.0,15035.022693005027,305.9577492619177,13751.158303772454,10757.002490928486,7269.390621074102,10607.05076414771,8372.020121025636,4274.729962010678,9618.798009101482,3963.9793157099048,12742.108245942762,7717.630621316485,6630.783936560379,7876.700215773193,8888.985317306113,15316.41527050571,13241.915549598303,11455.527726146945,9311.674000363333,11681.239662929824,11753.135775922236,10835.873038811835,7755.196459071484,4975.534618755566,7802.570636617601,11831.69924204543,11058.779168612233,8719.426132816994,11193.956732245264,6206.606141029298,3007.7228201545063,3353.46521277763,7454.862376876977],[8043.58977685018,11570.53953359825,4298.552142909097,9630.875765830999,13208.34559271047,9901.365413153762,866.8216121721823,4183.245576953596,9147.174038920763,12718.181297214907,7697.990482009291,2520.372493331467,2890.5015049607564,14812.769198117847,10312.19900609197,9388.903008384219,3092.9230106408495,15035.022693005027,0.0,14805.172618780392,1399.2018012850717,8572.969706802494,8194.192365826879,9136.509542240712,10432.538454085556,16061.280938071095,15128.622429626606,14095.037218033222,5624.354298011954,13261.329271545024,8570.205875017407,9694.91307175579,9092.648684943544,2340.7756610303454,3313.8032631296505,6734.708415064735,14249.097307884136,15871.469571157719,7326.143559898735,12969.521550546975,8742.94841484022,10164.091946981336,10746.511366230829,5275.295324719222,9751.101714253127,14032.060477340096,7486.44329769227,13460.936874541208,12515.325140272182,17044.377492166655,10121.707716745248],[6827.676480191102,4095.449461843046,12105.302340286338,7411.118296371976,4859.962186515618,7780.361684779773,15115.646485747466,16276.950420402467,5678.003262769965,3382.377331697309,7110.385203336842,14295.998787340714,13019.414871793155,5252.420683004451,9050.244505293309,13519.92621110452,12000.012779984429,305.9577492619177,14805.172618780392,0.0,13513.728020039032,10681.289162332025,7099.6094365679,10301.868852586687,8339.413510894978,4503.351827456334,9357.9201079892,4077.4022412910585,12602.791119690404,7432.5272478068255,6440.745907504517,7572.4576468286305,8585.54027965562,15058.203946357338,12976.714713518404,11334.633978376829,9037.711043869316,11419.31857756833,11454.492230131147,10542.943912141413,7460.089691211123,4716.693852569973,7776.375490957241,11550.33062091208,10752.834456722065,8444.144332351105,10895.142881373346,6289.578989431094,2708.1207880848515,3646.8126028491315,7396.525922540798],[6714.5297908932525,10198.23041162965,3055.925583560443,8741.496433531502,12177.64529303094,8515.441851847358,1618.2312801093433,4213.0788962432725,7888.4845187904275,11565.453697735065,6430.031167599132,2989.2456291878593,2719.657716595691,13804.695059433385,9658.232941954868,9369.983538295035,1693.9062557497825,13751.158303772454,1399.2018012850717,13513.728020039032,0.0,8125.477262732679,7094.597829430729,7854.996216178319,9692.965310256464,14978.485074492239,13780.796697943575,13013.595266512513,5507.119821438495,11879.319357651131,7388.674121375875,8302.979794022867,7721.086423373104,2283.136315429489,2204.7334973441393,6357.568168114676,12900.000399372786,14583.256218601007,6121.4383870765205,11688.401851402725,7343.800979668447,8840.837497542783,9947.551528225826,4009.598244230243,8503.095117855864,12668.78080782397,6228.450506778194,12542.855291419093,11173.115608156359,15874.608126342486,9256.353858175446],[7073.353170003927,9863.954501567716,9560.846923359055,3271.140153196906,6715.211190882077,11191.084610380221,9364.07505079768,12334.119308375492,6508.011712614348,7402.276974726902,6167.29637600982,6463.406188332863,5685.16033619081,7903.362225258701,2199.6605576621496,2937.4539745600246,7924.960523269063,10757.002490928486,8572.969706802494,10681.289162332025,8125.477262732679,0.0,4606.663177329375,12385.470393384541,2724.504026138384,9538.735673673023,16276.595864246365,7837.757792022426,3244.228163605833,13852.354097916428,5448.7200247531055,10809.055078093572,11047.154749330344,10408.145026104274,9522.462892403455,1851.7908539619223,15501.244933442531,17883.062551749448,11707.236917036777,15457.539666378296,9598.213009677685,7935.217110030827,3291.693449169841,9957.4604571662,13185.93973002042,15011.120604766149,11417.450965186734,6165.690581692076,9807.115259982957,11148.768219885418,3334.600842319616],[2610.5350611842023,5337.133800229326,6932.026532311594,2369.688411925672,5108.947198206461,6732.495881890662,8695.843738075639,10743.532514442584,1933.4153230451182,4543.549131982275,1779.217360466873,7270.524302595907,6011.4543227224385,6751.3874296278245,4312.089089685606,7493.963758603006,5964.49446946531,7269.390621074102,8194.192365826879,7099.6094365679,7094.597829430729,4606.663177329375,0.0,8298.017811598635,3875.818290360358,7884.639316521704,11676.96488269412,5919.167538836335,5597.899435130424,9248.768864620504,857.8090368039087,6345.30489185447,6744.781809959412,9093.415033768872,7397.540212415519,4520.899802184429,10912.12208972766,13322.962244015132,8111.559159798265,11006.229272771297,5193.527362197612,3394.788300029756,3768.818178068665,6904.732552177843,9076.316193345272,10412.961287140255,7695.4202346955835,5681.343863736823,5526.0708616378915,8873.236287776892,2886.5793476475947],[5747.600784869275,6231.060524171726,4838.8895935596165,10648.544839663457,12072.378498364802,2522.245112707491,8819.890298470618,7905.353768984235,7107.574679379725,10507.18679809174,6518.869933157224,10520.693821739524,9616.791183492443,13547.918178172335,12595.717176080056,14872.313404363576,6350.749868631401,10607.05076414771,9136.509542240712,10301.868852586687,7854.996216178319,12385.470393384541,8298.017811598635,0.0,12172.050070829599,13878.452803387201,6161.328675455482,12287.209014173439,11521.09530630454,4852.506046476056,7727.4252937553965,2747.6351872709333,1801.5519313014383,7778.606161378235,5867.8636817110855,11386.171315215664,5310.918693060903,6735.014006378111,1992.019115304047,3834.667756347255,3338.5364302080984,6589.816806701775,12020.563018404715,3861.2236659463074,801.0792586898232,5241.586013191263,1667.5904857240384,13217.629575989478,7631.186466525972,13786.086676593864,11137.38945842363],[6450.288466731274,8347.346984388341,10385.858905704237,1540.914823689974,4031.555775682727,10496.306172027955,11133.870064457762,13766.86883900892,5353.9901621580475,4966.527263535481,5653.822641371904,8665.757094022167,7661.54517786665,5179.951458346237,711.1880933902328,5258.096044637334,9044.995532796393,8372.020121025636,10432.538454085556,8339.413510894978,9692.965310256464,2724.504026138384,3875.818290360358,12172.050070829599,0.0,6816.202610543043,15091.614289746916,5157.716053540806,5715.17738552129,12659.37089253794,4493.698950899264,10110.226933030157,10589.56593222938,11927.833009193937,10621.030207074185,4208.7042204998515,14393.911489712309,16874.816394698144,11932.035311730704,14734.16203124045,9013.673886571307,6562.467566825199,591.2647011605675,10537.573771356188,12947.467048957158,13852.773967274408,11539.039146264115,3456.431139771457,7960.140882791413,8456.601749829446,1146.2949801165769],[9033.564450733185,7815.056798447293,14430.270157595502,6755.633804623076,2938.583123794498,11451.919733867338,16580.28836321893,18472.473709712223,7500.545361230568,3567.178365543689,8851.212292110962,14855.866259834114,13670.431125610792,1703.8659761615618,7413.02178349096,11892.671592407809,13771.20281924581,4274.729962010678,16061.280938071095,4503.351827456334,14978.485074492239,9538.735673673023,7884.639316521704,13878.452803387201,6816.202610543043,0.0,13828.97154419997,1966.6120774350877,12324.890994802,11787.90182146264,7663.4598898713275,11159.968555125137,12079.663380377877,16925.67073596005,15083.925330088392,10844.027040779447,13458.090742568522,15884.416847263414,14611.342869437267,14786.287817418699,10656.169442534883,7386.943726930839,6248.444099796228,14130.887065515717,14461.473715158012,12859.801838329146,14076.763210546158,3479.241906609053,6511.755181767552,1922.9626769163508,6416.372999654399],[9269.373581603555,6819.363037305686,10886.35841634634,13609.308172577365,13261.275462771398,5468.435802808794,14898.502095794847,14015.922227641504,9834.91677640402,11440.053484478223,10173.183371623121,16162.561083862645,15088.215596539063,14253.606885316049,15701.29492724161,19114.507745580195,12153.19931004703,9618.798009101482,15128.622429626606,9357.9201079892,13780.796697943575,16276.595864246365,11676.96488269412,6161.328675455482,15091.614289746916,13828.97154419997,0.0,12933.599122686,16403.228507948956,2437.532828004174,10853.689187971044,5787.796875256579,6101.178147289907,13929.760463981058,11950.395541201573,15835.35074112575,881.5269907095018,2063.12301030558,8148.678341239764,2845.4261093565106,7004.927481867327,8530.231207408255,14724.333897332914,9912.199077204092,5788.024546889185,1266.8716524569597,7809.453130607839,14698.889455507846,7657.893929522611,12900.452119041565,13945.59895707236],[7184.396278082279,6472.865758841766,12530.842073244277,4879.244665278162,1126.1663258534404,9943.84938334224,14614.341311571228,16541.640760339247,5634.2926080608295,1782.3772866582233,6939.170773758275,12918.733662495497,11722.541884819262,1332.5231582025374,5813.217015065946,10377.406388847594,11821.565499042454,3963.9793157099048,14095.037218033222,4077.4022412910585,13013.595266512513,7837.757792022426,5919.167538836335,12287.209014173439,5157.716053540806,1966.6120774350877,12933.599122686,0.0,10474.977190185964,10727.396385604343,5721.2873235019915,9623.85103132178,10487.090715012573,14973.469799107606,13156.116579030158,9015.660426693039,12461.369962057102,14952.391980014112,12873.897871133522,13562.649566790345,8995.081580718295,5707.192756905663,4569.278683503705,12272.14040170477,12916.676644106332,11863.948581994988,12352.180818575873,2289.742597356008,5323.212872316614,3312.9771648727296,4592.941912843397],[7285.871976984013,10754.732812025351,7689.265858450334,5597.09002349633,9398.915232090894,10984.391067916093,6468.502656694922,9656.706509466143,7416.475621203531,9634.352674250138,6451.784473296107,3298.6551884393543,2808.796549126684,10784.962626894314,5344.048350678139,3865.2228734460514,5864.928495774766,12742.108245942762,5624.354298011954,12602.791119690404,5507.119821438495,3244.228163605833,5597.899435130424,11521.09530630454,5715.17738552129,12324.890994802,16403.228507948956,10474.977190185964,0.0,14088.889755443346,6394.017985585,10638.050038353154,10568.606803352232,7712.804558445183,7334.213988269346,1507.0497515525983,15559.001829673596,17735.570581107575,10373.206374821282,15044.91461218341,9405.47951543204,8858.02127256455,6200.93614500244,8340.710161823956,12303.737375958268,15152.518328662973,10224.271010369397,9137.320911116181,11107.891469421902,13752.553918647103,5908.607676211326],[6882.1300902851945,4436.506324021661,9155.11316115388,11173.198872300829,10969.651362076609,3368.286335502248,13128.904768276487,12693.479078911469,7398.247236832093,9155.78872877422,7779.1558397044255,14068.645430750053,12940.591859929404,12058.060261957142,13265.689312121323,16704.031723733766,10205.810694322674,7717.630621316485,13261.329271545024,7432.5272478068255,11879.319357651131,13852.354097916428,9248.768864620504,4852.506046476056,12659.37089253794,11787.90182146264,2437.532828004174,10727.396385604343,14088.889755443346,0.0,8421.169799484693,3618.7879482957783,4186.160805850248,12322.976545267366,10234.209760138994,13460.029052884567,1766.927036893451,4287.129181660907,6781.342696013402,3193.36070212311,4764.090422045962,6096.93213124241,12298.994431422707,8216.387074220198,4786.691349118063,1196.7147454700305,6333.975766319912,12383.949059807037,5405.32008248049,11066.414174937365,11513.755714911724],[1979.8295213057115,4480.375671673084,6860.808484456048,2953.4055519550466,5042.520235509032,6012.1606348207715,9005.292284880288,10821.958573897153,1075.658337636301,4181.710443842744,1328.8787712929138,7857.983337370264,6583.509581405862,6686.606822231687,4997.358592647962,8346.515156074815,6109.537480856349,6630.783936560379,8570.205875017407,6440.745907504517,7388.674121375875,5448.7200247531055,857.8090368039087,7727.4252937553965,4493.698950899264,7663.4598898713275,10853.689187971044,5721.2873235019915,6394.017985585,8421.169799484693,0.0,5625.176418015145,6102.674951326728,9265.685340477401,7439.501942434291,5364.430016260701,10099.455782908597,12528.362003298796,7717.636569563668,10270.077632444309,4520.891136118143,2538.505661783004,4297.928181716532,6712.794716257026,8489.19375890373,9591.988483961188,7266.858447257404,5822.588782918853,4713.873490296581,8486.570827862386,3418.432122477137],[3752.205221394308,3487.908682062731,5735.193621900696,8569.8030449844,9492.743199803255,387.37392825584504,9619.584906340951,9599.720687455563,4797.604636986988,7854.599756244788,4648.039396477788,10451.994976341874,9335.665376999848,10909.115774406531,10621.847837737896,13537.830216515738,6617.3480636696795,7876.700215773193,9694.91307175579,7572.4576468286305,8302.979794022867,10809.055078093572,6345.30489185447,2747.6351872709333,10110.226933030157,11159.968555125137,5787.796875256579,9623.85103132178,10638.050038353154,3618.7879482957783,5625.176418015145,0.0,1029.1369887480992,8950.179630562623,6802.656161012644,10160.278914293918,4929.700102547465,7135.718341769959,4024.2834204751302,4663.313141688043,1239.594784131832,3993.1670569857533,9869.304668656201,4865.843134167952,3302.603795285018,4561.552689714192,3473.3643430620064,10719.013217274207,4888.5165480766345,11038.570850357237,9007.405405136013],[4140.989957902934,4492.949586407738,4975.056801239963,9052.435307450478,10288.042520496112,964.7873960254112,8943.097042543553,8692.08067953788,5395.737635158331,8707.82778966012,4981.293532394948,10067.021097435681,9018.44044151333,11751.498374954468,11056.27119646886,13676.394265228886,6067.87750577373,8888.985317306113,9092.648684943544,8585.54027965562,7721.086423373104,11047.154749330344,6744.781809959412,1801.5519313014383,10589.56593222938,12079.663380377877,6101.178147289907,10487.090715012573,10568.606803352232,4186.160805850248,6102.674951326728,1029.1369887480992,0.0,8163.755065072307,6053.753412979305,10234.4624707958,5220.827231497563,7191.309366461244,3008.8510633754254,4486.3160642255725,1598.593366465441,4795.04786281275,10396.858358631029,4052.3939279613955,2459.757745923437,4952.883285578407,2464.7247815498913,11458.082745732672,5891.6274373470915,12022.021005737026,9520.194829476064],[8248.45917822127,11428.324080114944,3216.5486399507586,10907.57781224578,14202.314673647672,9074.568340208918,1537.829187731725,1945.6155334233833,9601.223012812692,13433.988129817963,8157.089957420844,4820.923627955302,4904.043903712949,15844.238429209941,11919.095699110894,11554.198369349113,3156.7523349392477,15316.41527050571,2340.7756610303454,15058.203946357338,2283.136315429489,10408.145026104274,9093.415033768872,7778.606161378235,11927.833009193937,16925.67073596005,13929.760463981058,14973.469799107606,7712.804558445183,12322.976545267366,9265.685340477401,8950.179630562623,8163.755065072307,0.0,2169.3033162695165,8632.37270482985,13067.736348669801,14416.646895794369,5818.893985604486,11525.51117913988,8228.565692402663,10341.718447147492,12156.500740426423,4111.569435843938,8269.897303283058,12937.182264671635,6120.660817490945,14667.790870586481,12555.7434923045,17684.306900958516,11433.683788619592],[6216.855534985279,9278.181714274922,1079.101725552454,9433.884868020295,12462.58656926964,6943.517378804187,2954.1162299228927,3389.5744281106718,7644.703134299965,11545.742519953557,6238.327954662994,5176.357412835261,4700.4882274988495,14110.256887879512,10723.748855590575,11171.400198010813,1603.371936321359,13241.915549598303,3313.8032631296505,12976.714713518404,2204.7334973441393,9522.462892403455,7397.540212415519,5867.8636817110855,10621.030207074185,15083.925330088392,11950.395541201573,13156.116579030158,7334.213988269346,10234.209760138994,7439.501942434291,6802.656161012644,6053.753412979305,2169.3033162695165,0.0,7906.374096388861,11077.550518762344,12592.905854938894,4015.1564294265286,9688.63368765071,6059.315486328695,8269.839359241692,10765.740107535174,2039.1068222497954,6452.425781690556,10907.471334576492,4204.0246407728455,13067.972647872677,10433.111363352824,15728.114610551424,9975.481849278385],[6578.507905756691,9829.07674866058,8068.063499665874,4153.032781738265,7927.647643253075,10526.897053529303,7537.031637607059,10570.133769599941,6429.641146035453,8260.585585144123,5688.725716195075,4619.580771930963,3844.290252625083,9288.826875831084,3855.6487311958836,3492.4470407519625,6336.244943679423,11455.527726146945,6734.708415064735,11334.633978376829,6357.568168114676,1851.7908539619223,4520.899802184429,11386.171315215664,4208.7042204998515,10844.027040779447,15835.35074112575,9015.660426693039,1507.0497515525983,13460.029052884567,5364.430016260701,10160.278914293918,10234.4624707958,8632.37270482985,7906.374096388861,0.0,15017.114778636527,17295.9667051421,10473.204339473594,14714.844769669964,8921.674884239012,7894.569607347116,4694.963324911593,8577.11546687297,12184.146006412111,14571.567281198642,10247.35903619954,7631.976509300412,10033.94029213565,12308.464331730434,4430.966053724684],[8466.002451241242,6203.331536928159,10011.663846179934,12896.736668658754,12727.832170355654,4602.743283779517,14023.83397655352,13189.15111833839,9098.125563944637,10911.372534632961,9372.84354711386,15284.144671728562,14214.129498157363,13789.505890765497,14990.309223964208,18320.730059801823,11271.67697425576,9311.674000363333,14249.097307884136,9037.711043869316,12900.000399372786,15501.244933442531,10912.12208972766,5310.918693060903,14393.911489712309,13458.090742568522,881.5269907095018,12461.369962057102,15559.001829673596,1766.927036893451,10099.455782908597,4929.700102547465,5220.827231497563,13067.736348669801,11077.550518762344,15017.114778636527,0.0,2520.278339956231,7301.881546252396,2252.262263603218,6154.62815885594,7834.60327446822,14044.394928824426,9038.783376941396,4974.791108767304,599.2378060008077,6949.789325053721,14146.933620557596,7147.164441847777,12636.213698873655,13249.695711182781],[10814.02434885912,8723.20747182872,11573.40916723963,15366.781858542841,15241.334751754921,6771.582856211269,15537.603434157942,14223.206904291914,11551.570146300222,13423.04635735523,11722.481887078804,17165.28477197079,16173.941039020221,16277.048464217274,17459.367341979403,20658.751324023986,13037.801744895902,11681.239662929824,15871.469571157719,11419.31857756833,14583.256218601007,17883.062551749448,13322.962244015132,6735.014006378111,16874.816394698144,15884.416847263414,2063.12301030558,14952.391980014112,17735.570581107575,4287.129181660907,12528.362003298796,7135.718341769959,7191.309366461244,14416.646895794369,12592.905854938894,17295.9667051421,2520.278339956231,0.0,8612.21353358563,2904.280787968826,8374.715277504201,10326.502037885777,16537.949980105648,10596.221805983874,6154.71988784038,3105.2401661445056,8390.1576653838,16664.4960318584,9650.62977875466,14962.567991295724,15733.094055259648],[5827.031878201184,7372.264789642971,3066.208766109773,10472.429908199434,12490.711217345675,3959.545860386743,6936.262520293043,5924.710720530039,7351.627989115719,11102.685433165547,6402.893161336943,8944.433378345457,8175.805697069349,14058.732891471343,12258.502502768568,13954.178819438168,4780.150907060216,11753.135775922236,7326.143559898735,11454.492230131147,6121.4383870765205,11707.236917036777,8111.559159798265,1992.019115304047,11932.035311730704,14611.342869437267,8148.678341239764,12873.897871133522,10373.206374821282,6781.342696013402,7717.636569563668,4024.2834204751302,3008.8510633754254,5818.893985604486,4015.1564294265286,10473.204339473594,7301.881546252396,8612.21353358563,0.0,5713.035723162517,4021.5846270395564,7226.848378849152,11876.727646918192,2148.1374663195156,2457.5263905161974,7229.580311626728,560.0261860356129,13480.518193014972,8746.449709147397,14761.61698895261,10997.035050791974],[8415.119801327404,7095.05119175749,8671.04361967173,13197.803840541957,13658.51488532531,4277.0895796068