{"problem":"50.20.3","tabu_size":4,"reset_after":250,"iterations":3705,"solution":{"truck_routes":[[[0,7,44,37,11,12,43,48,30,17,36,0]],[[0,41,19,2,28,14,31,22,13,18,0]],[[0,24,50,4,38,1,32,40,6,8,46,9,34,33,0]]],"drone_routes":[[[0,29,23,16,0],[0,20,42,0],[0,26,3,0],[0,15,45,35,0]],[[0,49,0],[0,25,0]],[[0,47,39,0],[0,21,5,0],[0,10,0],[0,27,0]]],"truck_working_time":[4584.578241644871,4700.008218819873,4332.818552114606],"drone_working_time":[2684.7984501706464,1307.925856938156,2265.262824292829],"working_time":4700.008218819873,"energy_violation":0.0,"capacity_violation":0.0,"waiting_time_violation":0.0,"fixed_time_violation":0.0,"feasible":true},"config":{"customers_count":50,"trucks_count":3,"drones_count":3,"x":[0.0,7321.6637855170065,-14942.413440329103,1019.225943817108,12789.796918203414,8534.960601537454,-1432.1323328322112,14744.954573428317,-2665.192495028986,-8191.1055345630175,-7641.449348869544,13823.664487534237,10786.286058227179,-13560.407282930748,-13256.596513660874,6958.046635256037,-10815.924332455957,-3347.4518164245587,-8658.768600081261,-9019.696352942125,8197.139038434922,3014.1337192825467,-11963.448854597786,-7188.516051993451,10915.834324255266,681.9117077252308,3082.625167111343,-4627.680413767748,-13111.951429777093,-5973.257397432974,-5240.964729024214,-11153.44541297857,6943.370304160821,-4093.1058139066386,-8894.388130916637,2456.183736800488,1151.5163820144173,15500.745070397024,11024.10512877196,4094.775657682551,4118.0051744017055,-13582.108685761064,10148.609297349283,5780.306791525774,14666.878252489672,5236.848721463409,-3674.6653131975204,4779.284470761651,992.6722518690998,-4667.648939221672,8927.125639825274],"y":[0.0,11354.469279862697,2454.9214300477392,8971.579113868302,11903.0766072684,-4584.481828920819,12521.801000060668,5183.757289203448,10790.863054740686,10889.269564078717,-5418.086962623412,-9825.589165485144,-13477.951237376492,15470.287403738845,7863.382017358142,7140.41702058887,-244.2180937182941,-10494.1810000072,14361.05995566848,-8605.053539621687,-1497.2112098985006,-3806.2041618811886,13372.202191837887,363.40401874844906,3770.173393662577,-10055.73055589772,8685.930685959382,6668.708734166529,7159.490641944142,546.8820652604534,-14546.118768642014,10695.704838593518,14939.920977754919,1128.1724059399794,9395.842496975192,5926.114667043524,-2804.4823010443665,-9019.080943798892,13818.57179141673,6258.223624586765,15634.347444353629,-12509.07766708032,-1349.195904422433,-9529.299671669381,-1022.6845650925777,7628.213741841128,13851.84597048202,5231.556480775228,-13309.924289948518,-9277.487994395882,7660.750263563084],"demands":[0.0,2.8975377481368456,7.990277377536565,0.7428837387844162,0.4540443958701541,1.0782763943948899,0.6151762678015799,0.07133566998892145,0.8550282720482739,1.0262892889580328,0.9422625141048564,0.7860807694591788,0.1581415916471057,0.35507985656063945,0.5853631340998975,0.7887046712302752,1.0967219781119806,0.6730658527452468,0.20942779142413587,0.4614383977671798,0.17286135048689547,1.0741817683702115,0.40512725896794766,0.32794379484089975,0.42869659131611315,0.11531873431719339,0.9874869697113041,0.11828540817949298,0.24908366840187848,0.6154255680407601,12.21603844070977,0.9390583541070391,0.7199056244099066,22.97328096645476,0.4879847685016059,0.9098424460836599,10.502159546259895,0.9423876247786594,0.8498914152468853,0.7086924166192112,13.087589005694781,0.4165353510575908,0.013543327650289566,0.31599439508802457,0.07432552273936682,0.5105883586911334,0.9320676000801997,1.1314385316101763,0.5045804868973673,1.0538814363524731,0.30345002323508574],"dronable":[true,false,false,true,true,true,true,true,true,true,true,true,true,true,true,true,true,true,true,true,true,true,true,true,true,true,true,true,true,true,false,true,true,false,true,true,false,true,true,true,false,true,true,true,true,true,true,true,true,true,true],"distances":[[0.0,13510.393525560125,15142.732865947131,9029.288638699496,17471.752571719466,9688.293250593819,12603.432203327146,15629.620117131271,11115.12377356754,13626.09267242521,9367.358992047255,16959.832024899722,17262.651490631575,20572.17630765501,15413.310088261931,9969.95327001652,10818.68114155844,11015.13815275125,16769.44592764048,12466.028586483875,8332.750435629254,4855.120204447849,17942.68374452303,7197.695847325728,11548.577679215332,10078.825357646982,9216.722291693455,8117.087050975774,14939.262918528453,5998.240069327943,15461.47737191745,15453.072399189927,16474.575260147492,4245.737648673165,12938.0058916108,6414.957022137528,3031.6845078138786,17933.68112820773,17677.211891153944,7478.806764590558,16167.58444008152,18464.850403750195,10237.900187966015,11145.380156667477,14702.489632474939,9252.795762509122,14330.973517314726,7085.953941707832,13346.89037955255,10385.505770350183,11763.531221104811],[13510.393525560125,0.0,23976.886508668827,6737.869714656382,5495.584587327002,15985.063390927064,8831.285853521342,9653.130714620762,10002.747139924972,15519.742998953996,22476.952586589916,22155.606262916455,25072.947896838163,21283.81664402628,20872.28993702277,4229.710850147413,21529.088497363307,24314.47196176902,16260.80584480733,25795.786523313043,12881.465302106755,15760.737117238908,19390.379461113782,18202.989712983068,8392.830628039988,22416.131795243702,5009.046479669167,12835.23192952052,20859.78131571114,17133.559777877043,28786.4568235257,18486.850204548547,3605.352941939915,15325.603177739133,16333.908247296955,7289.713979778197,15444.954802504939,21954.018296902635,4447.456923646416,6031.958783718417,5346.100036424636,31724.38457117673,13014.404713289301,20940.572747752172,14392.571447365326,4269.828355559649,11276.353310449462,6629.762720137505,25463.472740369325,23862.549750150596,4027.5386946635676],[15142.732865947131,23976.886508668827,0.0,17240.671657381128,29297.493538231898,24510.00387890803,16848.434938614657,29812.520268009568,14839.746524452647,10803.628412921813,10737.240698422116,31277.7585488299,30262.557878067153,13088.53286079854,5665.105880275416,22396.071540591198,4930.848459053638,17381.66818242351,13462.55276942838,12545.980393215188,23474.629737680694,19016.81570540306,11316.415034576747,8031.025450750765,25891.675596268877,20015.89242191225,19071.64107115523,11142.249362385868,5048.124665813796,9169.862285737883,19574.306499478957,9070.104183461619,25196.482766783694,10930.129868657532,9206.247628681898,17741.487147941883,16931.506274786767,32533.653815460613,28344.181698100085,19413.389099702275,23173.192007907313,15025.701248332798,25377.76055362471,23938.518943797866,29812.814325518866,20831.840406877436,16026.604033195255,19916.201211607848,22415.559698410034,15595.519114668514,24430.62728918103],[9029.288638699496,6737.869714656382,17240.671657381128,0.0,12130.12854906643,15500.098571617906,4314.30560365123,14238.792806594813,4109.10370884275,9407.855366897817,16794.933352600405,22743.948244360745,24482.174663823498,15962.42194854284,14318.771163830583,6214.7200915991925,15000.056674337178,19949.52860276993,11077.458288608346,20241.491454833566,12693.226825235548,12932.571379065954,13708.221197360206,11894.019805685291,11180.227139997989,19030.299371345733,2083.0773819179376,6098.423025425512,14246.888733827507,10948.531574530061,24336.641118966265,12294.166806872809,8409.31572759721,9362.423019016273,9922.688317235623,3367.447311494185,11776.804456550743,23094.983124567156,11117.146464887064,4101.378311454828,7348.12319885974,25973.401562094878,13779.115987389196,19103.675213831935,16915.78316315896,4426.39496851361,6771.23472672752,5303.377171397186,22281.51922631975,19114.62780849439,8015.806252456364],[17471.752571719466,5495.584587327002,29297.493538231898,12130.12854906643,0.0,17027.719027173716,14235.381677204827,6997.992108805596,15494.957784697315,21005.381987798304,26785.41639476097,21753.247996907157,25459.980954758823,26590.567017420366,26357.80232089188,7529.424792190121,26547.82183751524,27605.215902975957,21588.947286358416,29937.22430129294,14165.458693014896,18502.569909683054,24796.804356044293,23071.56328871919,8346.008056873467,25075.687354472102,10226.39776676984,18187.004251406834,26332.530742268813,21932.062413905638,32010.44050949964,23973.664716048275,6588.105029820123,20028.254172785353,21828.653282516065,11937.656194486462,18755.315590000766,21097.059427217908,2605.146693712486,10366.665805214305,9440.463659564088,35936.48120641496,13512.90489764024,22549.494557483238,13061.345115279684,8678.794788497258,16579.391382081187,10424.84966168927,27836.44310317133,27447.745494123963,5737.382871249183],[9688.293250593819,15985.063390927064,24510.00387890803,15500.098571617906,17027.719027173716,0.0,19798.17804211965,11575.081883069943,19022.21489937654,22785.922640120632,16197.874440881491,7445.776984784454,9173.999369472187,29839.55513953285,25096.240273006028,11830.465362287614,19831.65744509942,13270.880496910402,25584.32874574229,18009.191477419143,3105.698517817769,5575.414387365398,27251.188804394307,16483.606778727077,8687.279411401947,9571.046941743194,14346.839721854692,17317.31550636394,24627.417442515252,15388.933846116717,17000.303798227502,24922.2277492706,19589.167022413967,13860.103888497375,22343.492687911144,12141.83539965187,7594.9751060848475,8257.591814583873,18570.627965431875,11716.633641415903,20695.665063658227,23493.913532175484,3615.375101805149,5660.330477187389,7091.3196110931085,12650.196641854782,22112.737227778965,10509.981507914252,11533.40624838335,14011.895145016282,12251.510209604898],[12603.432203327146,8831.285853521342,16848.434938614657,4314.30560365123,14235.381677204827,19798.17804211965,0.0,17763.587089187728,2125.2255254784836,6953.3357197236255,18984.07748402086,27058.181458395105,28727.632418754893,12481.531369902603,12709.005491465621,9967.66756322993,15843.825162975376,23095.53801390382,7457.019863518054,22448.053601596806,17007.515117867424,16922.559923799592,10565.595575668638,13452.232925332755,15134.83618430055,22676.28967370353,5924.266735208677,6668.5992990012965,12851.94718764912,12807.048853946877,27334.584043427607,9891.337381423695,8717.588465212228,11700.237279976245,8090.542513271716,7656.5057344008455,15542.528768107837,27399.487806747155,12523.556451151779,8353.3893405111,6363.330237940309,27823.853295793957,18069.812722582337,23200.65341660323,21038.802985221155,8271.789682793113,2607.29242536568,9577.544771962153,25945.282976535225,22038.09357394728,11443.078257482615],[15629.620117131271,9653.130714620762,29812.520268009568,14238.792806594813,6997.992108805596,11575.081883069943,17763.587089187728,0.0,18290.786096043914,23635.052857908817,24769.945137449686,15037.594768420902,19076.960490190024,30116.543819247756,28129.473012600218,8028.975809030423,26130.852400924163,23940.194610234197,25138.757777865147,27475.260466924876,9354.636730856702,14779.430462776605,27935.45137630098,22456.912951877996,4081.713036503129,20736.71054973736,12176.828227514365,19429.463892270185,27926.881930365114,21230.75408721877,28083.891817589814,26478.45704800692,12491.895253655159,19269.672750263133,24011.667690749775,12311.17310216976,15766.84919744565,14222.933352446717,9402.379596540035,10704.241628591337,14904.592853224603,33398.48681722592,7987.857492910139,17229.01491633978,6206.932930413281,9817.303307986942,20357.263032006336,9965.784733672464,23046.507922089517,24206.957476968775,6323.181769939539],[11115.12377356754,10002.747139924972,14839.746524452647,4109.10370884275,15494.957784697315,19022.21489937654,2125.2255254784836,18290.786096043914,0.0,5526.789190983526,16955.62422740026,26399.25201099983,27747.389470254344,11857.60167624592,10988.538770470172,10292.350927115902,13718.871871940508,21295.9756337715,6976.335745823019,20410.323363819953,16400.823621884734,15662.98558944441,9649.91622082655,11366.281623657133,15288.373778243624,21113.587371908285,6121.123112171131,4565.469863423018,11059.911294452555,10764.870640716012,25467.572528999426,8488.78629046461,10466.095772278288,9767.626478354341,6383.491256886792,7063.5877133047625,14120.930634882678,26878.15411921418,14020.12445120038,8138.918210024001,8334.93321238954,25730.64897657735,17651.474383357137,22005.350972592598,20975.23739467709,8511.439717434921,3223.143152433884,9291.185439841514,24376.790706336447,20168.007974072938,12007.474581491506],[13626.09267242521,15519.742998953996,10803.628412921813,9407.855366897817,21005.381987798304,22785.922640120632,6953.3357197236255,23635.052857908817,5526.789190983526,0.0,16316.617260064833,30228.388500077537,30885.317567623868,7057.983119298962,5900.440178895165,15606.11120225547,11438.715887200387,21925.166803651526,3503.1467662638565,19511.924457002428,20542.625590427906,18480.1064598205,4516.140892200109,10573.50609537489,20390.11233544662,22746.944080639878,11487.023380567625,5523.688288680294,6174.6234810265605,10577.515281722995,25605.903819408737,2968.657079927426,15667.167446224372,10586.43563439196,1650.7364462843013,11747.241180807383,16577.19591546396,30945.8592550321,19437.209994632194,13129.716796780434,13192.041939571913,24011.363312525908,22048.246577439193,24741.02528232459,25775.610060377712,13818.264745534727,5401.397156009317,14150.644304172496,25883.252454344944,20472.246012627606,17420.02225640372],[9367.358992047255,22476.952586589916,10737.240698422116,16794.933352600405,26785.41639476097,16197.874440881491,18984.07748402086,24769.945137449686,16955.62422740026,16316.617260064833,0.0,21912.94566410468,20113.250467326438,21710.786413543057,14419.68432208127,19257.75961234478,6070.1079474784865,6648.695021205806,19805.2920017419,3472.2213015790267,16316.683142439275,10776.809207071365,19280.939972827597,5799.205681738078,20707.411854206246,9528.172824664587,17718.04413742797,12456.862904043073,13715.751944976735,6193.845323419979,9438.394517172994,16492.07089989863,25043.271583639547,7446.089816985625,14866.820831150182,15187.26784340607,9173.176967197756,23420.68146300604,26803.95426009364,16555.216891766027,24114.098887268323,9250.599036153857,18249.440020981827,14037.293465310917,22737.21712536047,18331.8445132958,19673.985128388293,16361.220433991279,11697.39937837909,4872.213583215361,21108.615784676294],[16959.832024899722,22155.606262916455,31277.7585488299,22743.948244360745,21753.247996907157,7445.776984784454,27058.181458395105,15037.594768420902,26399.25201099983,30228.388500077537,21912.94566410468,0.0,4750.306982397062,37279.6024406832,32345.637069013017,18302.515521081325,26436.94401463748,17184.127855822917,33022.019823882816,22875.94460786725,10050.85409308402,12372.507880433624,34685.915562052774,23352.244284737706,13903.245514022903,13143.76776975304,21402.016094127568,24749.020018361458,31843.6860446409,22349.6370340133,19640.353532946767,32326.14308240514,25703.481100907098,20999.894061595252,29758.58447455684,19425.133004589716,14487.210884436208,1860.928476073948,23809.323383059764,18797.34852923927,27247.168566286018,27536.839211578117,9238.791769874171,8048.812986402664,8843.197320936752,19451.700206620335,29441.679307286624,17564.693134253524,13295.674221763567,18499.434778940482,18158.969114875705],[17262.651490631575,25072.947896838163,30262.557878067153,24482.174663823498,25459.980954758823,9173.999369472187,28727.632418754893,19076.960490190024,27747.389470254344,30885.317567623868,20113.250467326438,4750.306982397062,0.0,37825.4146979428,32148.2924500702,20970.75408040121,25333.519034687935,14445.256354207626,33957.630878362026,20396.619113086654,12257.316749440412,12407.62037911035,35192.06128910552,22686.48554156967,17248.611133685157,10668.175823814618,23464.52754770235,25366.873485093853,31575.778095802958,21853.56369128192,16062.806407110193,32645.32838107005,28676.531567265753,20850.30336394102,30175.145009442753,21116.542764110643,14378.863858056233,6489.04061263129,27297.559000243105,20839.695526148826,29866.23351679715,24387.648070161507,12145.5068884763,6375.8668121288065,13045.79103220182,21823.529844748304,30919.846862320985,19650.184404411888,9795.055101588227,16014.618270848843,21220.30109605369],[20572.17630765501,21283.81664402628,13088.53286079854,15962.42194854284,26590.567017420366,29839.55513953285,12481.531369902603,30116.543819247756,11857.60167624592,7057.983119298962,21710.786413543057,37279.6024406832,37825.4146979428,0.0,7612.969889660152,22144.834426855254,15952.362511398036,27900.86161483128,5025.579300812908,24499.79790301892,27591.426768656926,25422.4022569361,2636.7096499654967,16395.698322017102,27128.93420431637,29230.48482504675,17972.702223295008,12540.390599807366,8322.887447760248,16741.352104341342,31147.997751269577,5346.971489992575,20510.635872315845,17185.053381222682,7659.674644021727,18644.635183376842,23460.77376571446,38003.680587078816,24639.935368932143,19914.005215869776,17679.173699822448,27979.37348685743,29069.098471702033,31607.634755716834,32692.47272787444,20367.49745583296,10017.347301807371,21004.18778561324,32250.46835442346,26297.025271237995,23804.999628141577],[15413.310088261931,20872.28993702277,5665.105880275416,14318.771163830583,26357.80232089188,25096.240273006028,12709.005491465621,28129.473012600218,10988.538770470172,5900.440178895165,14419.68432208127,32345.637069013017,32148.2924500702,7612.969889660152,0.0,20227.56722951643,8466.998302659224,20861.238423624476,7959.889453560064,17004.725598088786,23406.910832175654,20022.884505183378,5658.562589818672,9647.345254985921,24516.540731737314,22701.907559733045,16359.91294126086,8711.22478831574,718.5995189769875,10323.671838596036,23799.917612979654,3527.7892675147004,21403.646023495883,11372.44961801203,4623.558921012277,15831.75505071638,17927.5499254742,33346.69774680882,25000.33514763137,17425.459812996483,19033.2521521254,20375.06004330431,25153.036616293917,25785.830678627743,29303.286886006383,18494.940410348736,11299.340956368967,18226.889711063268,25521.570491161787,19172.36149242741,22184.64757914171],[9969.95327001652,4229.710850147413,22396.071540591198,6214.7200915991925,7529.424792190121,11830.465362287614,9967.66756322993,8028.975809030423,10292.350927115902,15606.11120225547,19257.75961234478,18302.515521081325,20970.75408040121,22144.834426855254,20227.56722951643,0.0,19246.99664187967,20425.042122003128,17205.307393085954,22432.30068805634,8726.051308107695,11635.418531418829,19921.298602078074,15686.081125998091,5198.329106167784,18305.664727096846,4172.230104584809,11595.325780760148,20070.00712838601,14515.279094560214,24882.1565143263,18457.145382808187,7799.517765384169,12580.741463085902,16012.077694518366,4662.75666985919,11515.93748242979,18278.595980403217,7818.604914933603,2996.0951051267302,8956.153724849088,28425.35174966612,9069.355970368706,16711.269423346126,11227.74743218852,1788.9851591638617,12573.696430574857,2896.6796733311558,21302.632495807673,20117.266282263405,2036.6685567316638],[10818.68114155844,21529.088497363307,4930.848459053638,15000.056674337178,26547.82183751524,19831.65744509942,15843.825162975376,26130.852400924163,13718.871871940508,11438.715887200387,6070.1079474784865,26436.94401463748,25333.519034687935,15952.362511398036,8466.998302659224,19246.99664187967,0.0,12682.264044838952,14763.721338253989,8551.60828779376,19054.305825579355,14281.395256215115,13664.688577564537,3677.947180796172,22099.426990931217,15115.092140056295,16520.206881849306,9278.08817186339,7751.557486992997,4906.858720719509,15350.066367780935,10945.128333862469,23365.586346847896,6861.468102155831,9829.70343225409,14636.319857824667,12238.242932123801,27741.04011202145,25975.93013196562,16266.85963841425,21797.960777619526,12572.929500747236,20993.633470111443,19017.03519031888,25494.6903811434,17879.225534853827,15801.791116268418,16528.600812126406,17611.235950311446,10927.088148703564,21266.7944678462],[11015.13815275125,24314.47196176902,17381.66818242351,19949.52860276993,27605.215902975957,13270.880496910402,23095.53801390382,23940.194610234197,21295.9756337715,21925.166803651526,6648.695021205806,17184.127855822917,14445.256354207626,27900.86161483128,20861.238423624476,20425.042122003128,12682.264044838952,0.0,25416.39409792528,5978.558408482432,14636.360319773277,9230.31985986552,25373.995578579965,11516.984279804916,20172.088087233693,4053.148060666994,20229.25046313753,17210.57143992788,20174.18090384338,11349.00561989783,4472.537404099703,22581.957352771118,27437.101948506373,11646.248261852095,20649.008140526817,17415.74848888277,8909.106629252785,18905.83100686708,28242.72644993607,18331.1159093622,27174.124581109318,10431.107794095471,16302.589303088816,9178.614992622053,20352.526441412323,20052.715698980915,24348.225765346,17701.487564494524,5173.498545764892,1795.3446223344636,21914.98986799762],[16769.44592764048,16260.80584480733,13462.55276942838,11077.458288608346,21588.947286358416,25584.32874574229,7457.019863518054,25138.757777865147,6976.335745823019,3503.1467662638565,19805.2920017419,33022.019823882816,33957.630878362026,5025.579300812908,7959.889453560064,17205.307393085954,14763.721338253989,25416.39409792528,0.0,22968.949430074816,23143.17149136741,21594.122674334718,3449.456661806239,14074.658584972896,22256.054408064367,26142.4552691279,13040.989986353728,8684.580547198519,8467.197759298751,14072.792232083417,29108.527360556076,4433.76144318513,15612.873485369542,13998.378105367041,4970.8048619337,13953.152599797992,19771.128758796913,33620.12922748772,19690.34818469022,15109.892380259962,12840.062660016805,27317.459132663163,24505.705510478165,27914.80218966358,27941.82164016688,15440.835433546383,5010.048348772174,16245.894990208406,29305.864253420004,23973.10963005826,18819.081438457597],[12466.028586483875,25795.786523313043,12545.980393215188,20241.491454833566,29937.22430129294,18009.191477419143,22448.053601596806,27475.260466924876,20410.323363819953,19511.924457002428,3472.2213015790267,22875.94460786725,20396.619113086654,24499.79790301892,17004.725598088786,22432.30068805634,8551.60828779376,5978.558408482432,22968.949430074816,0.0,18626.348098271385,12955.385812758306,22173.5303521333,9153.493992507392,23464.262720822117,9809.468016582618,21105.551915646334,15892.690710076691,16287.031800374882,9645.657863803439,7040.956521742742,19418.345939483384,28446.182909540352,10909.032113192661,18001.332180449215,18516.22729620018,11708.979254980024,24523.936598491204,30076.119278011112,19821.866314187937,27570.77731010709,6004.749010777845,20495.64372068545,14828.834208691687,24870.587765563323,21604.815298677466,23084.230384024704,19541.331802860645,11062.700115970352,4403.689905890099,24221.164154593804],[8332.750435629254,12881.465302106755,23474.629737680694,12693.226825235548,14165.458693014896,3105.698517817769,17007.515117867424,9354.636730856702,16400.823621884734,20542.625590427906,16316.683142439275,10050.85409308402,12257.316749440412,27591.426768656926,23406.910832175654,8726.051308107695,19054.305825579355,14636.360319773277,23143.17149136741,18626.348098271385,0.0,5674.063146517453,25050.923318401554,15497.750533245056,5927.61711136727,11389.771517817591,11395.377615995765,15203.889058871582,23000.34398730028,14317.068571017171,18731.167111038038,22871.64883380426,16484.879453409278,12567.527905710866,20267.681664204152,9384.259952209422,7165.874428317288,10484.330468078539,15574.496660222829,8773.605574658888,17610.49786362622,24404.852679389445,1957.075548383981,8387.819929362626,6487.118083903556,9593.575939689406,19404.465849129418,7547.05535164674,13836.348217297613,15034.476264687324,9187.009240640618],[4855.120204447849,15760.737117238908,19016.81570540306,12932.571379065954,18502.569909683054,5575.414387365398,16922.559923799592,14779.430462776605,15662.98558944441,18480.1064598205,10776.809207071365,12372.507880433624,12407.62037911035,25422.4022569361,20022.884505183378,11635.418531418829,14281.395256215115,9230.31985986552,21594.122674334718,12955.385812758306,5674.063146517453,0.0,22790.9110087969,11021.782738527001,10947.0712665431,6670.520194160402,12492.322607708242,12966.152992459793,19501.20726430453,9986.118304213469,13545.937256304978,20273.767857182593,19153.488139000758,8652.22086491034,17779.39618320297,9748.29923477907,2114.897168084113,13531.058619976398,19359.55498932727,10122.277098956398,19471.866344654947,18739.671000699684,7545.70284011047,6356.534879929575,11980.58581630693,11648.449458098934,18882.446000821998,9208.521847147706,9716.326607153005,9431.051457204165,12901.72535933158],[17942.68374452303,19390.379461113782,11316.415034576747,13708.221197360206,24796.804356044293,27251.188804394307,10565.595575668638,27935.45137630098,9649.91622082655,4516.140892200109,19280.939972827597,34685.915562052774,35192.06128910552,2636.7096499654967,5658.562589818672,19921.298602078074,13664.688577564537,25373.995578579965,3449.456661806239,22173.5303521333,25050.923318401554,22790.9110087969,0.0,13857.44612753598,24812.508051769702,26622.794304572475,15758.98106139985,9937.319716831127,6317.977759329059,14155.254502928672,28716.274794460373,2796.380456475672,18971.704006064367,14555.362069564284,5023.0040960137385,16228.679043527034,20825.163488909366,35435.1733227026,22991.88735092808,17563.46393915817,16239.780319644211,25931.847346162336,26564.31210522241,28971.01399733134,30271.886075620216,18134.04643257408,8302.649622294075,18616.907149071358,29661.37130537771,23795.73831461374,21657.257117096648],[7197.695847325728,18202.989712983068,8031.025450750765,11894.019805685291,23071.56328871919,16483.606778727077,13452.232925332755,22456.912951877996,11366.281623657133,10573.50609537489,5799.205681738078,23352.244284737706,22686.48554156967,16395.698322017102,9647.345254985921,15686.081125998091,3677.947180796172,11516.984279804916,14074.658584972896,9153.493992507392,15497.750533245056,11021.782738527001,13857.44612753598,0.0,18422.094889556665,13057.641379879356,13219.712253647225,6805.493863069772,9015.202719005174,1229.03124087063,15036.18388765297,11066.937474720498,20302.341210792965,3188.484785615291,9192.113163609374,11133.911431865141,8921.414951420747,24552.669800908556,22643.787449645344,12730.340529263896,19001.02984974652,14372.84980505135,17421.507221697764,16311.221666478346,21899.30368223355,14393.302264115922,13938.62307761505,12920.029324502118,15933.980955827432,9965.017301006781,17690.821613362],[11548.577679215332,8392.830628039988,25891.675596268877,11180.227139997989,8346.008056873467,8687.279411401947,15134.83618430055,4081.713036503129,15288.373778243624,20390.11233544662,20707.411854206246,13903.245514022903,17248.611133685157,27128.93420431637,24516.540731737314,5198.329106167784,22099.426990931217,20172.088087233693,22256.054408064367,23464.262720822117,5927.61711136727,10947.0712665431,24812.508051769702,18422.094889556665,0.0,17201.41831778973,9247.909788505325,15811.462852351422,24265.65390940824,17193.924106246097,24423.937320238794,23130.414910135252,11855.11414889294,15239.699908136468,20593.520014396843,8730.049875922326,11771.491085716754,13586.258979511733,10048.981686076402,7260.66355675765,13673.664726608215,29413.657148010458,5176.540954352268,14256.564342607686,6086.198975086736,6865.519121296718,17734.790712514852,6308.16016217973,19753.452417148255,20324.527505467315,4369.387899023398],[10078.825357646982,22416.131795243702,20015.89242191225,19030.299371345733,25075.687354472102,9571.046941743194,22676.28967370353,20736.71054973736,21113.587371908285,22746.944080639878,9528.172824664587,13143.76776975304,10668.175823814618,29230.48482504675,22701.907559733045,18305.664727096846,15115.092140056295,4053.148060666994,26142.4552691279,9809.468016582618,11389.771517817591,6670.520194160402,26622.794304572475,13057.641379879356,17201.41831778973,0.0,18894.795347359715,17547.04072097814,22059.7937693617,12518.253480921165,7432.634229272599,23889.281050427988,25767.973520373478,12160.611735915814,21681.079604826504,16080.031653053693,7266.4385914716195,14855.048456632489,26018.133625018658,16667.115567603938,25918.851169963822,14473.46502513275,12861.652650057604,5125.5011370978145,16648.579793189016,18261.142820882058,24301.275248511873,15826.863508001245,3268.998160680435,5405.872787986774,19541.16796438788],[9216.722291693455,5009.046479669167,19071.64107115523,2083.0773819179376,10226.39776676984,14346.839721854692,5924.266735208677,12176.828227514365,6121.123112171131,11487.023380567625,17718.04413742797,21402.016094127568,23464.52754770235,17972.702223295008,16359.91294126086,4172.230104584809,16520.206881849306,20229.25046313753,13040.989986353728,21105.551915646334,11395.377615995765,12492.322607708242,15758.98106139985,13219.712253647225,9247.909788505325,18894.795347359715,0.0,7969.817849444881,16266.355779966818,12175.923844740442,24678.133450893216,14377.235398570123,7349.676699224532,10421.651756374471,11998.034102325215,2830.020021815126,11651.556623549615,21625.844231896604,9455.74474586151,2630.249074023599,7025.133963692835,26961.857010830954,12273.218706344418,18413.91058760153,15114.632964086692,2399.884217207177,8505.74249328872,3848.552187785012,22094.921120228104,19564.02717768079,5933.732440380001],[8117.087050975774,12835.23192952052,11142.249362385868,6098.423025425512,18187.004251406834,17317.31550636394,6668.5992990012965,19429.463892270185,4565.469863423018,5523.688288680294,12456.862904043073,24749.020018361458,25366.873485093853,12540.390599807366,8711.22478831574,11595.325780760148,9278.08817186339,17210.57143992788,8684.580547198519,15892.690710076691,15203.889058871582,12966.152992459793,9937.319716831127,6805.493863069772,15811.462852351422,17547.04072097814,7969.817849444881,0.0,8498.45406848199,6267.961325909667,21223.69015099074,7668.266195822571,14223.29661841311,5566.265606959014,5063.798307972862,7122.680482250494,11096.867305414575,25519.801281586268,17207.52545856278,8732.109592965888,12524.763226852645,21165.284711766148,16811.470263494786,19253.614569246067,20771.074238217367,9911.08394271671,7246.081585081486,9516.112385748547,20754.135530018866,15946.246818265467,13591.060059707244],[14939.262918528453,20859.78131571114,5048.124665813796,14246.888733827507,26332.530742268813,24627.417442515252,12851.94718764912,27926.881930365114,11059.911294452555,6174.6234810265605,13715.751944976735,31843.6860446409,31575.778095802958,8322.887447760248,718.5995189769875,20070.00712838601,7751.557486992997,20174.18090384338,8467.197759298751,16287.031800374882,23000.34398730028,19501.20726430453,6317.977759329059,9015.202719005174,24265.65390940824,22059.7937693617,16266.355779966818,8498.45406848199,0.0,9730.752523615849,23088.65330694614,4042.3454407584472,21511.64861330175,10849.717780055944,4773.794067552088,15616.915472022367,17399.059481093213,32869.93427991739,25037.82314724545,17230.314544398014,19201.42188493422,19674.18682365591,24767.951713548166,25207.799246109254,28958.787433783058,18354.785978990345,11569.35560390443,17994.811812812284,24858.345818956757,18479.191303828717,22044.776689459533],[5998.240069327943,17133.559777877043,9169.862285737883,10948.531574530061,21932.062413905638,15388.933846116717,12807.048853946877,21230.75408721877,10764.870640716012,10577.515281722995,6193.845323419979,22349.6370340133,21853.56369128192,16741.352104341342,10323.671838596036,14515.279094560214,4906.858720719509,11349.00561989783,14072.792232083417,9645.657863803439,14317.068571017171,9986.118304213469,14155.254502928672,1229.03124087063,17193.924106246097,12518.253480921165,12175.923844740442,6267.961325909667,9730.752523615849,0.0,15110.755332688894,11394.42633750932,19339.049622930288,1967.960476535011,9318.642899272183,9999.581052203786,7873.629691828209,23508.30555950515,21564.973476324933,11575.176543197378,18151.176046169752,15111.34350282581,16232.981777586216,15481.463417248768,20699.72799469417,13259.401853426985,13502.05873520622,11728.739531878822,15509.199149046524,9910.744700335325,16511.466785232464],[15461.47737191745,28786.4568235257,19574.306499478957,24336.641118966265,32010.44050949964,17000.303798227502,27334.584043427607,28083.891817589814,25467.572528999426,25605.903819408737,9438.394517172994,19640.353532946767,16062.806407110193,31147.997751269577,23799.917612979654,24882.1565143263,15350.066367780935,4472.537404099703,29108.527360556076,7040.956521742742,18731.167111038038,13545.937256304978,28716.274794460373,15036.18388765297,24423.937320238794,7432.634229272599,24678.133450893216,21223.69015099074,23088.65330694614,15110.755332688894,0.0,25925.028193946604,31904.303160028427,15716.264947963746,24219.10427323459,21871.40682146781,13368.988057897452,21465.476293822452,32697.219576699106,22802.997850780146,31598.273030135737,8586.280857068406,20273.079731441678,12109.37239420093,24066.688281405535,24525.20330167905,28441.126826913012,22171.19374993644,6355.030039166848,5299.732184758991,26341.59860208555],[15453.072399189927,18486.850204548547,9070.104183461619,12294.166806872809,23973.664716048275,24922.2277492706,9891.337381423695,26478.45704800692,8488.78629046461,2968.657079927426,16492.07089989863,32326.14308240514,32645.32838107005,5346.971489992575,3527.7892675147004,18457.145382808187,10945.128333862469,22581.957352771118,4433.76144318513,19418.345939483384,22871.64883380426,20273.767857182593,2796.380456475672,11066.937474720498,23130.414910135252,23889.281050427988,14377.235398570123,7668.266195822571,4042.3454407584472,11394.42633750932,25925.028193946604,0.0,18587.848442894658,11890.587542426174,2606.334957520718,14421.199533986837,18266.55790184569,33152.95837130816,22396.340014317844,15880.789821177554,16050.152455046225,23331.53094908667,24471.558364577177,26378.073681823516,28355.06593901629,16674.868618438297,8117.473660276299,16843.657525148064,26903.501708614633,20999.85685291156,20308.625829415487],[16474.575260147492,3605.352941939915,25196.482766783694,8409.31572759721,6588.105029820123,19589.167022413967,8717.588465212228,12491.895253655159,10466.095772278288,15667.167446224372,25043.271583639547,25703.481100907098,28676.531567265753,20510.635872315845,21403.646023495883,7799.517765384169,23365.586346847896,27437.101948506373,15612.873485369542,28446.182909540352,16484.879453409278,19153.488139000758,18971.704006064367,20302.341210792965,11855.11414889294,25767.973520373478,7349.676699224532,14223.29661841311,21511.64861330175,19339.049622930288,31904.303160028427,18587.848442894658,0.0,17679.598516813254,16780.08934567728,10068.93974047514,18665.72847697473,25441.352872181058,4231.99961088082,9137.087084621204,2909.452909736041,34274.52135872785,16601.472398696777,24496.846244458397,17732.945348825855,7508.214076325086,10673.639847443901,9946.638060195752,28869.7863684291,26857.004024920734,7544.641245157071],[4245.737648673165,15325.603177739133,10930.129868657532,9362.423019016273,20028.254172785353,13860.103888497375,11700.237279976245,19269.672750263133,9767.626478354341,10586.43563439196,7446.089816985625,20999.894061595252,20850.30336394102,17185.053381222682,11372.44961801203,12580.741463085902,6861.468102155831,11646.248261852095,13998.378105367041,10909.032113192661,12567.527905710866,8652.22086491034,14555.362069564284,3188.484785615291,15239.699908136468,12160.611735915814,10421.651756374471,5566.265606959014,10849.717780055944,1967.960476535011,15716.264947963746,11890.587542426174,17679.598516813254,0.0,9560.684108463738,8118.709476258216,6555.290613108921,22065.487599872205,19737.68738348924,9662.237240863677,16668.876923998607,16613.722191494406,14455.580343084232,14528.110254335726,18882.880815206212,11370.953741902906,12730.552282978917,9775.329673677907,15307.637790794239,10421.509879569498,14567.120531342407],[12938.0058916108,16333.908247296955,9206.247628681898,9922.688317235623,21828.653282516065,22343.492687911144,8090.542513271716,24011.667690749775,6383.491256886792,1650.7364462843013,14866.820831150182,29758.58447455684,30175.145009442753,7659.674644021727,4623.558921012277,16012.077694518366,9829.70343225409,20649.008140526817,4970.8048619337,18001.332180449215,20267.681664204152,17779.39618320297,5023.0040960137385,9192.113163609374,20593.520014396843,21681.079604826504,11998.034102325215,5063.798307972862,4773.794067552088,9318.642899272183,24219.10427323459,2606.334957520718,16780.08934567728,9560.684108463738,0.0,11869.056109818242,15804.053994469252,30565.207822611104,20403.60037219342,13362.74777564197,14430.569063996016,22400.898450596946,21865.305881703374,23948.020318393046,25761.96769916597,14241.36111451573,6863.051307525138,14293.725911832998,24765.011778616605,19145.720039595766,17905.778344969833],[6414.957022137528,7289.713979778197,17741.487147941883,3367.447311494185,11937.656194486462,12141.83539965187,7656.5057344008455,12311.17310216976,7063.5877133047625,11747.241180807383,15187.26784340607,19425.133004589716,21116.542764110643,18644.635183376842,15831.75505071638,4662.75666985919,14636.319857824667,17415.74848888277,13953.152599797992,18516.22729620018,9384.259952209422,9748.29923477907,16228.679043527034,11133.911431865141,8730.049875922326,16080.031653053693,2830.020021815126,7122.680482250494,15616.915472022367,9999.581052203786,21871.40682146781,14421.199533986837,10068.93974047514,8118.709476258216,11869.056109818242,0.0,8827.541012412796,19837.3247246776,11649.041009416687,1671.9090414434713,9849.438265652985,24435.28473801224,10587.896623780794,15808.846462163157,14049.443808351178,3260.2513733387646,10020.205924439197,2424.7078368832813,19291.63188072594,16789.834004030192,6699.406672611747],[3031.6845078138786,15444.954802504939,16931.506274786767,11776.804456550743,18755.315590000766,7594.9751060848475,15542.528768107837,15766.84919744565,14120.930634882678,16577.19591546396,9173.176967197756,14487.210884436208,14378.863858056233,23460.77376571446,17927.5499254742,11515.93748242979,12238.242932123801,8909.106629252785,19771.128758796913,11708.979254980024,7165.874428317288,2114.897168084113,20825.163488909366,8921.414951420747,11771.491085716754,7266.4385914716195,11651.556623549615,11096.867305414575,17399.059481093213,7873.629691828209,13368.988057897452,18266.55790184569,18665.72847697473,6555.290613108921,15804.053994469252,8827.541012412796,0.0,15637.186455434648,19333.751211896033,9528.662752888053,18675.933661670926,17642.530398337665,9114.02981251223,8163.8758762884345,13632.3075692173,11204.065648102318,17341.433079305985,8816.950754577305,10506.642795865482,8704.164965235772,13037.683535102167],[17933.68112820773,21954.018296902635,32533.653815460613,23094.983124567156,21097.059427217908,8257.591814583873,27399.487806747155,14222.933352446717,26878.15411921418,30945.8592550321,23420.68146300604,1860.928476073948,6489.04061263129,38003.680587078816,33346.69774680882,18278.595980403217,27741.04011202145,18905.83100686708,33620.12922748772,24523.936598491204,10484.330468078539,13531.058619976398,35435.1733227026,24552.669800908556,13586.258979511733,14855.048456632489,21625.844231896604,25519.801281586268,32869.93427991739,23508.30555950515,21465.476293822452,33152.95837130816,25441.352872181058,22065.487599872205,30565.207822611104,19837.3247246776,15637.186455434648,0.0,23272.272936291687,19065.470702791354,27154.342172655335,29291.50832119428,9352.673085828894,9733.819573200197,8039.756769666255,19557.095607788782,29845.86506197541,17833.40641594326,15129.293226350837,20170.049358665972,17928.447828076944],[17677.211891153944,4447.456923646416,28344.181698100085,11117.146464887064,2605.146693712486,18570.627965431875,12523.556451151779,9402.379596540035,14020.12445120038,19437.209994632194,26803.95426009364,23809.323383059764,27297.559000243105,24639.935368932143,25000.33514763137,7818.604914933603,25975.93013196562,28242.72644993607,19690.34818469022,30076.119278011112,15574.496660222829,19359.55498932727,22991.88735092808,22643.787449645344,10048.981686076402,26018.133625018658,9455.74474586151,17207.52545856278,25037.82314724545,21564.973476324933,32697.219576699106,22396.340014317844,4231.99961088082,19737.68738348924,20403.60037219342,11649.041009416687,19333.751211896033,23272.272936291687,0.0,10255.460561213107,7140.8163259